﻿confirmedCount,confirmedIncr,curedCount,curedIncr,currentConfirmedCount,currentConfirmedIncr,dateId,deadCount,deadIncr,suspectedCount,suspectedCountIncr,countryFullName,countryName
1,1,0,0,1,1,20200226,0,0,0,0,Algeria,阿尔及利亚
1,0,0,0,1,0,20200227,0,0,0,0,Algeria,阿尔及利亚
1,0,0,0,1,0,20200228,0,0,0,0,Algeria,阿尔及利亚
1,0,0,0,1,0,20200229,0,0,0,0,Algeria,阿尔及利亚
1,0,0,0,1,0,20200301,0,0,0,0,Algeria,阿尔及利亚
1,0,0,0,1,0,20200302,0,0,0,0,Algeria,阿尔及利亚
5,4,0,0,5,4,20200303,0,0,0,0,Algeria,阿尔及利亚
5,0,0,0,5,0,20200304,0,0,0,0,Algeria,阿尔及利亚
12,7,0,0,12,7,20200305,0,0,0,0,Algeria,阿尔及利亚
12,0,0,0,12,0,20200306,0,0,0,0,Algeria,阿尔及利亚
17,5,0,0,17,5,20200307,0,0,0,0,Algeria,阿尔及利亚
17,0,0,0,17,0,20200308,0,0,0,0,Algeria,阿尔及利亚
20,3,0,0,20,3,20200309,0,0,0,0,Algeria,阿尔及利亚
20,0,0,0,20,0,20200310,0,0,0,0,Algeria,阿尔及利亚
20,0,0,0,20,0,20200311,0,0,0,0,Algeria,阿尔及利亚
25,5,0,0,24,4,20200312,1,1,0,0,Algeria,阿尔及利亚
25,0,0,0,24,0,20200313,1,0,0,0,Algeria,阿尔及利亚
26,1,0,0,24,0,20200314,2,1,0,0,Algeria,阿尔及利亚
37,11,10,10,24,0,20200315,3,1,0,0,Algeria,阿尔及利亚
49,12,10,0,36,12,20200316,3,0,0,0,Algeria,阿尔及利亚
60,11,10,0,46,10,20200317,4,1,0,0,Algeria,阿尔及利亚
60,0,10,0,46,0,20200318,4,0,0,0,Algeria,阿尔及利亚
90,30,12,2,73,27,20200319,5,1,0,0,Algeria,阿尔及利亚
90,0,12,0,71,-2,20200320,7,2,0,0,Algeria,阿尔及利亚
139,49,12,0,112,41,20200321,15,8,0,0,Algeria,阿尔及利亚
201,62,12,0,172,60,20200322,17,2,0,0,Algeria,阿尔及利亚
230,29,12,0,201,29,20200323,17,0,0,0,Algeria,阿尔及利亚
264,34,12,0,233,32,20200324,19,2,0,0,Algeria,阿尔及利亚
302,38,12,0,269,36,20200325,21,2,0,0,Algeria,阿尔及利亚
367,65,12,0,330,61,20200326,25,4,0,0,Algeria,阿尔及利亚
409,42,12,0,371,41,20200327,26,1,0,0,Algeria,阿尔及利亚
409,0,29,17,354,-17,20200328,26,0,0,0,Algeria,阿尔及利亚
511,102,29,0,451,97,20200329,31,5,0,0,Algeria,阿尔及利亚
584,73,37,8,512,61,20200330,35,4,0,0,Algeria,阿尔及利亚
716,132,46,9,626,114,20200331,44,9,0,0,Algeria,阿尔及利亚
847,131,58,12,731,105,20200401,58,14,0,0,Algeria,阿尔及利亚
986,139,58,0,845,114,20200402,83,25,0,0,Algeria,阿尔及利亚
1171,185,62,4,1004,159,20200403,105,22,0,0,Algeria,阿尔及利亚
1251,80,62,0,1059,55,20200404,130,25,0,0,Algeria,阿尔及利亚
1251,0,62,0,1059,0,20200405,130,0,0,0,Algeria,阿尔及利亚
1251,0,62,0,1059,0,20200406,130,0,0,0,Algeria,阿尔及利亚
1423,172,113,51,1137,78,20200407,173,43,0,0,Algeria,阿尔及利亚
1572,149,237,124,1130,-7,20200408,205,32,0,0,Algeria,阿尔及利亚
1572,0,237,0,1130,0,20200409,205,0,0,0,Algeria,阿尔及利亚
1761,189,237,0,1268,138,20200410,256,51,0,0,Algeria,阿尔及利亚
1825,64,460,223,1090,-178,20200411,275,19,0,0,Algeria,阿尔及利亚
1914,89,591,131,1030,-60,20200412,293,18,0,0,Algeria,阿尔及利亚
1914,0,591,0,1030,0,20200413,293,0,0,0,Algeria,阿尔及利亚
2070,156,691,100,1053,23,20200414,326,33,0,0,Algeria,阿尔及利亚
2160,90,708,17,1116,63,20200415,336,10,0,0,Algeria,阿尔及利亚
2268,108,783,75,1137,21,20200416,348,12,0,0,Algeria,阿尔及利亚
2418,150,846,63,1208,71,20200417,364,16,0,0,Algeria,阿尔及利亚
2534,116,894,48,1273,65,20200418,367,3,0,0,Algeria,阿尔及利亚
2629,95,1047,153,1207,-66,20200419,375,8,0,0,Algeria,阿尔及利亚
2718,89,1099,52,1235,28,20200420,384,9,0,0,Algeria,阿尔及利亚
2811,93,1099,0,1320,85,20200421,392,8,0,0,Algeria,阿尔及利亚
2910,99,1099,0,1409,89,20200422,402,10,0,0,Algeria,阿尔及利亚
2910,0,1099,0,1409,0,20200423,402,0,0,0,Algeria,阿尔及利亚
3127,217,1408,309,1304,-105,20200424,415,13,0,0,Algeria,阿尔及利亚
3256,129,1479,71,1358,54,20200425,419,4,0,0,Algeria,阿尔及利亚
3382,126,1508,29,1449,91,20200426,425,6,0,0,Algeria,阿尔及利亚
3517,135,1558,50,1527,78,20200427,432,7,0,0,Algeria,阿尔及利亚
3649,132,1651,93,1561,34,20200428,437,5,0,0,Algeria,阿尔及利亚
3848,199,1702,51,1702,141,20200429,444,7,0,0,Algeria,阿尔及利亚
4006,158,1779,77,1777,75,20200430,450,6,0,0,Algeria,阿尔及利亚
4154,148,1821,42,1880,103,20200501,453,3,0,0,Algeria,阿尔及利亚
4295,141,1872,51,1964,84,20200502,459,6,0,0,Algeria,阿尔及利亚
4474,179,1936,64,2075,111,20200503,463,4,0,0,Algeria,阿尔及利亚
4648,174,1998,62,2185,110,20200504,465,2,0,0,Algeria,阿尔及利亚
4648,0,1998,0,2185,0,20200505,465,0,0,0,Algeria,阿尔及利亚
4997,349,2197,199,2324,139,20200506,476,11,0,0,Algeria,阿尔及利亚
5182,185,2323,126,2376,52,20200507,483,7,0,0,Algeria,阿尔及利亚
5369,187,2467,144,2414,38,20200508,488,5,0,0,Algeria,阿尔及利亚
5558,189,2546,79,2518,104,20200509,494,6,0,0,Algeria,阿尔及利亚
5723,165,2678,132,2543,25,20200510,502,8,0,0,Algeria,阿尔及利亚
5891,168,2841,163,2543,0,20200511,507,5,0,0,Algeria,阿尔及利亚
6067,176,2998,157,2554,11,20200512,515,8,0,0,Algeria,阿尔及利亚
6253,186,3058,60,2673,119,20200513,522,7,0,0,Algeria,阿尔及利亚
6442,189,3158,100,2755,82,20200514,529,7,0,0,Algeria,阿尔及利亚
6629,187,3271,113,2822,67,20200515,536,7,0,0,Algeria,阿尔及利亚
6821,192,3409,138,2870,48,20200516,542,6,0,0,Algeria,阿尔及利亚
7019,198,3507,98,2964,94,20200517,548,6,0,0,Algeria,阿尔及利亚
7201,182,3625,118,3021,57,20200518,555,7,0,0,Algeria,阿尔及利亚
7377,176,3746,121,3070,49,20200519,561,6,0,0,Algeria,阿尔及利亚
7542,165,3968,222,3006,-64,20200520,568,7,0,0,Algeria,阿尔及利亚
7728,186,4062,94,3091,85,20200521,575,7,0,0,Algeria,阿尔及利亚
7918,190,4256,194,3080,-11,20200522,582,7,0,0,Algeria,阿尔及利亚
7918,0,4256,0,3080,0,20200523,582,0,0,0,Algeria,阿尔及利亚
8113,195,4256,0,3265,185,20200524,592,10,0,0,Algeria,阿尔及利亚
8503,390,4747,491,3147,-118,20200525,609,17,0,0,Algeria,阿尔及利亚
8697,194,4918,171,3162,15,20200526,617,8,0,0,Algeria,阿尔及利亚
8857,160,5129,211,3105,-57,20200527,623,6,0,0,Algeria,阿尔及利亚
8997,140,5177,48,3190,85,20200528,630,7,0,0,Algeria,阿尔及利亚
9134,137,5422,245,3074,-116,20200529,638,8,0,0,Algeria,阿尔及利亚
9267,133,5547,125,3074,0,20200530,646,8,0,0,Algeria,阿尔及利亚
9394,127,5748,201,2993,-81,20200531,653,7,0,0,Algeria,阿尔及利亚
9394,0,5748,0,2993,0,20200601,653,0,0,0,Algeria,阿尔及利亚
9626,232,6067,319,2892,-101,20200602,667,14,0,0,Algeria,阿尔及利亚
9733,107,6218,151,2842,-50,20200603,673,6,0,0,Algeria,阿尔及利亚
9733,0,6218,0,2842,0,20200604,673,0,0,0,Algeria,阿尔及利亚
9935,202,6453,235,2792,-50,20200605,690,17,0,0,Algeria,阿尔及利亚
10050,115,6631,178,2721,-71,20200606,698,8,0,0,Algeria,阿尔及利亚
10050,0,6631,0,2721,0,20200607,698,0,0,0,Algeria,阿尔及利亚
10265,215,6799,168,2751,30,20200608,715,17,0,0,Algeria,阿尔及利亚
10382,117,6951,152,2707,-44,20200609,724,9,0,0,Algeria,阿尔及利亚
10484,102,7074,123,2678,-29,20200610,732,8,0,0,Algeria,阿尔及利亚
10589,105,7254,180,2594,-84,20200611,741,9,0,0,Algeria,阿尔及利亚
10698,109,7322,68,2625,31,20200612,751,10,0,0,Algeria,阿尔及利亚
10810,112,7420,98,2630,5,20200613,760,9,0,0,Algeria,阿尔及利亚
10919,109,7606,186,2546,-84,20200614,767,7,0,0,Algeria,阿尔及利亚
11031,112,7735,129,2519,-27,20200615,777,10,0,0,Algeria,阿尔及利亚
11147,116,7842,107,2517,-2,20200616,788,11,0,0,Algeria,阿尔及利亚
11268,121,7943,101,2526,9,20200617,799,11,0,0,Algeria,阿尔及利亚
11385,117,8078,135,2496,-30,20200618,811,12,0,0,Algeria,阿尔及利亚
11504,119,8196,118,2483,-13,20200619,825,14,0,0,Algeria,阿尔及利亚
11631,127,8324,128,2470,-13,20200620,837,12,0,0,Algeria,阿尔及利亚
11771,140,8422,98,2504,34,20200621,845,8,0,0,Algeria,阿尔及利亚
11920,149,8559,137,2509,5,20200622,852,7,0,0,Algeria,阿尔及利亚
12077,157,8674,115,2542,33,20200623,861,9,0,0,Algeria,阿尔及利亚
12248,171,8792,118,2587,45,20200624,869,8,0,0,Algeria,阿尔及利亚
12445,197,8920,128,2647,60,20200625,878,9,0,0,Algeria,阿尔及利亚
12685,240,9066,146,2734,87,20200626,885,7,0,0,Algeria,阿尔及利亚
12685,0,9066,0,2734,0,20200627,885,0,0,0,Algeria,阿尔及利亚
13273,588,9371,305,3005,271,20200628,897,12,0,0,Algeria,阿尔及利亚
13571,298,9674,303,2992,-13,20200629,905,8,0,0,Algeria,阿尔及利亚
13907,336,9897,223,3098,106,20200630,912,7,0,0,Algeria,阿尔及利亚
13907,0,9897,0,3098,0,20200701,912,0,0,0,Algeria,阿尔及利亚
14657,750,10342,445,3387,289,20200702,928,16,0,0,Algeria,阿尔及利亚
15070,413,10832,490,3301,-86,20200703,937,9,0,0,Algeria,阿尔及利亚
15500,430,11181,349,3373,72,20200704,946,9,0,0,Algeria,阿尔及利亚
15941,441,11492,311,3497,124,20200705,952,6,0,0,Algeria,阿尔及利亚
16404,463,11884,392,3561,64,20200706,959,7,0,0,Algeria,阿尔及利亚
16879,475,12094,210,3817,256,20200707,968,9,0,0,Algeria,阿尔及利亚
17348,469,12329,235,4041,224,20200708,978,10,0,0,Algeria,阿尔及利亚
