﻿confirmedCount,confirmedIncr,curedCount,curedIncr,currentConfirmedCount,currentConfirmedIncr,dateId,deadCount,deadIncr,suspectedCount,suspectedCountIncr,countryFullName,countryName
1,1,0,0,1,1,20200303,0,0,0,0,Andorra,安道尔
1,0,0,0,1,0,20200304,0,0,0,0,Andorra,安道尔
1,0,0,0,1,0,20200305,0,0,0,0,Andorra,安道尔
1,0,0,0,1,0,20200306,0,0,0,0,Andorra,安道尔
1,0,0,0,1,0,20200307,0,0,0,0,Andorra,安道尔
1,0,0,0,1,0,20200308,0,0,0,0,Andorra,安道尔
1,0,0,0,1,0,20200309,0,0,0,0,Andorra,安道尔
1,0,0,0,1,0,20200310,0,0,0,0,Andorra,安道尔
1,0,0,0,1,0,20200311,0,0,0,0,Andorra,安道尔
1,0,0,0,1,0,20200312,0,0,0,0,Andorra,安道尔
1,0,0,0,1,0,20200313,0,0,0,0,Andorra,安道尔
2,1,0,0,2,1,20200314,0,0,0,0,Andorra,安道尔
2,0,1,1,1,-1,20200315,0,0,0,0,Andorra,安道尔
2,0,1,0,1,0,20200316,0,0,0,0,Andorra,安道尔
14,12,1,0,13,12,20200317,0,0,0,0,Andorra,安道尔
16,2,1,0,15,2,20200318,0,0,0,0,Andorra,安道尔
75,59,1,0,74,59,20200319,0,0,0,0,Andorra,安道尔
75,0,1,0,74,0,20200320,0,0,0,0,Andorra,安道尔
88,13,1,0,87,13,20200321,0,0,0,0,Andorra,安道尔
114,26,1,0,112,25,20200322,1,1,0,0,Andorra,安道尔
133,19,1,0,131,19,20200323,1,0,0,0,Andorra,安道尔
164,31,1,0,162,31,20200324,1,0,0,0,Andorra,安道尔
188,24,1,0,186,24,20200325,1,0,0,0,Andorra,安道尔
220,32,1,0,216,30,20200326,3,2,0,0,Andorra,安道尔
263,43,1,0,259,43,20200327,3,0,0,0,Andorra,安道尔
308,45,5,4,300,41,20200328,3,0,0,0,Andorra,安道尔
334,26,6,1,322,22,20200329,6,3,0,0,Andorra,安道尔
370,36,10,4,352,30,20200330,8,2,0,0,Andorra,安道尔
376,6,10,0,354,2,20200331,12,4,0,0,Andorra,安道尔
390,14,11,1,365,11,20200401,14,2,0,0,Andorra,安道尔
428,38,14,3,399,34,20200402,15,1,0,0,Andorra,安道尔
439,11,16,2,407,8,20200403,16,1,0,0,Andorra,安道尔
466,27,21,5,428,21,20200404,17,1,0,0,Andorra,安道尔
501,35,26,5,457,29,20200405,18,1,0,0,Andorra,安道尔
526,25,31,5,474,17,20200406,21,3,0,0,Andorra,安道尔
545,19,39,8,484,10,20200407,22,1,0,0,Andorra,安道尔
564,19,52,13,489,5,20200408,23,1,0,0,Andorra,安道尔
583,19,58,6,500,11,20200409,25,2,0,0,Andorra,安道尔
601,18,71,13,504,4,20200410,26,1,0,0,Andorra,安道尔
622,21,94,23,500,-4,20200411,28,2,0,0,Andorra,安道尔
638,16,128,34,481,-19,20200412,29,1,0,0,Andorra,安道尔
646,8,139,11,478,-3,20200413,29,0,0,0,Andorra,安道尔
659,13,160,21,468,-10,20200414,31,2,0,0,Andorra,安道尔
673,14,169,9,471,3,20200415,33,2,0,0,Andorra,安道尔
682,9,177,8,472,1,20200416,33,0,0,0,Andorra,安道尔
696,14,191,14,470,-2,20200417,35,2,0,0,Andorra,安道尔
704,8,205,14,464,-6,20200418,35,0,0,0,Andorra,安道尔
713,9,235,30,442,-22,20200419,36,1,0,0,Andorra,安道尔
717,4,248,13,433,-9,20200420,36,0,0,0,Andorra,安道尔
717,0,282,34,398,-35,20200421,37,1,0,0,Andorra,安道尔
723,6,309,27,377,-21,20200422,37,0,0,0,Andorra,安道尔
724,1,333,24,354,-23,20200423,37,0,0,0,Andorra,安道尔
731,7,344,11,347,-7,20200424,40,3,0,0,Andorra,安道尔
738,7,358,14,340,-7,20200425,40,0,0,0,Andorra,安道尔
740,2,374,16,326,-14,20200426,40,0,0,0,Andorra,安道尔
743,3,385,11,318,-8,20200427,40,0,0,0,Andorra,安道尔
748,5,385,0,323,5,20200428,40,0,0,0,Andorra,安道尔
753,5,385,0,327,4,20200429,41,1,0,0,Andorra,安道尔
753,0,468,83,243,-84,20200430,42,1,0,0,Andorra,安道尔
753,0,468,0,243,0,20200501,42,0,0,0,Andorra,安道尔
753,0,472,4,237,-6,20200502,44,2,0,0,Andorra,安道尔
753,0,472,0,237,0,20200503,44,0,0,0,Andorra,安道尔
753,0,472,0,237,0,20200504,44,0,0,0,Andorra,安道尔
753,0,472,0,236,-1,20200505,45,1,0,0,Andorra,安道尔
753,0,472,0,235,-1,20200506,46,1,0,0,Andorra,安道尔
753,0,472,0,234,-1,20200507,47,1,0,0,Andorra,安道尔
753,0,472,0,234,0,20200508,47,0,0,0,Andorra,安道尔
754,1,472,0,235,1,20200509,47,0,0,0,Andorra,安道尔
754,0,472,0,234,-1,20200510,48,1,0,0,Andorra,安道尔
756,2,472,0,236,2,20200511,48,0,0,0,Andorra,安道尔
756,0,472,0,236,0,20200512,48,0,0,0,Andorra,安道尔
759,3,472,0,239,3,20200513,48,0,0,0,Andorra,安道尔
761,2,472,0,240,1,20200514,49,1,0,0,Andorra,安道尔
761,0,472,0,240,0,20200515,49,0,0,0,Andorra,安道尔
761,0,472,0,240,0,20200516,49,0,0,0,Andorra,安道尔
761,0,472,0,238,-2,20200517,51,2,0,0,Andorra,安道尔
761,0,472,0,238,0,20200518,51,0,0,0,Andorra,安道尔
761,0,472,0,238,0,20200519,51,0,0,0,Andorra,安道尔
761,0,472,0,238,0,20200520,51,0,0,0,Andorra,安道尔
762,1,472,0,239,1,20200521,51,0,0,0,Andorra,安道尔
762,0,472,0,239,0,20200522,51,0,0,0,Andorra,安道尔
762,0,472,0,239,0,20200523,51,0,0,0,Andorra,安道尔
763,1,472,0,240,1,20200524,51,0,0,0,Andorra,安道尔
763,0,472,0,240,0,20200525,51,0,0,0,Andorra,安道尔
763,0,472,0,240,0,20200526,51,0,0,0,Andorra,安道尔
763,0,472,0,240,0,20200527,51,0,0,0,Andorra,安道尔
763,0,472,0,240,0,20200528,51,0,0,0,Andorra,安道尔
764,1,472,0,241,1,20200529,51,0,0,0,Andorra,安道尔
764,0,472,0,241,0,20200530,51,0,0,0,Andorra,安道尔
764,0,472,0,241,0,20200531,51,0,0,0,Andorra,安道尔
764,0,472,0,241,0,20200601,51,0,0,0,Andorra,安道尔
765,1,472,0,242,1,20200602,51,0,0,0,Andorra,安道尔
844,79,472,0,321,79,20200603,51,0,0,0,Andorra,安道尔
851,7,472,0,328,7,20200604,51,0,0,0,Andorra,安道尔
852,1,472,0,329,1,20200605,51,0,0,0,Andorra,安道尔
852,0,472,0,329,0,20200606,51,0,0,0,Andorra,安道尔
852,0,472,0,329,0,20200607,51,0,0,0,Andorra,安道尔
852,0,472,0,329,0,20200608,51,0,0,0,Andorra,安道尔
852,0,472,0,329,0,20200609,51,0,0,0,Andorra,安道尔
852,0,472,0,329,0,20200610,51,0,0,0,Andorra,安道尔
852,0,472,0,329,0,20200611,51,0,0,0,Andorra,安道尔
852,0,472,0,329,0,20200612,51,0,0,0,Andorra,安道尔
853,1,472,0,330,1,20200613,51,0,0,0,Andorra,安道尔
853,0,472,0,330,0,20200614,51,0,0,0,Andorra,安道尔
853,0,472,0,330,0,20200615,51,0,0,0,Andorra,安道尔
853,0,472,0,330,0,20200616,51,0,0,0,Andorra,安道尔
853,0,472,0,330,0,20200617,51,0,0,0,Andorra,安道尔
854,1,472,0,330,0,20200618,52,1,0,0,Andorra,安道尔
855,1,472,0,331,1,20200619,52,0,0,0,Andorra,安道尔
855,0,472,0,331,0,20200620,52,0,0,0,Andorra,安道尔
855,0,472,0,331,0,20200621,52,0,0,0,Andorra,安道尔
855,0,472,0,331,0,20200622,52,0,0,0,Andorra,安道尔
855,0,472,0,331,0,20200623,52,0,0,0,Andorra,安道尔
855,0,472,0,331,0,20200624,52,0,0,0,Andorra,安道尔
855,0,472,0,331,0,20200625,52,0,0,0,Andorra,安道尔
855,0,472,0,331,0,20200626,52,0,0,0,Andorra,安道尔
855,0,472,0,331,0,20200627,52,0,0,0,Andorra,安道尔
855,0,472,0,331,0,20200628,52,0,0,0,Andorra,安道尔
855,0,472,0,331,0,20200629,52,0,0,0,Andorra,安道尔
855,0,472,0,331,0,20200630,52,0,0,0,Andorra,安道尔
855,0,472,0,331,0,20200701,52,0,0,0,Andorra,安道尔
855,0,472,0,331,0,20200702,52,0,0,0,Andorra,安道尔
855,0,472,0,331,0,20200703,52,0,0,0,Andorra,安道尔
855,0,472,0,331,0,20200704,52,0,0,0,Andorra,安道尔
855,0,472,0,331,0,20200705,52,0,0,0,Andorra,安道尔
855,0,472,0,331,0,20200706,52,0,0,0,Andorra,安道尔
855,0,472,0,331,0,20200707,52,0,0,0,Andorra,安道尔
855,0,472,0,331,0,20200708,52,0,0,0,Andorra,安道尔
