﻿confirmedCount,confirmedIncr,curedCount,curedIncr,currentConfirmedCount,currentConfirmedIncr,dateId,deadCount,deadIncr,suspectedCount,suspectedCountIncr,countryFullName,countryName
2,2,0,0,2,2,20200226,0,0,0,0,Austria,奥地利
2,0,0,0,2,0,20200227,0,0,0,0,Austria,奥地利
4,2,0,0,4,2,20200228,0,0,0,0,Austria,奥地利
5,1,0,0,5,1,20200229,0,0,0,0,Austria,奥地利
10,5,0,0,10,5,20200301,0,0,0,0,Austria,奥地利
10,0,0,0,10,0,20200302,0,0,0,0,Austria,奥地利
18,8,0,0,18,8,20200303,0,0,0,0,Austria,奥地利
24,6,0,0,24,6,20200304,0,0,0,0,Austria,奥地利
37,13,0,0,37,13,20200305,0,0,0,0,Austria,奥地利
47,10,0,0,47,10,20200306,0,0,0,0,Austria,奥地利
66,19,0,0,66,19,20200307,0,0,0,0,Austria,奥地利
104,38,0,0,104,38,20200308,0,0,0,0,Austria,奥地利
112,8,0,0,112,8,20200309,0,0,0,0,Austria,奥地利
131,19,0,0,131,19,20200310,0,0,0,0,Austria,奥地利
182,51,0,0,182,51,20200311,0,0,0,0,Austria,奥地利
302,120,0,0,302,120,20200312,0,0,0,0,Austria,奥地利
361,59,0,0,360,58,20200313,1,1,0,0,Austria,奥地利
504,143,0,0,503,143,20200314,1,0,0,0,Austria,奥地利
800,296,6,6,793,290,20200315,1,0,0,0,Austria,奥地利
959,159,6,0,952,159,20200316,1,0,0,0,Austria,奥地利
1132,173,6,0,1123,171,20200317,3,2,0,0,Austria,奥地利
1332,200,6,0,1323,200,20200318,3,0,0,0,Austria,奥地利
2013,681,9,3,2000,677,20200319,4,1,0,0,Austria,奥地利
2388,375,9,0,2374,374,20200320,5,1,0,0,Austria,奥地利
2649,261,9,0,2633,259,20200321,7,2,0,0,Austria,奥地利
3244,595,9,0,3219,586,20200322,16,9,0,0,Austria,奥地利
3924,680,9,0,3894,675,20200323,21,5,0,0,Austria,奥地利
4876,952,9,0,4839,945,20200324,28,7,0,0,Austria,奥地利
5560,684,9,0,5521,682,20200325,30,2,0,0,Austria,奥地利
6398,838,9,0,6340,819,20200326,49,19,0,0,Austria,奥地利
7399,1001,9,0,7332,992,20200327,58,9,0,0,Austria,奥地利
7697,298,225,216,7404,72,20200328,68,10,0,0,Austria,奥地利
8536,839,225,0,8243,839,20200329,68,0,0,0,Austria,奥地利
9377,841,646,421,8623,380,20200330,108,40,0,0,Austria,奥地利
9971,594,1095,449,8748,125,20200331,128,20,0,0,Austria,奥地利
10482,511,1436,341,8900,152,20200401,146,18,0,0,Austria,奥地利
10967,485,1749,313,9060,160,20200402,158,12,0,0,Austria,奥地利
11383,416,1749,0,9476,416,20200403,158,0,0,0,Austria,奥地利
11781,398,2507,758,9088,-388,20200404,186,28,0,0,Austria,奥地利
11907,126,2507,0,9214,126,20200405,186,0,0,0,Austria,奥地利
11983,76,2507,0,9272,58,20200406,204,18,0,0,Austria,奥地利
12297,314,2507,0,9570,298,20200407,220,16,0,0,Austria,奥地利
12852,555,2507,0,10102,532,20200408,243,23,0,0,Austria,奥地利
12969,117,2507,0,10189,87,20200409,273,30,0,0,Austria,奥地利
13248,279,2507,0,10446,257,20200410,295,22,0,0,Austria,奥地利
13560,312,2507,0,10734,288,20200411,319,24,0,0,Austria,奥地利
13945,385,2507,0,11101,367,20200412,337,18,0,0,Austria,奥地利
13999,54,2507,0,11142,41,20200413,350,13,0,0,Austria,奥地利
14159,160,7633,5126,6142,-5000,20200414,384,34,0,0,Austria,奥地利
14321,162,7633,0,6304,162,20200415,384,0,0,0,Austria,奥地利
14370,49,7633,0,6344,40,20200416,393,9,0,0,Austria,奥地利
14553,183,9704,2071,4418,-1926,20200417,431,38,0,0,Austria,奥地利
14662,109,10214,510,4005,-413,20200418,443,12,0,0,Austria,奥地利
14710,48,10501,287,3757,-248,20200419,452,9,0,0,Austria,奥地利
14782,72,10631,130,3681,-76,20200420,470,18,0,0,Austria,奥地利
14810,28,10971,340,3348,-333,20200421,491,21,0,0,Austria,奥地利
14917,107,11328,357,3079,-269,20200422,510,19,0,0,Austria,奥地利
14963,46,11694,366,2747,-332,20200423,522,12,0,0,Austria,奥地利
14985,22,11694,0,2769,22,20200424,522,0,0,0,Austria,奥地利
15068,83,11694,0,2852,83,20200425,522,0,0,0,Austria,奥地利
15175,107,12282,588,2351,-501,20200426,542,20,0,0,Austria,奥地利
15239,64,12282,0,2408,57,20200427,549,7,0,0,Austria,奥地利
15286,47,12362,80,2355,-53,20200428,569,20,0,0,Austria,奥地利
15352,66,12362,0,2410,55,20200429,580,11,0,0,Austria,奥地利
15424,72,12362,0,2478,68,20200430,584,4,0,0,Austria,奥地利
15457,33,12362,0,2511,33,20200501,584,0,0,0,Austria,奥地利
15531,74,12362,0,2580,69,20200502,589,5,0,0,Austria,奥地利
15558,27,13228,866,1734,-846,20200503,596,7,0,0,Austria,奥地利
15558,0,13228,0,1734,0,20200504,596,0,0,0,Austria,奥地利
15579,21,13228,0,1751,17,20200505,600,4,0,0,Austria,奥地利
15633,54,13228,0,1797,46,20200506,608,8,0,0,Austria,奥地利
15665,32,13228,0,1828,31,20200507,609,1,0,0,Austria,奥地利
15714,49,13228,0,1872,44,20200508,614,5,0,0,Austria,奥地利
15735,21,13228,0,1893,21,20200509,614,0,0,0,Austria,奥地利
15786,51,13228,0,1943,50,20200510,615,1,0,0,Austria,奥地利
15845,59,13228,0,1997,54,20200511,620,5,0,0,Austria,奥地利
15894,49,13228,0,2043,46,20200512,623,3,0,0,Austria,奥地利
15910,16,13228,0,2059,16,20200513,623,0,0,0,Austria,奥地利
16014,104,13228,0,2160,101,20200514,626,3,0,0,Austria,奥地利
16093,79,13228,0,2237,77,20200515,628,2,0,0,Austria,奥地利
16093,0,13228,0,2237,0,20200516,628,0,0,0,Austria,奥地利
16140,47,13228,0,2284,47,20200517,628,0,0,0,Austria,奥地利
16201,61,13228,0,2344,60,20200518,629,1,0,0,Austria,奥地利
16261,60,13228,0,2401,57,20200519,632,3,0,0,Austria,奥地利
16295,34,13228,0,2434,33,20200520,633,1,0,0,Austria,奥地利
16335,40,14951,1723,751,-1683,20200521,633,0,0,0,Austria,奥地利
16335,0,14951,0,751,0,20200522,633,0,0,0,Austria,奥地利
16361,26,14951,0,775,24,20200523,635,2,0,0,Austria,奥地利
16440,79,14951,0,849,74,20200524,640,5,0,0,Austria,奥地利
16440,0,14951,0,849,0,20200525,640,0,0,0,Austria,奥地利
16497,57,14951,0,903,54,20200526,643,3,0,0,Austria,奥地利
16514,17,14951,0,918,15,20200527,645,2,0,0,Austria,奥地利
16515,1,14951,0,919,1,20200528,645,0,0,0,Austria,奥地利
16575,60,14951,0,956,37,20200529,668,23,0,0,Austria,奥地利
16594,19,14951,0,975,19,20200530,668,0,0,0,Austria,奥地利
16638,44,14951,0,1019,44,20200531,668,0,0,0,Austria,奥地利
16642,4,14951,0,1023,4,20200601,668,0,0,0,Austria,奥地利
16663,21,14951,0,1044,21,20200602,668,0,0,0,Austria,奥地利
16674,11,14951,0,1054,10,20200603,669,1,0,0,Austria,奥地利
16705,31,14951,0,1084,30,20200604,670,1,0,0,Austria,奥地利
16741,36,14951,0,1120,36,20200605,670,0,0,0,Austria,奥地利
16803,62,14951,0,1180,60,20200606,672,2,0,0,Austria,奥地利
16822,19,14951,0,1199,19,20200607,672,0,0,0,Austria,奥地利
16868,46,14951,0,1245,46,20200608,672,0,0,0,Austria,奥地利
16889,21,14951,0,1266,21,20200609,672,0,0,0,Austria,奥地利
16920,31,14951,0,1296,30,20200610,673,1,0,0,Austria,奥地利
16936,16,14951,0,1312,16,20200611,673,0,0,0,Austria,奥地利
16970,34,14951,0,1344,32,20200612,675,2,0,0,Austria,奥地利
16994,24,14951,0,1368,24,20200613,675,0,0,0,Austria,奥地利
17014,20,14951,0,1386,18,20200614,677,2,0,0,Austria,奥地利
17074,60,14951,0,1445,59,20200615,678,1,0,0,Austria,奥地利
17074,0,14951,0,1445,0,20200616,678,0,0,0,Austria,奥地利
17117,43,14951,0,1479,34,20200617,687,9,0,0,Austria,奥地利
17117,0,14951,0,1479,0,20200618,687,0,0,0,Austria,奥地利
17155,38,14951,0,1516,37,20200619,688,1,0,0,Austria,奥地利
17185,30,14951,0,1546,30,20200620,688,0,0,0,Austria,奥地利
17247,62,14951,0,1608,62,20200621,688,0,0,0,Austria,奥地利
17302,55,14951,0,1661,53,20200622,690,2,0,0,Austria,奥地利
17320,18,14951,0,1679,18,20200623,690,0,0,0,Austria,奥地利
17370,50,14951,0,1726,47,20200624,693,3,0,0,Austria,奥地利
17384,14,14951,0,1740,14,20200625,693,0,0,0,Austria,奥地利
17431,47,14951,0,1782,42,20200626,698,5,0,0,Austria,奥地利
17498,67,14951,0,1849,67,20200627,698,0,0,0,Austria,奥地利
17654,156,16348,1397,604,-1245,20200628,702,4,0,0,Austria,奥地利
17654,0,16348,0,604,0,20200629,702,0,0,0,Austria,奥地利
17666,12,16348,0,615,11,20200630,703,1,0,0,Austria,奥地利
17777,111,16348,0,724,109,20200701,705,2,0,0,Austria,奥地利
17814,37,16348,0,761,37,20200702,705,0,0,0,Austria,奥地利
17952,138,16348,0,899,138,20200703,705,0,0,0,Austria,奥地利
18073,121,16348,0,1020,121,20200704,705,0,0,0,Austria,奥地利
18196,123,16348,0,1143,123,20200705,705,0,0,0,Austria,奥地利
18269,73,16348,0,1215,72,20200706,706,1,0,0,Austria,奥地利
18326,57,16348,0,1272,57,20200707,706,0,0,0,Austria,奥地利
18418,92,16348,0,1364,92,20200708,706,0,0,0,Austria,奥地利
