﻿confirmedCount,confirmedIncr,curedCount,curedIncr,currentConfirmedCount,currentConfirmedIncr,dateId,deadCount,deadIncr,suspectedCount,suspectedCountIncr,countryFullName,countryName
3,3,0,0,3,3,20200125,0,0,0,0,Australia,澳大利亚
3,0,0,0,3,0,20200126,0,0,0,0,Australia,澳大利亚
4,1,0,0,4,1,20200127,0,0,0,0,Australia,澳大利亚
5,1,0,0,5,1,20200128,0,0,0,0,Australia,澳大利亚
7,2,0,0,7,2,20200129,0,0,0,0,Australia,澳大利亚
7,0,0,0,7,0,20200130,0,0,0,0,Australia,澳大利亚
9,2,0,0,9,2,20200131,0,0,0,0,Australia,澳大利亚
12,3,0,0,12,3,20200201,0,0,0,0,Australia,澳大利亚
12,0,0,0,12,0,20200202,0,0,0,0,Australia,澳大利亚
12,0,0,0,12,0,20200203,0,0,0,0,Australia,澳大利亚
12,0,0,0,12,0,20200204,0,0,0,0,Australia,澳大利亚
13,1,0,0,13,1,20200205,0,0,0,0,Australia,澳大利亚
14,1,0,0,14,1,20200206,0,0,0,0,Australia,澳大利亚
15,1,0,0,15,1,20200207,0,0,0,0,Australia,澳大利亚
15,0,0,0,15,0,20200208,0,0,0,0,Australia,澳大利亚
15,0,0,0,15,0,20200209,0,0,0,0,Australia,澳大利亚
15,0,0,0,15,0,20200210,0,0,0,0,Australia,澳大利亚
15,0,0,0,15,0,20200211,0,0,0,0,Australia,澳大利亚
15,0,0,0,15,0,20200212,0,0,0,0,Australia,澳大利亚
15,0,0,0,15,0,20200213,0,0,0,0,Australia,澳大利亚
15,0,0,0,15,0,20200214,0,0,0,0,Australia,澳大利亚
15,0,0,0,15,0,20200215,0,0,0,0,Australia,澳大利亚
15,0,0,0,15,0,20200216,0,0,0,0,Australia,澳大利亚
15,0,0,0,15,0,20200217,0,0,0,0,Australia,澳大利亚
15,0,0,0,15,0,20200218,0,0,0,0,Australia,澳大利亚
15,0,0,0,15,0,20200219,0,0,0,0,Australia,澳大利亚
15,0,0,0,15,0,20200220,0,0,0,0,Australia,澳大利亚
17,2,0,0,17,2,20200221,0,0,0,0,Australia,澳大利亚
21,4,0,0,21,4,20200222,0,0,0,0,Australia,澳大利亚
22,1,0,0,22,1,20200223,0,0,0,0,Australia,澳大利亚
22,0,0,0,22,0,20200224,0,0,0,0,Australia,澳大利亚
22,0,0,0,22,0,20200225,0,0,0,0,Australia,澳大利亚
23,1,0,0,23,1,20200226,0,0,0,0,Australia,澳大利亚
23,0,0,0,23,0,20200227,0,0,0,0,Australia,澳大利亚
23,0,0,0,23,0,20200228,0,0,0,0,Australia,澳大利亚
24,1,0,0,24,1,20200229,0,0,0,0,Australia,澳大利亚
25,1,0,0,25,1,20200301,0,0,0,0,Australia,澳大利亚
27,2,0,0,26,1,20200302,1,1,0,0,Australia,澳大利亚
33,6,0,0,32,6,20200303,1,0,0,0,Australia,澳大利亚
43,10,0,0,42,10,20200304,1,0,0,0,Australia,澳大利亚
57,14,0,0,55,13,20200305,2,1,0,0,Australia,澳大利亚
57,0,0,0,55,0,20200306,2,0,0,0,Australia,澳大利亚
62,5,0,0,60,5,20200307,2,0,0,0,Australia,澳大利亚
74,12,0,0,71,11,20200308,3,1,0,0,Australia,澳大利亚
77,3,0,0,74,3,20200309,3,0,0,0,Australia,澳大利亚
92,15,0,0,89,15,20200310,3,0,0,0,Australia,澳大利亚
112,20,0,0,109,20,20200311,3,0,0,0,Australia,澳大利亚
122,10,0,0,119,10,20200312,3,0,0,0,Australia,澳大利亚
140,18,0,0,137,18,20200313,3,0,0,0,Australia,澳大利亚
197,57,0,0,194,57,20200314,3,0,0,0,Australia,澳大利亚
249,52,24,24,222,28,20200315,3,0,0,0,Australia,澳大利亚
298,49,27,3,266,44,20200316,5,2,0,0,Australia,澳大利亚
375,77,27,0,343,77,20200317,5,0,0,0,Australia,澳大利亚
414,39,27,0,382,39,20200318,5,0,0,0,Australia,澳大利亚
756,342,27,0,723,341,20200319,6,1,0,0,Australia,澳大利亚
877,121,27,0,843,120,20200320,7,1,0,0,Australia,澳大利亚
1051,174,27,0,1017,174,20200321,7,0,0,0,Australia,澳大利亚
1098,47,27,0,1064,47,20200322,7,0,0,0,Australia,澳大利亚
1709,611,27,0,1675,611,20200323,7,0,0,0,Australia,澳大利亚
2136,427,27,0,2101,426,20200324,8,1,0,0,Australia,澳大利亚
2317,181,27,0,2282,181,20200325,8,0,0,0,Australia,澳大利亚
2985,668,27,0,2946,664,20200326,12,4,0,0,Australia,澳大利亚
2985,0,119,92,2853,-93,20200327,13,1,0,0,Australia,澳大利亚
3635,650,119,0,3502,649,20200328,14,1,0,0,Australia,澳大利亚
4093,458,119,0,3958,456,20200329,16,2,0,0,Australia,澳大利亚
4245,152,119,0,4110,152,20200330,16,0,0,0,Australia,澳大利亚
4707,462,119,0,4568,458,20200331,20,4,0,0,Australia,澳大利亚
4976,269,119,0,4836,268,20200401,21,1,0,0,Australia,澳大利亚
5224,248,119,0,5080,244,20200402,25,4,0,0,Australia,澳大利亚
5454,230,119,0,5307,227,20200403,28,3,0,0,Australia,澳大利亚
5548,94,119,0,5399,92,20200404,30,2,0,0,Australia,澳大利亚
5687,139,119,0,5534,135,20200405,34,4,0,0,Australia,澳大利亚
5795,108,119,0,5631,97,20200406,45,11,0,0,Australia,澳大利亚
5844,49,119,0,5680,49,20200407,45,0,0,0,Australia,澳大利亚
6052,208,119,0,5883,203,20200408,50,5,0,0,Australia,澳大利亚
6152,100,119,0,5981,98,20200409,52,2,0,0,Australia,澳大利亚
6152,0,119,0,5981,0,20200410,52,0,0,0,Australia,澳大利亚
6292,140,119,0,6117,136,20200411,56,4,0,0,Australia,澳大利亚
6313,21,119,0,6135,18,20200412,59,3,0,0,Australia,澳大利亚
6359,46,119,0,6179,44,20200413,61,2,0,0,Australia,澳大利亚
6400,41,119,0,6220,41,20200414,61,0,0,0,Australia,澳大利亚
6416,16,119,0,6236,16,20200415,61,0,0,0,Australia,澳大利亚
6468,52,119,0,6286,50,20200416,63,2,0,0,Australia,澳大利亚
6468,0,119,0,6286,0,20200417,63,0,0,0,Australia,澳大利亚
6586,118,119,0,6398,112,20200418,69,6,0,0,Australia,澳大利亚
6586,0,119,0,6398,0,20200419,69,0,0,0,Australia,澳大利亚
6619,33,4258,4139,2290,-4108,20200420,71,2,0,0,Australia,澳大利亚
6647,28,4291,33,2282,-8,20200421,74,3,0,0,Australia,澳大利亚
6647,0,4291,0,2282,0,20200422,74,0,0,0,Australia,澳大利亚
6667,20,5095,804,1496,-786,20200423,76,2,0,0,Australia,澳大利亚
6667,0,5095,0,1496,0,20200424,76,0,0,0,Australia,澳大利亚
6695,28,5095,0,1521,25,20200425,79,3,0,0,Australia,澳大利亚
6711,16,5539,444,1089,-432,20200426,83,4,0,0,Australia,澳大利亚
6720,9,5539,0,1098,9,20200427,83,0,0,0,Australia,澳大利亚
6731,11,5600,61,1047,-51,20200428,84,1,0,0,Australia,澳大利亚
6738,7,5600,0,1050,3,20200429,88,4,0,0,Australia,澳大利亚
6746,8,5600,0,1056,6,20200430,90,2,0,0,Australia,澳大利亚
6767,21,5600,0,1074,18,20200501,93,3,0,0,Australia,澳大利亚
6767,0,5600,0,1074,0,20200502,93,0,0,0,Australia,澳大利亚
6801,34,5789,189,917,-157,20200503,95,2,0,0,Australia,澳大利亚
6801,0,5789,0,917,0,20200504,95,0,0,0,Australia,澳大利亚
6849,48,5789,0,964,47,20200505,96,1,0,0,Australia,澳大利亚
6875,26,5984,195,794,-170,20200506,97,1,0,0,Australia,澳大利亚
6896,21,6035,51,764,-30,20200507,97,0,0,0,Australia,澳大利亚
6914,18,6079,44,738,-26,20200508,97,0,0,0,Australia,澳大利亚
6929,15,6135,56,697,-41,20200509,97,0,0,0,Australia,澳大利亚
6929,0,6135,0,697,0,20200510,97,0,0,0,Australia,澳大利亚
6941,12,6163,28,681,-16,20200511,97,0,0,0,Australia,澳大利亚
6964,23,6229,66,638,-43,20200512,97,0,0,0,Australia,澳大利亚
6975,11,6271,42,606,-32,20200513,98,1,0,0,Australia,澳大利亚
6989,14,6301,30,590,-16,20200514,98,0,0,0,Australia,澳大利亚
6989,0,6301,0,590,0,20200515,98,0,0,0,Australia,澳大利亚
7036,47,6362,61,576,-14,20200516,98,0,0,0,Australia,澳大利亚
7045,9,6367,5,580,4,20200517,98,0,0,0,Australia,澳大利亚
7060,15,6389,22,572,-8,20200518,99,1,0,0,Australia,澳大利亚
7068,8,6411,22,558,-14,20200519,99,0,0,0,Australia,澳大利亚
7079,11,6444,33,535,-23,20200520,100,1,0,0,Australia,澳大利亚
7081,2,6472,28,509,-26,20200521,100,0,0,0,Australia,澳大利亚
7095,14,6479,7,515,6,20200522,101,1,0,0,Australia,澳大利亚
7106,11,6494,15,510,-5,20200523,102,1,0,0,Australia,澳大利亚
7109,3,6506,12,501,-9,20200524,102,0,0,0,Australia,澳大利亚
7118,9,6532,26,484,-17,20200525,102,0,0,0,Australia,澳大利亚
7133,15,6553,21,478,-6,20200526,102,0,0,0,Australia,澳大利亚
7139,6,6566,13,470,-8,20200527,103,1,0,0,Australia,澳大利亚
7150,11,6580,14,467,-3,20200528,103,0,0,0,Australia,澳大利亚
7173,23,6582,2,488,21,20200529,103,0,0,0,Australia,澳大利亚
7185,12,6606,24,476,-12,20200530,103,0,0,0,Australia,澳大利亚
7195,10,6606,0,486,10,20200531,103,0,0,0,Australia,澳大利亚
7204,9,6619,13,482,-4,20200601,103,0,0,0,Australia,澳大利亚
7221,17,6625,6,494,12,20200602,102,-1,0,0,Australia,澳大利亚
7229,8,6640,15,486,-8,20200603,103,1,0,0,Australia,澳大利亚
7240,11,6664,24,474,-12,20200604,102,-1,0,0,Australia,澳大利亚
7251,11,6683,19,466,-8,20200605,102,0,0,0,Australia,澳大利亚
7251,0,6683,0,466,0,20200606,102,0,0,0,Australia,澳大利亚
7255,4,6693,10,460,-6,20200607,102,0,0,0,Australia,澳大利亚
7265,10,6706,13,457,-3,20200608,102,0,0,0,Australia,澳大利亚
7265,0,6706,0,457,0,20200609,102,0,0,0,Australia,澳大利亚
7267,2,6720,14,445,-12,20200610,102,0,0,0,Australia,澳大利亚
7285,18,6761,41,422,-23,20200611,102,0,0,0,Australia,澳大利亚
7290,5,6783,22,405,-17,20200612,102,0,0,0,Australia,澳大利亚
7290,0,6783,0,405,0,20200613,102,0,0,0,Australia,澳大利亚
7320,30,6838,55,380,-25,20200614,102,0,0,0,Australia,澳大利亚
7335,15,6851,13,382,2,20200615,102,0,0,0,Australia,澳大利亚
7347,12,6856,5,389,7,20200616,102,0,0,0,Australia,澳大利亚
7347,0,6856,0,389,0,20200617,102,0,0,0,Australia,澳大利亚
7391,44,6877,21,412,23,20200618,102,0,0,0,Australia,澳大利亚
7409,18,6880,3,427,15,20200619,102,0,0,0,Australia,澳大利亚
7409,0,6880,0,427,0,20200620,102,0,0,0,Australia,澳大利亚
7461,52,6896,16,463,36,20200621,102,0,0,0,Australia,澳大利亚
7474,13,6903,7,469,6,20200622,102,0,0,0,Australia,澳大利亚
7492,18,6915,12,475,6,20200623,102,0,0,0,Australia,澳大利亚
7521,29,6924,9,494,19,20200624,103,1,0,0,Australia,澳大利亚
7558,37,6942,18,512,18,20200625,104,1,0,0,Australia,澳大利亚
7595,37,6942,0,549,37,20200626,104,0,0,0,Australia,澳大利亚
7641,46,6979,37,558,9,20200627,104,0,0,0,Australia,澳大利亚
7641,0,6979,0,558,0,20200628,104,0,0,0,Australia,澳大利亚
7686,45,6993,14,589,31,20200629,104,0,0,0,Australia,澳大利亚
7767,81,7008,15,655,66,20200630,104,0,0,0,Australia,澳大利亚
7920,153,7063,55,753,98,20200701,104,0,0,0,Australia,澳大利亚
7920,0,7063,0,753,0,20200702,104,0,0,0,Australia,澳大利亚
8255,335,7063,0,1088,335,20200703,104,0,0,0,Australia,澳大利亚
8255,0,7063,0,1088,0,20200704,104,0,0,0,Australia,澳大利亚
8362,107,7166,103,1092,4,20200705,104,0,0,0,Australia,澳大利亚
8586,224,7420,254,1060,-32,20200706,106,2,0,0,Australia,澳大利亚
8586,0,7420,0,1060,0,20200707,106,0,0,0,Australia,澳大利亚
8886,300,7420,0,1360,300,20200708,106,0,0,0,Australia,澳大利亚
