﻿confirmedCount,confirmedIncr,curedCount,curedIncr,currentConfirmedCount,currentConfirmedIncr,dateId,deadCount,deadIncr,suspectedCount,suspectedCountIncr,countryFullName,countryName
1,1,0,0,1,1,20200317,0,0,0,0,Bahamas,巴哈马
1,0,0,0,1,0,20200318,0,0,0,0,Bahamas,巴哈马
1,0,0,0,1,0,20200319,0,0,0,0,Bahamas,巴哈马
3,2,0,0,3,2,20200320,0,0,0,0,Bahamas,巴哈马
4,1,0,0,4,1,20200321,0,0,0,0,Bahamas,巴哈马
4,0,0,0,4,0,20200322,0,0,0,0,Bahamas,巴哈马
4,0,0,0,4,0,20200323,0,0,0,0,Bahamas,巴哈马
4,0,0,0,4,0,20200324,0,0,0,0,Bahamas,巴哈马
4,0,0,0,4,0,20200325,0,0,0,0,Bahamas,巴哈马
5,1,0,0,5,1,20200326,0,0,0,0,Bahamas,巴哈马
5,0,0,0,5,0,20200327,0,0,0,0,Bahamas,巴哈马
9,4,0,0,9,4,20200328,0,0,0,0,Bahamas,巴哈马
10,1,0,0,10,1,20200329,0,0,0,0,Bahamas,巴哈马
10,0,0,0,10,0,20200330,0,0,0,0,Bahamas,巴哈马
14,4,0,0,14,4,20200331,0,0,0,0,Bahamas,巴哈马
14,0,0,0,14,0,20200401,0,0,0,0,Bahamas,巴哈马
15,1,0,0,15,1,20200402,0,0,0,0,Bahamas,巴哈马
21,6,0,0,20,5,20200403,1,1,0,0,Bahamas,巴哈马
24,3,0,0,21,1,20200404,3,2,0,0,Bahamas,巴哈马
24,0,0,0,21,0,20200405,3,0,0,0,Bahamas,巴哈马
28,4,0,0,24,3,20200406,4,1,0,0,Bahamas,巴哈马
29,1,0,0,24,0,20200407,5,1,0,0,Bahamas,巴哈马
33,4,0,0,28,4,20200408,5,0,0,0,Bahamas,巴哈马
36,3,0,0,30,2,20200409,6,1,0,0,Bahamas,巴哈马
40,4,0,0,33,3,20200410,7,1,0,0,Bahamas,巴哈马
41,1,0,0,33,0,20200411,8,1,0,0,Bahamas,巴哈马
42,1,0,0,34,1,20200412,8,0,0,0,Bahamas,巴哈马
42,0,0,0,34,0,20200413,8,0,0,0,Bahamas,巴哈马
47,5,0,0,39,5,20200414,8,0,0,0,Bahamas,巴哈马
49,2,0,0,41,2,20200415,8,0,0,0,Bahamas,巴哈马
49,0,0,0,41,0,20200416,8,0,0,0,Bahamas,巴哈马
53,4,0,0,45,4,20200417,8,0,0,0,Bahamas,巴哈马
54,1,0,0,45,0,20200418,9,1,0,0,Bahamas,巴哈马
54,0,0,0,45,0,20200419,9,0,0,0,Bahamas,巴哈马
58,4,0,0,49,4,20200420,9,0,0,0,Bahamas,巴哈马
60,2,0,0,51,2,20200421,9,0,0,0,Bahamas,巴哈马
64,4,0,0,55,4,20200422,9,0,0,0,Bahamas,巴哈马
65,1,0,0,56,1,20200423,9,0,0,0,Bahamas,巴哈马
70,5,0,0,61,5,20200424,9,0,0,0,Bahamas,巴哈马
72,2,0,0,61,0,20200425,11,2,0,0,Bahamas,巴哈马
72,0,0,0,61,0,20200426,11,0,0,0,Bahamas,巴哈马
78,6,0,0,67,6,20200427,11,0,0,0,Bahamas,巴哈马
80,2,0,0,69,2,20200428,11,0,0,0,Bahamas,巴哈马
80,0,0,0,69,0,20200429,11,0,0,0,Bahamas,巴哈马
80,0,0,0,69,0,20200430,11,0,0,0,Bahamas,巴哈马
80,0,0,0,69,0,20200501,11,0,0,0,Bahamas,巴哈马
81,1,0,0,70,1,20200502,11,0,0,0,Bahamas,巴哈马
82,1,0,0,71,1,20200503,11,0,0,0,Bahamas,巴哈马
82,0,0,0,71,0,20200504,11,0,0,0,Bahamas,巴哈马
83,1,0,0,72,1,20200505,11,0,0,0,Bahamas,巴哈马
84,1,0,0,73,1,20200506,11,0,0,0,Bahamas,巴哈马
89,5,0,0,78,5,20200507,11,0,0,0,Bahamas,巴哈马
92,3,0,0,81,3,20200508,11,0,0,0,Bahamas,巴哈马
92,0,0,0,81,0,20200509,11,0,0,0,Bahamas,巴哈马
92,0,0,0,81,0,20200510,11,0,0,0,Bahamas,巴哈马
92,0,0,0,81,0,20200511,11,0,0,0,Bahamas,巴哈马
92,0,0,0,81,0,20200512,11,0,0,0,Bahamas,巴哈马
93,1,0,0,82,1,20200513,11,0,0,0,Bahamas,巴哈马
93,0,0,0,82,0,20200514,11,0,0,0,Bahamas,巴哈马
94,1,0,0,83,1,20200515,11,0,0,0,Bahamas,巴哈马
96,2,0,0,85,2,20200516,11,0,0,0,Bahamas,巴哈马
96,0,0,0,85,0,20200517,11,0,0,0,Bahamas,巴哈马
96,0,0,0,85,0,20200518,11,0,0,0,Bahamas,巴哈马
96,0,0,0,85,0,20200519,11,0,0,0,Bahamas,巴哈马
96,0,0,0,85,0,20200520,11,0,0,0,Bahamas,巴哈马
96,0,0,0,85,0,20200521,11,0,0,0,Bahamas,巴哈马
97,1,0,0,86,1,20200522,11,0,0,0,Bahamas,巴哈马
97,0,0,0,86,0,20200523,11,0,0,0,Bahamas,巴哈马
97,0,0,0,86,0,20200524,11,0,0,0,Bahamas,巴哈马
100,3,0,0,89,3,20200525,11,0,0,0,Bahamas,巴哈马
100,0,0,0,89,0,20200526,11,0,0,0,Bahamas,巴哈马
100,0,0,0,89,0,20200527,11,0,0,0,Bahamas,巴哈马
100,0,0,0,89,0,20200528,11,0,0,0,Bahamas,巴哈马
100,0,0,0,89,0,20200529,11,0,0,0,Bahamas,巴哈马
101,1,0,0,90,1,20200530,11,0,0,0,Bahamas,巴哈马
101,0,0,0,90,0,20200531,11,0,0,0,Bahamas,巴哈马
101,0,0,0,90,0,20200601,11,0,0,0,Bahamas,巴哈马
102,1,0,0,91,1,20200602,11,0,0,0,Bahamas,巴哈马
102,0,0,0,91,0,20200603,11,0,0,0,Bahamas,巴哈马
102,0,0,0,91,0,20200604,11,0,0,0,Bahamas,巴哈马
102,0,0,0,91,0,20200605,11,0,0,0,Bahamas,巴哈马
102,0,0,0,91,0,20200606,11,0,0,0,Bahamas,巴哈马
103,1,0,0,92,1,20200607,11,0,0,0,Bahamas,巴哈马
103,0,0,0,92,0,20200608,11,0,0,0,Bahamas,巴哈马
103,0,0,0,92,0,20200609,11,0,0,0,Bahamas,巴哈马
103,0,0,0,92,0,20200610,11,0,0,0,Bahamas,巴哈马
103,0,0,0,92,0,20200611,11,0,0,0,Bahamas,巴哈马
103,0,0,0,92,0,20200612,11,0,0,0,Bahamas,巴哈马
103,0,0,0,92,0,20200613,11,0,0,0,Bahamas,巴哈马
103,0,0,0,92,0,20200614,11,0,0,0,Bahamas,巴哈马
103,0,0,0,92,0,20200615,11,0,0,0,Bahamas,巴哈马
104,1,0,0,93,1,20200616,11,0,0,0,Bahamas,巴哈马
104,0,0,0,93,0,20200617,11,0,0,0,Bahamas,巴哈马
104,0,0,0,93,0,20200618,11,0,0,0,Bahamas,巴哈马
104,0,0,0,93,0,20200619,11,0,0,0,Bahamas,巴哈马
104,0,0,0,93,0,20200620,11,0,0,0,Bahamas,巴哈马
104,0,0,0,93,0,20200621,11,0,0,0,Bahamas,巴哈马
104,0,0,0,93,0,20200622,11,0,0,0,Bahamas,巴哈马
104,0,0,0,93,0,20200623,11,0,0,0,Bahamas,巴哈马
104,0,0,0,93,0,20200624,11,0,0,0,Bahamas,巴哈马
104,0,0,0,93,0,20200625,11,0,0,0,Bahamas,巴哈马
104,0,0,0,93,0,20200626,11,0,0,0,Bahamas,巴哈马
104,0,0,0,93,0,20200627,11,0,0,0,Bahamas,巴哈马
104,0,0,0,93,0,20200628,11,0,0,0,Bahamas,巴哈马
104,0,0,0,93,0,20200629,11,0,0,0,Bahamas,巴哈马
104,0,0,0,93,0,20200630,11,0,0,0,Bahamas,巴哈马
104,0,0,0,93,0,20200701,11,0,0,0,Bahamas,巴哈马
104,0,0,0,93,0,20200702,11,0,0,0,Bahamas,巴哈马
104,0,0,0,93,0,20200703,11,0,0,0,Bahamas,巴哈马
104,0,0,0,93,0,20200704,11,0,0,0,Bahamas,巴哈马
104,0,0,0,93,0,20200705,11,0,0,0,Bahamas,巴哈马
104,0,0,0,93,0,20200706,11,0,0,0,Bahamas,巴哈马
104,0,0,0,93,0,20200707,11,0,0,0,Bahamas,巴哈马
104,0,0,0,93,0,20200708,11,0,0,0,Bahamas,巴哈马
