﻿confirmedCount,confirmedIncr,curedCount,curedIncr,currentConfirmedCount,currentConfirmedIncr,dateId,deadCount,deadIncr,suspectedCount,suspectedCountIncr,countryFullName,countryName
8,8,0,0,8,8,20200225,0,0,0,0,Bahrain,巴林
26,18,0,0,26,18,20200226,0,0,0,0,Bahrain,巴林
33,7,0,0,33,7,20200227,0,0,0,0,Bahrain,巴林
33,0,0,0,33,0,20200228,0,0,0,0,Bahrain,巴林
38,5,0,0,38,5,20200229,0,0,0,0,Bahrain,巴林
40,2,0,0,40,2,20200301,0,0,0,0,Bahrain,巴林
47,7,0,0,47,7,20200302,0,0,0,0,Bahrain,巴林
49,2,0,0,49,2,20200303,0,0,0,0,Bahrain,巴林
49,0,0,0,49,0,20200304,0,0,0,0,Bahrain,巴林
49,0,0,0,49,0,20200305,0,0,0,0,Bahrain,巴林
49,0,0,0,49,0,20200306,0,0,0,0,Bahrain,巴林
49,0,0,0,49,0,20200307,0,0,0,0,Bahrain,巴林
56,7,0,0,56,7,20200308,0,0,0,0,Bahrain,巴林
79,23,0,0,79,23,20200309,0,0,0,0,Bahrain,巴林
109,30,0,0,109,30,20200310,0,0,0,0,Bahrain,巴林
110,1,0,0,110,1,20200311,0,0,0,0,Bahrain,巴林
189,79,0,0,189,79,20200312,0,0,0,0,Bahrain,巴林
195,6,0,0,195,6,20200313,0,0,0,0,Bahrain,巴林
210,15,0,0,210,15,20200314,0,0,0,0,Bahrain,巴林
211,1,60,60,151,-59,20200315,0,0,0,0,Bahrain,巴林
221,10,60,0,160,9,20200316,1,1,0,0,Bahrain,巴林
229,8,81,21,147,-13,20200317,1,0,0,0,Bahrain,巴林
237,8,88,7,148,1,20200318,1,0,0,0,Bahrain,巴林
269,32,100,12,168,20,20200319,1,0,0,0,Bahrain,巴林
285,16,100,0,184,16,20200320,1,0,0,0,Bahrain,巴林
306,21,100,0,205,21,20200321,1,0,0,0,Bahrain,巴林
334,28,149,49,183,-22,20200322,2,1,0,0,Bahrain,巴林
339,5,149,0,188,5,20200323,2,0,0,0,Bahrain,巴林
391,52,177,28,211,23,20200324,3,1,0,0,Bahrain,巴林
419,28,190,13,225,14,20200325,4,1,0,0,Bahrain,巴林
457,38,204,14,249,24,20200326,4,0,0,0,Bahrain,巴林
466,9,227,23,235,-14,20200327,4,0,0,0,Bahrain,巴林
473,7,254,27,215,-20,20200328,4,0,0,0,Bahrain,巴林
499,26,272,18,223,8,20200329,4,0,0,0,Bahrain,巴林
515,16,279,7,232,9,20200330,4,0,0,0,Bahrain,巴林
567,52,295,16,268,36,20200331,4,0,0,0,Bahrain,巴林
569,2,316,21,249,-19,20200401,4,0,0,0,Bahrain,巴林
635,66,341,25,290,41,20200402,4,0,0,0,Bahrain,巴林
672,37,372,31,296,6,20200403,4,0,0,0,Bahrain,巴林
688,16,399,27,285,-11,20200404,4,0,0,0,Bahrain,巴林
698,10,427,28,267,-18,20200405,4,0,0,0,Bahrain,巴林
700,2,427,0,269,2,20200406,4,0,0,0,Bahrain,巴林
811,111,458,31,349,80,20200407,4,0,0,0,Bahrain,巴林
821,10,467,9,349,0,20200408,5,1,0,0,Bahrain,巴林
855,34,495,28,355,6,20200409,5,0,0,0,Bahrain,巴林
998,143,551,56,441,86,20200410,6,1,0,0,Bahrain,巴林
1016,18,551,0,459,18,20200411,6,0,0,0,Bahrain,巴林
1087,71,557,6,524,65,20200412,6,0,0,0,Bahrain,巴林
1348,261,591,34,751,227,20200413,6,0,0,0,Bahrain,巴林
1522,174,645,54,870,119,20200414,7,1,0,0,Bahrain,巴林
1671,149,663,18,1001,131,20200415,7,0,0,0,Bahrain,巴林
1698,27,703,40,988,-13,20200416,7,0,0,0,Bahrain,巴林
1740,42,725,22,1008,20,20200417,7,0,0,0,Bahrain,巴林
1767,27,741,16,1019,11,20200418,7,0,0,0,Bahrain,巴林
1873,106,759,18,1107,88,20200419,7,0,0,0,Bahrain,巴林
1895,22,769,10,1119,12,20200420,7,0,0,0,Bahrain,巴林
1952,57,783,14,1162,43,20200421,7,0,0,0,Bahrain,巴林
2009,57,1026,243,976,-186,20200422,7,0,0,0,Bahrain,巴林
2098,89,1082,56,1008,32,20200423,8,1,0,0,Bahrain,巴林
2506,408,1113,31,1385,377,20200424,8,0,0,0,Bahrain,巴林
2588,82,1160,47,1420,35,20200425,8,0,0,0,Bahrain,巴林
2589,1,1186,26,1395,-25,20200426,8,0,0,0,Bahrain,巴林
2708,119,1218,32,1482,87,20200427,8,0,0,0,Bahrain,巴林
2810,102,1246,28,1556,74,20200428,8,0,0,0,Bahrain,巴林
2869,59,1370,124,1491,-65,20200429,8,0,0,0,Bahrain,巴林
3037,168,1495,125,1534,43,20200430,8,0,0,0,Bahrain,巴林
3169,132,1553,58,1608,74,20200501,8,0,0,0,Bahrain,巴林
3273,104,1567,14,1698,90,20200502,8,0,0,0,Bahrain,巴林
3356,83,1717,150,1631,-67,20200503,8,0,0,0,Bahrain,巴林
3356,0,1717,0,1631,0,20200504,8,0,0,0,Bahrain,巴林
3679,323,1762,45,1909,278,20200505,8,0,0,0,Bahrain,巴林
3842,163,1860,98,1974,65,20200506,8,0,0,0,Bahrain,巴林
4131,289,1998,138,2125,151,20200507,8,0,0,0,Bahrain,巴林
4404,273,2027,29,2369,244,20200508,8,0,0,0,Bahrain,巴林
4595,191,2049,22,2538,169,20200509,8,0,0,0,Bahrain,巴林
4856,261,2065,16,2783,245,20200510,8,0,0,0,Bahrain,巴林
5157,301,2152,87,2997,214,20200511,8,0,0,0,Bahrain,巴林
5409,252,2182,30,3218,221,20200512,9,1,0,0,Bahrain,巴林
5780,371,2195,13,3576,358,20200513,9,0,0,0,Bahrain,巴林
6069,289,2220,25,3839,263,20200514,10,1,0,0,Bahrain,巴林
6418,349,2637,417,3771,-68,20200515,10,0,0,0,Bahrain,巴林
6655,237,2753,116,3890,119,20200516,12,2,0,0,Bahrain,巴林
6930,275,2774,21,4144,254,20200517,12,0,0,0,Bahrain,巴林
7156,226,2929,155,4215,71,20200518,12,0,0,0,Bahrain,巴林
7374,218,2929,0,4433,218,20200519,12,0,0,0,Bahrain,巴林
7843,469,3334,405,4497,64,20200520,12,0,0,0,Bahrain,巴林
8039,196,3715,381,4312,-185,20200521,12,0,0,0,Bahrain,巴林
8368,329,4004,289,4352,40,20200522,12,0,0,0,Bahrain,巴林
8774,406,4462,458,4300,-52,20200523,12,0,0,0,Bahrain,巴林
9093,319,4581,119,4499,199,20200524,13,1,0,0,Bahrain,巴林
9138,45,4587,6,4537,38,20200525,14,1,0,0,Bahrain,巴林
9223,85,4916,329,4293,-244,20200526,14,0,0,0,Bahrain,巴林
9633,410,5142,226,4476,183,20200527,15,1,0,0,Bahrain,巴林
9977,344,5295,153,4667,191,20200528,15,0,0,0,Bahrain,巴林
10052,75,5295,0,4742,75,20200529,15,0,0,0,Bahrain,巴林
10449,397,5295,0,5139,397,20200530,15,0,0,0,Bahrain,巴林
11288,839,6673,1378,4597,-542,20200531,18,3,0,0,Bahrain,巴林
11804,516,7079,406,4706,109,20200601,19,1,0,0,Bahrain,巴林
12229,425,7397,318,4813,107,20200602,19,0,0,0,Bahrain,巴林
12574,345,7410,13,5144,331,20200603,20,1,0,0,Bahrain,巴林
12815,241,7410,0,5384,240,20200604,21,1,0,0,Bahrain,巴林
13733,918,8471,1061,5240,-144,20200605,22,1,0,0,Bahrain,巴林
14224,491,9020,549,5181,-59,20200606,23,1,0,0,Bahrain,巴林
14763,539,9468,448,5270,89,20200607,25,2,0,0,Bahrain,巴林
15417,654,10326,858,5065,-205,20200608,26,1,0,0,Bahrain,巴林
15731,314,10606,280,5096,31,20200609,29,3,0,0,Bahrain,巴林
16200,469,11109,503,5060,-36,20200610,31,2,0,0,Bahrain,巴林
16667,467,11109,0,5526,466,20200611,32,1,0,0,Bahrain,巴林
16667,0,11109,0,5524,-2,20200612,34,2,0,0,Bahrain,巴林
17713,1046,11109,0,6568,1044,20200613,36,2,0,0,Bahrain,巴林
18227,514,11109,0,7079,511,20200614,39,3,0,0,Bahrain,巴林
18544,317,13197,2088,5302,-1777,20200615,45,6,0,0,Bahrain,巴林
19013,469,13267,70,5699,397,20200616,47,2,0,0,Bahrain,巴林
19553,540,13866,599,5640,-59,20200617,47,0,0,0,Bahrain,巴林
19961,408,14185,319,5725,85,20200618,51,4,0,0,Bahrain,巴林
20430,469,14696,511,5678,-47,20200619,56,5,0,0,Bahrain,巴林
20916,486,15287,591,5571,-107,20200620,58,2,0,0,Bahrain,巴林
21331,415,15790,503,5480,-91,20200621,61,3,0,0,Bahrain,巴林
21764,433,16419,629,5282,-198,20200622,63,2,0,0,Bahrain,巴林
22407,643,16862,443,5479,197,20200623,66,3,0,0,Bahrain,巴林
23062,655,16862,0,6133,654,20200624,67,1,0,0,Bahrain,巴林
23570,508,17977,1115,5524,-609,20200625,69,2,0,0,Bahrain,巴林
24081,511,18501,524,5509,-15,20200626,71,2,0,0,Bahrain,巴林
24805,724,19137,636,5592,83,20200627,76,5,0,0,Bahrain,巴林
25267,462,19781,644,5408,-184,20200628,78,2,0,0,Bahrain,巴林
25705,438,19781,0,5841,433,20200629,83,5,0,0,Bahrain,巴林
26239,534,20928,1147,5227,-614,20200630,84,1,0,0,Bahrain,巴林
26758,519,21331,403,5340,113,20200701,87,3,0,0,Bahrain,巴林
27414,656,21948,617,5374,34,20200702,92,5,0,0,Bahrain,巴林
27837,423,22583,635,5160,-214,20200703,94,2,0,0,Bahrain,巴林
28410,573,23318,735,4997,-163,20200704,95,1,0,0,Bahrain,巴林
28857,447,23959,641,4802,-195,20200705,96,1,0,0,Bahrain,巴林
29367,510,24649,690,4620,-182,20200706,98,2,0,0,Bahrain,巴林
29821,454,25178,529,4545,-75,20200707,98,0,0,0,Bahrain,巴林
30321,500,25579,401,4644,99,20200708,98,0,0,0,Bahrain,巴林
