﻿confirmedCount,confirmedIncr,curedCount,curedIncr,currentConfirmedCount,currentConfirmedIncr,dateId,deadCount,deadIncr,suspectedCount,suspectedCountIncr,countryFullName,countryName
3,3,0,0,3,3,20200309,0,0,0,0,Bangladesh,孟加拉国
3,0,0,0,3,0,20200310,0,0,0,0,Bangladesh,孟加拉国
3,0,0,0,3,0,20200311,0,0,0,0,Bangladesh,孟加拉国
3,0,0,0,3,0,20200312,0,0,0,0,Bangladesh,孟加拉国
3,0,0,0,3,0,20200313,0,0,0,0,Bangladesh,孟加拉国
3,0,0,0,3,0,20200314,0,0,0,0,Bangladesh,孟加拉国
3,0,0,0,3,0,20200315,0,0,0,0,Bangladesh,孟加拉国
5,2,0,0,5,2,20200316,0,0,0,0,Bangladesh,孟加拉国
8,3,0,0,8,3,20200317,0,0,0,0,Bangladesh,孟加拉国
8,0,3,3,5,-3,20200318,0,0,0,0,Bangladesh,孟加拉国
17,9,3,0,13,8,20200319,1,1,0,0,Bangladesh,孟加拉国
20,3,3,0,16,3,20200320,1,0,0,0,Bangladesh,孟加拉国
24,4,3,0,19,3,20200321,2,1,0,0,Bangladesh,孟加拉国
27,3,5,2,20,1,20200322,2,0,0,0,Bangladesh,孟加拉国
33,6,5,0,26,6,20200323,2,0,0,0,Bangladesh,孟加拉国
33,0,5,0,25,-1,20200324,3,1,0,0,Bangladesh,孟加拉国
39,6,5,0,30,5,20200325,4,1,0,0,Bangladesh,孟加拉国
44,5,11,6,28,-2,20200326,5,1,0,0,Bangladesh,孟加拉国
48,4,11,0,32,4,20200327,5,0,0,0,Bangladesh,孟加拉国
48,0,11,0,32,0,20200328,5,0,0,0,Bangladesh,孟加拉国
48,0,11,0,32,0,20200329,5,0,0,0,Bangladesh,孟加拉国
49,1,19,8,25,-7,20200330,5,0,0,0,Bangladesh,孟加拉国
51,2,25,6,21,-4,20200331,5,0,0,0,Bangladesh,孟加拉国
54,3,25,0,23,2,20200401,6,1,0,0,Bangladesh,孟加拉国
56,2,25,0,25,2,20200402,6,0,0,0,Bangladesh,孟加拉国
61,5,26,1,29,4,20200403,6,0,0,0,Bangladesh,孟加拉国
70,9,30,4,32,3,20200404,8,2,0,0,Bangladesh,孟加拉国
88,18,33,3,46,14,20200405,9,1,0,0,Bangladesh,孟加拉国
123,35,33,0,78,32,20200406,12,3,0,0,Bangladesh,孟加拉国
164,41,33,0,114,36,20200407,17,5,0,0,Bangladesh,孟加拉国
164,0,33,0,114,0,20200408,17,0,0,0,Bangladesh,孟加拉国
218,54,33,0,165,51,20200409,20,3,0,0,Bangladesh,孟加拉国
330,112,33,0,276,111,20200410,21,1,0,0,Bangladesh,孟加拉国
424,94,33,0,364,88,20200411,27,6,0,0,Bangladesh,孟加拉国
621,197,39,6,548,184,20200412,34,7,0,0,Bangladesh,孟加拉国
803,182,42,3,722,174,20200413,39,5,0,0,Bangladesh,孟加拉国
1012,209,42,0,924,202,20200414,46,7,0,0,Bangladesh,孟加拉国
1012,0,42,0,924,0,20200415,46,0,0,0,Bangladesh,孟加拉国
1231,219,42,0,1139,215,20200416,50,4,0,0,Bangladesh,孟加拉国
1572,341,42,0,1470,331,20200417,60,10,0,0,Bangladesh,孟加拉国
2144,572,66,24,1994,524,20200418,84,24,0,0,Bangladesh,孟加拉国
2456,312,75,9,2290,296,20200419,91,7,0,0,Bangladesh,孟加拉国
2948,492,85,10,2762,472,20200420,101,10,0,0,Bangladesh,孟加拉国
2948,0,85,0,2762,0,20200421,101,0,0,0,Bangladesh,孟加拉国
3382,434,85,0,3187,425,20200422,110,9,0,0,Bangladesh,孟加拉国
3772,390,85,0,3567,380,20200423,120,10,0,0,Bangladesh,孟加拉国
4689,917,112,27,4446,879,20200424,131,11,0,0,Bangladesh,孟加拉国
4998,309,112,0,4746,300,20200425,140,9,0,0,Bangladesh,孟加拉国
4998,0,112,0,4746,0,20200426,140,0,0,0,Bangladesh,孟加拉国
5913,915,131,19,5630,884,20200427,152,12,0,0,Bangladesh,孟加拉国
6462,549,139,8,6168,538,20200428,155,3,0,0,Bangladesh,孟加拉国
7103,641,150,11,6790,622,20200429,163,8,0,0,Bangladesh,孟加拉国
7667,564,160,10,7339,549,20200430,168,5,0,0,Bangladesh,孟加拉国
7667,0,160,0,7339,0,20200501,168,0,0,0,Bangladesh,孟加拉国
8790,1123,177,17,8438,1099,20200502,175,7,0,0,Bangladesh,孟加拉国
8790,0,177,0,8438,0,20200503,175,0,0,0,Bangladesh,孟加拉国
9455,665,177,0,9101,663,20200504,177,2,0,0,Bangladesh,孟加拉国
10143,688,177,0,9784,683,20200505,182,5,0,0,Bangladesh,孟加拉国
11719,1576,177,0,11356,1572,20200506,186,4,0,0,Bangladesh,孟加拉国
11719,0,177,0,11356,0,20200507,186,0,0,0,Bangladesh,孟加拉国
12425,706,177,0,12062,706,20200508,186,0,0,0,Bangladesh,孟加拉国
13770,1345,2414,2237,11142,-920,20200509,214,28,0,0,Bangladesh,孟加拉国
14657,887,2414,0,12015,873,20200510,228,14,0,0,Bangladesh,孟加拉国
15691,1034,2414,0,13038,1023,20200511,239,11,0,0,Bangladesh,孟加拉国
16660,969,3147,733,13263,225,20200512,250,11,0,0,Bangladesh,孟加拉国
17822,1162,3361,214,14192,929,20200513,269,19,0,0,Bangladesh,孟加拉国
18863,1041,3361,0,15219,1027,20200514,283,14,0,0,Bangladesh,孟加拉国
20065,1202,3882,521,15885,666,20200515,298,15,0,0,Bangladesh,孟加拉国
20995,930,4117,235,16564,679,20200516,314,16,0,0,Bangladesh,孟加拉国
22268,1273,4373,256,17567,1003,20200517,328,14,0,0,Bangladesh,孟加拉国
23870,1602,4585,212,18936,1369,20200518,349,21,0,0,Bangladesh,孟加拉国
25121,1251,4585,0,20166,1230,20200519,370,21,0,0,Bangladesh,孟加拉国
26738,1617,5207,622,21145,979,20200520,386,16,0,0,Bangladesh,孟加拉国
28511,1773,5207,0,22896,1751,20200521,408,22,0,0,Bangladesh,孟加拉国
30205,1694,6190,983,23583,687,20200522,432,24,0,0,Bangladesh,孟加拉国
32078,1873,6190,0,25436,1853,20200523,452,20,0,0,Bangladesh,孟加拉国
33610,1532,6901,711,26229,793,20200524,480,28,0,0,Bangladesh,孟加拉国
35585,1975,7334,433,27750,1521,20200525,501,21,0,0,Bangladesh,孟加拉国
36751,1166,7334,0,28895,1145,20200526,522,21,0,0,Bangladesh,孟加拉国
38292,1541,7579,245,30169,1274,20200527,544,22,0,0,Bangladesh,孟加拉国
40321,2029,7925,346,31837,1668,20200528,559,15,0,0,Bangladesh,孟加拉国
42844,2523,9015,1090,33247,1410,20200529,582,23,0,0,Bangladesh,孟加拉国
44608,1764,9015,0,34983,1736,20200530,610,28,0,0,Bangladesh,孟加拉国
47153,2545,9781,766,36722,1739,20200531,650,40,0,0,Bangladesh,孟加拉国
49534,2381,10597,816,38265,1543,20200601,672,22,0,0,Bangladesh,孟加拉国
52445,2911,11120,523,40616,2351,20200602,709,37,0,0,Bangladesh,孟加拉国
55140,2695,11590,470,42804,2188,20200603,746,37,0,0,Bangladesh,孟加拉国
57563,2423,12161,571,44621,1817,20200604,781,35,0,0,Bangladesh,孟加拉国
60391,2828,12804,643,46776,2155,20200605,811,30,0,0,Bangladesh,孟加拉国
63026,2635,13325,521,48855,2079,20200606,846,35,0,0,Bangladesh,孟加拉国
65769,2743,13923,598,50958,2103,20200607,888,42,0,0,Bangladesh,孟加拉国
68504,2735,14507,584,53067,2109,20200608,930,42,0,0,Bangladesh,孟加拉国
71675,3171,15336,829,55364,2297,20200609,975,45,0,0,Bangladesh,孟加拉国
74865,3190,15900,564,57953,2589,20200610,1012,37,0,0,Bangladesh,孟加拉国
78052,3187,16748,848,60255,2302,20200611,1049,37,0,0,Bangladesh,孟加拉国
81523,3471,17250,502,63178,2923,20200612,1095,46,0,0,Bangladesh,孟加拉国
84379,2856,17827,577,65413,2235,20200613,1139,44,0,0,Bangladesh,孟加拉国
87520,3141,18730,903,67619,2206,20200614,1171,32,0,0,Bangladesh,孟加拉国
90619,3099,18731,1,70679,3060,20200615,1209,38,0,0,Bangladesh,孟加拉国
94481,3862,36264,17533,56955,-13724,20200616,1262,53,0,0,Bangladesh,孟加拉国
98489,4008,38189,1925,58995,2040,20200617,1305,43,0,0,Bangladesh,孟加拉国
102292,3803,40164,1975,60785,1790,20200618,1343,38,0,0,Bangladesh,孟加拉国
105535,3243,42945,2781,61202,417,20200619,1388,45,0,0,Bangladesh,孟加拉国
108775,3240,43993,1048,63357,2155,20200620,1425,37,0,0,Bangladesh,孟加拉国
112306,3531,45077,1084,65765,2408,20200621,1464,39,0,0,Bangladesh,孟加拉国
115786,3480,46755,1678,67529,1764,20200622,1502,38,0,0,Bangladesh,孟加拉国
119198,3412,47635,880,70018,2489,20200623,1545,43,0,0,Bangladesh,孟加拉国
122660,3462,49666,2031,71412,1394,20200624,1582,37,0,0,Bangladesh,孟加拉国
126606,3946,51495,1829,73490,2078,20200625,1621,39,0,0,Bangladesh,孟加拉国
130474,3868,53133,1638,75680,2190,20200626,1661,40,0,0,Bangladesh,孟加拉国
133978,3504,54318,1185,77965,2285,20200627,1695,34,0,0,Bangladesh,孟加拉国
137787,3809,55727,1409,80322,2357,20200628,1738,43,0,0,Bangladesh,孟加拉国
141801,4014,57780,2053,82238,1916,20200629,1783,45,0,0,Bangladesh,孟加拉国
145483,3682,59824,2044,83812,1574,20200630,1847,64,0,0,Bangladesh,孟加拉国
149258,3775,62108,2284,85262,1450,20200701,1888,41,0,0,Bangladesh,孟加拉国
153277,4019,66442,4334,84909,-353,20200702,1926,38,0,0,Bangladesh,孟加拉国
156391,3114,68048,1606,86375,1466,20200703,1968,42,0,0,Bangladesh,孟加拉国
159679,3288,70721,2673,86961,586,20200704,1997,29,0,0,Bangladesh,孟加拉国
162419,2740,72625,1904,87742,781,20200705,2052,55,0,0,Bangladesh,孟加拉国
165618,3199,76149,3524,87373,-369,20200706,2096,44,0,0,Bangladesh,孟加拉国
168645,3027,78102,1953,88392,1019,20200707,2151,55,0,0,Bangladesh,孟加拉国
172134,3489,80838,2736,89099,707,20200708,2197,46,0,0,Bangladesh,孟加拉国
