﻿confirmedCount,confirmedIncr,curedCount,curedIncr,currentConfirmedCount,currentConfirmedIncr,dateId,deadCount,deadIncr,suspectedCount,suspectedCountIncr,countryFullName,countryName
1,1,0,0,1,1,20200317,0,0,0,0,Benin,贝宁
1,0,0,0,1,0,20200318,0,0,0,0,Benin,贝宁
1,0,0,0,1,0,20200319,0,0,0,0,Benin,贝宁
2,1,0,0,2,1,20200320,0,0,0,0,Benin,贝宁
2,0,0,0,2,0,20200321,0,0,0,0,Benin,贝宁
2,0,0,0,2,0,20200322,0,0,0,0,Benin,贝宁
2,0,0,0,2,0,20200323,0,0,0,0,Benin,贝宁
5,3,0,0,5,3,20200324,0,0,0,0,Benin,贝宁
5,0,0,0,5,0,20200325,0,0,0,0,Benin,贝宁
5,0,0,0,5,0,20200326,0,0,0,0,Benin,贝宁
6,1,0,0,6,1,20200327,0,0,0,0,Benin,贝宁
6,0,0,0,6,0,20200328,0,0,0,0,Benin,贝宁
6,0,0,0,6,0,20200329,0,0,0,0,Benin,贝宁
6,0,0,0,6,0,20200330,0,0,0,0,Benin,贝宁
6,0,0,0,6,0,20200331,0,0,0,0,Benin,贝宁
13,7,1,1,12,6,20200401,0,0,0,0,Benin,贝宁
13,0,1,0,12,0,20200402,0,0,0,0,Benin,贝宁
16,3,2,1,14,2,20200403,0,0,0,0,Benin,贝宁
16,0,2,0,14,0,20200404,0,0,0,0,Benin,贝宁
22,6,5,3,17,3,20200405,0,0,0,0,Benin,贝宁
22,0,5,0,16,-1,20200406,1,1,0,0,Benin,贝宁
26,4,5,0,20,4,20200407,1,0,0,0,Benin,贝宁
26,0,5,0,20,0,20200408,1,0,0,0,Benin,贝宁
26,0,5,0,20,0,20200409,1,0,0,0,Benin,贝宁
35,9,5,0,29,9,20200410,1,0,0,0,Benin,贝宁
35,0,5,0,29,0,20200411,1,0,0,0,Benin,贝宁
35,0,5,0,28,-1,20200412,2,1,0,0,Benin,贝宁
35,0,5,0,28,0,20200413,2,0,0,0,Benin,贝宁
35,0,18,13,16,-12,20200414,1,-1,0,0,Benin,贝宁
35,0,18,0,16,0,20200415,1,0,0,0,Benin,贝宁
35,0,18,0,16,0,20200416,1,0,0,0,Benin,贝宁
37,2,18,0,18,2,20200417,1,0,0,0,Benin,贝宁
37,0,18,0,18,0,20200418,1,0,0,0,Benin,贝宁
37,0,18,0,18,0,20200419,1,0,0,0,Benin,贝宁
54,17,27,9,26,8,20200420,1,0,0,0,Benin,贝宁
54,0,27,0,26,0,20200421,1,0,0,0,Benin,贝宁
54,0,27,0,26,0,20200422,1,0,0,0,Benin,贝宁
54,0,27,0,26,0,20200423,1,0,0,0,Benin,贝宁
58,4,27,0,30,4,20200424,1,0,0,0,Benin,贝宁
58,0,27,0,30,0,20200425,1,0,0,0,Benin,贝宁
58,0,27,0,30,0,20200426,1,0,0,0,Benin,贝宁
64,6,33,6,30,0,20200427,1,0,0,0,Benin,贝宁
64,0,33,0,30,0,20200428,1,0,0,0,Benin,贝宁
64,0,33,0,30,0,20200429,1,0,0,0,Benin,贝宁
69,5,33,0,34,4,20200430,2,1,0,0,Benin,贝宁
90,21,42,9,46,12,20200501,2,0,0,0,Benin,贝宁
90,0,42,0,46,0,20200502,2,0,0,0,Benin,贝宁
90,0,42,0,46,0,20200503,2,0,0,0,Benin,贝宁
90,0,42,0,46,0,20200504,2,0,0,0,Benin,贝宁
96,6,42,0,52,6,20200505,2,0,0,0,Benin,贝宁
102,6,42,0,58,6,20200506,2,0,0,0,Benin,贝宁
140,38,53,11,85,27,20200507,2,0,0,0,Benin,贝宁
140,0,53,0,85,0,20200508,2,0,0,0,Benin,贝宁
284,144,62,9,220,135,20200509,2,0,0,0,Benin,贝宁
284,0,62,0,220,0,20200510,2,0,0,0,Benin,贝宁
319,35,62,0,255,35,20200511,2,0,0,0,Benin,贝宁
319,0,62,0,255,0,20200512,2,0,0,0,Benin,贝宁
327,8,62,0,263,8,20200513,2,0,0,0,Benin,贝宁
327,0,62,0,263,0,20200514,2,0,0,0,Benin,贝宁
339,12,62,0,275,12,20200515,2,0,0,0,Benin,贝宁
339,0,62,0,275,0,20200516,2,0,0,0,Benin,贝宁
339,0,62,0,275,0,20200517,2,0,0,0,Benin,贝宁
339,0,62,0,275,0,20200518,2,0,0,0,Benin,贝宁
339,0,62,0,275,0,20200519,2,0,0,0,Benin,贝宁
339,0,62,0,275,0,20200520,2,0,0,0,Benin,贝宁
339,0,62,0,275,0,20200521,2,0,0,0,Benin,贝宁
339,0,62,0,274,-1,20200522,3,1,0,0,Benin,贝宁
339,0,62,0,274,0,20200523,3,0,0,0,Benin,贝宁
339,0,62,0,274,0,20200524,3,0,0,0,Benin,贝宁
339,0,62,0,274,0,20200525,3,0,0,0,Benin,贝宁
339,0,62,0,274,0,20200526,3,0,0,0,Benin,贝宁
339,0,62,0,274,0,20200527,3,0,0,0,Benin,贝宁
339,0,62,0,274,0,20200528,3,0,0,0,Benin,贝宁
339,0,62,0,274,0,20200529,3,0,0,0,Benin,贝宁
339,0,62,0,274,0,20200530,3,0,0,0,Benin,贝宁
339,0,62,0,274,0,20200531,3,0,0,0,Benin,贝宁
339,0,62,0,274,0,20200601,3,0,0,0,Benin,贝宁
339,0,62,0,274,0,20200602,3,0,0,0,Benin,贝宁
339,0,62,0,274,0,20200603,3,0,0,0,Benin,贝宁
339,0,62,0,274,0,20200604,3,0,0,0,Benin,贝宁
339,0,62,0,274,0,20200605,3,0,0,0,Benin,贝宁
339,0,62,0,274,0,20200606,3,0,0,0,Benin,贝宁
339,0,62,0,273,-1,20200607,4,1,0,0,Benin,贝宁
339,0,62,0,273,0,20200608,4,0,0,0,Benin,贝宁
339,0,62,0,273,0,20200609,4,0,0,0,Benin,贝宁
339,0,62,0,273,0,20200610,4,0,0,0,Benin,贝宁
339,0,62,0,273,0,20200611,4,0,0,0,Benin,贝宁
390,51,62,0,323,50,20200612,5,1,0,0,Benin,贝宁
412,22,62,0,344,21,20200613,6,1,0,0,Benin,贝宁
442,30,228,166,208,-136,20200614,6,0,0,0,Benin,贝宁
470,28,228,0,235,27,20200615,7,1,0,0,Benin,贝宁
483,13,228,0,246,11,20200616,9,2,0,0,Benin,贝宁
483,0,228,0,246,0,20200617,9,0,0,0,Benin,贝宁
572,89,228,0,335,89,20200618,9,0,0,0,Benin,贝宁
650,78,247,19,392,57,20200619,11,2,0,0,Benin,贝宁
650,0,247,0,392,0,20200620,11,0,0,0,Benin,贝宁
650,0,247,0,392,0,20200621,11,0,0,0,Benin,贝宁
807,157,253,6,541,149,20200622,13,2,0,0,Benin,贝宁
807,0,253,0,541,0,20200623,13,0,0,0,Benin,贝宁
850,43,253,0,584,43,20200624,13,0,0,0,Benin,贝宁
1017,167,288,35,715,131,20200625,14,1,0,0,Benin,贝宁
1053,36,292,4,747,32,20200626,14,0,0,0,Benin,贝宁
1053,0,292,0,747,0,20200627,14,0,0,0,Benin,贝宁
1149,96,306,14,827,80,20200628,16,2,0,0,Benin,贝宁
1149,0,306,0,827,0,20200629,16,0,0,0,Benin,贝宁
1187,38,306,0,862,35,20200630,19,3,0,0,Benin,贝宁
1199,12,306,0,872,10,20200701,21,2,0,0,Benin,贝宁
1199,0,306,0,872,0,20200702,21,0,0,0,Benin,贝宁
1199,0,306,0,872,0,20200703,21,0,0,0,Benin,贝宁
1199,0,306,0,872,0,20200704,21,0,0,0,Benin,贝宁
1199,0,306,0,872,0,20200705,21,0,0,0,Benin,贝宁
1199,0,306,0,872,0,20200706,21,0,0,0,Benin,贝宁
1199,0,306,0,872,0,20200707,21,0,0,0,Benin,贝宁
1285,86,306,0,956,84,20200708,23,2,0,0,Benin,贝宁
