﻿confirmedCount,confirmedIncr,curedCount,curedIncr,currentConfirmedCount,currentConfirmedIncr,dateId,deadCount,deadIncr,suspectedCount,suspectedCountIncr,countryFullName,countryName
2,2,0,0,2,2,20200311,0,0,0,0,Bolivia (Plurinational State of),玻利维亚
2,0,0,0,2,0,20200312,0,0,0,0,Bolivia (Plurinational State of),玻利维亚
3,1,0,0,3,1,20200313,0,0,0,0,Bolivia (Plurinational State of),玻利维亚
3,0,0,0,3,0,20200314,0,0,0,0,Bolivia (Plurinational State of),玻利维亚
3,0,0,0,3,0,20200315,0,0,0,0,Bolivia (Plurinational State of),玻利维亚
11,8,0,0,11,8,20200316,0,0,0,0,Bolivia (Plurinational State of),玻利维亚
11,0,0,0,11,0,20200317,0,0,0,0,Bolivia (Plurinational State of),玻利维亚
11,0,0,0,11,0,20200318,0,0,0,0,Bolivia (Plurinational State of),玻利维亚
11,0,0,0,11,0,20200319,0,0,0,0,Bolivia (Plurinational State of),玻利维亚
15,4,0,0,15,4,20200320,0,0,0,0,Bolivia (Plurinational State of),玻利维亚
16,1,0,0,16,1,20200321,0,0,0,0,Bolivia (Plurinational State of),玻利维亚
19,3,0,0,19,3,20200322,0,0,0,0,Bolivia (Plurinational State of),玻利维亚
24,5,0,0,24,5,20200323,0,0,0,0,Bolivia (Plurinational State of),玻利维亚
27,3,0,0,27,3,20200324,0,0,0,0,Bolivia (Plurinational State of),玻利维亚
28,1,0,0,28,1,20200325,0,0,0,0,Bolivia (Plurinational State of),玻利维亚
39,11,0,0,39,11,20200326,0,0,0,0,Bolivia (Plurinational State of),玻利维亚
39,0,0,0,39,0,20200327,0,0,0,0,Bolivia (Plurinational State of),玻利维亚
61,22,0,0,61,22,20200328,0,0,0,0,Bolivia (Plurinational State of),玻利维亚
74,13,0,0,74,13,20200329,0,0,0,0,Bolivia (Plurinational State of),玻利维亚
74,0,0,0,74,0,20200330,0,0,0,0,Bolivia (Plurinational State of),玻利维亚
97,23,0,0,92,18,20200331,5,5,0,0,Bolivia (Plurinational State of),玻利维亚
107,10,0,0,101,9,20200401,6,1,0,0,Bolivia (Plurinational State of),玻利维亚
115,8,0,0,108,7,20200402,7,1,0,0,Bolivia (Plurinational State of),玻利维亚
123,8,0,0,115,7,20200403,8,1,0,0,Bolivia (Plurinational State of),玻利维亚
132,9,0,0,123,8,20200404,9,1,0,0,Bolivia (Plurinational State of),玻利维亚
139,7,0,0,129,6,20200405,10,1,0,0,Bolivia (Plurinational State of),玻利维亚
157,18,0,0,147,18,20200406,10,0,0,0,Bolivia (Plurinational State of),玻利维亚
183,26,0,0,172,25,20200407,11,1,0,0,Bolivia (Plurinational State of),玻利维亚
194,11,0,0,180,8,20200408,14,3,0,0,Bolivia (Plurinational State of),玻利维亚
210,16,0,0,195,15,20200409,15,1,0,0,Bolivia (Plurinational State of),玻利维亚
268,58,0,0,249,54,20200410,19,4,0,0,Bolivia (Plurinational State of),玻利维亚
268,0,0,0,249,0,20200411,19,0,0,0,Bolivia (Plurinational State of),玻利维亚
275,7,0,0,255,6,20200412,20,1,0,0,Bolivia (Plurinational State of),玻利维亚
300,25,0,0,276,21,20200413,24,4,0,0,Bolivia (Plurinational State of),玻利维亚
330,30,0,0,303,27,20200414,27,3,0,0,Bolivia (Plurinational State of),玻利维亚
330,0,0,0,303,0,20200415,27,0,0,0,Bolivia (Plurinational State of),玻利维亚
397,67,0,0,369,66,20200416,28,1,0,0,Bolivia (Plurinational State of),玻利维亚
441,44,0,0,412,43,20200417,29,1,0,0,Bolivia (Plurinational State of),玻利维亚
465,24,0,0,434,22,20200418,31,2,0,0,Bolivia (Plurinational State of),玻利维亚
493,28,0,0,462,28,20200419,31,0,0,0,Bolivia (Plurinational State of),玻利维亚
520,27,0,0,488,26,20200420,32,1,0,0,Bolivia (Plurinational State of),玻利维亚
564,44,0,0,531,43,20200421,33,1,0,0,Bolivia (Plurinational State of),玻利维亚
598,34,0,0,564,33,20200422,34,1,0,0,Bolivia (Plurinational State of),玻利维亚
609,11,0,0,572,8,20200423,37,3,0,0,Bolivia (Plurinational State of),玻利维亚
672,63,0,0,632,60,20200424,40,3,0,0,Bolivia (Plurinational State of),玻利维亚
703,31,0,0,660,28,20200425,43,3,0,0,Bolivia (Plurinational State of),玻利维亚
807,104,0,0,763,103,20200426,44,1,0,0,Bolivia (Plurinational State of),玻利维亚
866,59,0,0,820,57,20200427,46,2,0,0,Bolivia (Plurinational State of),玻利维亚
950,84,50,50,820,0,20200428,80,34,0,0,Bolivia (Plurinational State of),玻利维亚
1014,64,50,0,884,64,20200429,80,0,0,0,Bolivia (Plurinational State of),玻利维亚
1053,39,50,0,923,39,20200430,80,0,0,0,Bolivia (Plurinational State of),玻利维亚
1110,57,50,0,980,57,20200501,80,0,0,0,Bolivia (Plurinational State of),玻利维亚
1167,57,50,0,1037,57,20200502,80,0,0,0,Bolivia (Plurinational State of),玻利维亚
1470,303,159,109,1231,194,20200503,80,0,0,0,Bolivia (Plurinational State of),玻利维亚
1470,0,159,0,1231,0,20200504,80,0,0,0,Bolivia (Plurinational State of),玻利维亚
1594,124,159,0,1355,124,20200505,80,0,0,0,Bolivia (Plurinational State of),玻利维亚
1681,87,159,0,1440,85,20200506,82,2,0,0,Bolivia (Plurinational State of),玻利维亚
1802,121,159,0,1557,117,20200507,86,4,0,0,Bolivia (Plurinational State of),玻利维亚
1886,84,159,0,1636,79,20200508,91,5,0,0,Bolivia (Plurinational State of),玻利维亚
2081,195,159,0,1820,184,20200509,102,11,0,0,Bolivia (Plurinational State of),玻利维亚
2266,185,159,0,2001,181,20200510,106,4,0,0,Bolivia (Plurinational State of),玻利维亚
2437,171,159,0,2164,163,20200511,114,8,0,0,Bolivia (Plurinational State of),玻利维亚
2556,119,159,0,2279,115,20200512,118,4,0,0,Bolivia (Plurinational State of),玻利维亚
2831,275,159,0,2550,271,20200513,122,4,0,0,Bolivia (Plurinational State of),玻利维亚
2964,133,159,0,2677,127,20200514,128,6,0,0,Bolivia (Plurinational State of),玻利维亚
3148,184,159,0,2847,170,20200515,142,14,0,0,Bolivia (Plurinational State of),玻利维亚
3372,224,159,0,3061,214,20200516,152,10,0,0,Bolivia (Plurinational State of),玻利维亚
3577,205,159,0,3254,193,20200517,164,12,0,0,Bolivia (Plurinational State of),玻利维亚
3826,249,159,0,3502,248,20200518,165,1,0,0,Bolivia (Plurinational State of),玻利维亚
4088,262,159,0,3760,258,20200519,169,4,0,0,Bolivia (Plurinational State of),玻利维亚
4263,175,159,0,3930,170,20200520,174,5,0,0,Bolivia (Plurinational State of),玻利维亚
4481,218,159,0,4133,203,20200521,189,15,0,0,Bolivia (Plurinational State of),玻利维亚
4919,438,159,0,4561,428,20200522,199,10,0,0,Bolivia (Plurinational State of),玻利维亚
5187,268,159,0,4813,252,20200523,215,16,0,0,Bolivia (Plurinational State of),玻利维亚
5579,392,159,0,5190,377,20200524,230,15,0,0,Bolivia (Plurinational State of),玻利维亚
5915,336,159,0,5516,326,20200525,240,10,0,0,Bolivia (Plurinational State of),玻利维亚
6263,348,159,0,5854,338,20200526,250,10,0,0,Bolivia (Plurinational State of),玻利维亚
6660,397,159,0,6240,386,20200527,261,11,0,0,Bolivia (Plurinational State of),玻利维亚
7136,476,159,0,6703,463,20200528,274,13,0,0,Bolivia (Plurinational State of),玻利维亚
7768,632,159,0,7329,626,20200529,280,6,0,0,Bolivia (Plurinational State of),玻利维亚
8387,619,159,0,7935,606,20200530,293,13,0,0,Bolivia (Plurinational State of),玻利维亚
8731,344,159,0,8272,337,20200531,300,7,0,0,Bolivia (Plurinational State of),玻利维亚
9592,861,159,0,9123,851,20200601,310,10,0,0,Bolivia (Plurinational State of),玻利维亚
9982,390,159,0,9510,387,20200602,313,3,0,0,Bolivia (Plurinational State of),玻利维亚
10531,549,159,0,10029,519,20200603,343,30,0,0,Bolivia (Plurinational State of),玻利维亚
10991,460,159,0,10456,427,20200604,376,33,0,0,Bolivia (Plurinational State of),玻利维亚
11638,647,159,0,11079,623,20200605,400,24,0,0,Bolivia (Plurinational State of),玻利维亚
12245,607,159,0,11671,592,20200606,415,15,0,0,Bolivia (Plurinational State of),玻利维亚
12728,483,159,0,12142,471,20200607,427,12,0,0,Bolivia (Plurinational State of),玻利维亚
13358,630,159,0,12745,603,20200608,454,27,0,0,Bolivia (Plurinational State of),玻利维亚
13643,285,159,0,13019,274,20200609,465,11,0,0,Bolivia (Plurinational State of),玻利维亚
13949,306,159,0,13315,296,20200610,475,10,0,0,Bolivia (Plurinational State of),玻利维亚
14644,695,159,0,13998,683,20200611,487,12,0,0,Bolivia (Plurinational State of),玻利维亚
15281,637,159,0,14610,612,20200612,512,25,0,0,Bolivia (Plurinational State of),玻利维亚
16929,1648,159,0,16211,1601,20200613,559,47,0,0,Bolivia (Plurinational State of),玻利维亚
16929,0,159,0,16211,0,20200614,559,0,0,0,Bolivia (Plurinational State of),玻利维亚
17842,913,159,0,17098,887,20200615,585,26,0,0,Bolivia (Plurinational State of),玻利维亚
18459,617,159,0,17689,591,20200616,611,26,0,0,Bolivia (Plurinational State of),玻利维亚
18459,0,159,0,17689,0,20200617,611,0,0,0,Bolivia (Plurinational State of),玻利维亚
19883,1424,159,0,19065,1376,20200618,659,48,0,0,Bolivia (Plurinational State of),玻利维亚
20685,802,159,0,19847,782,20200619,679,20,0,0,Bolivia (Plurinational State of),玻利维亚
21499,814,159,0,20643,796,20200620,697,18,0,0,Bolivia (Plurinational State of),玻利维亚
22476,977,159,0,21602,959,20200621,715,18,0,0,Bolivia (Plurinational State of),玻利维亚
23512,1036,159,0,22613,1011,20200622,740,25,0,0,Bolivia (Plurinational State of),玻利维亚
24388,876,159,0,23456,843,20200623,773,33,0,0,Bolivia (Plurinational State of),玻利维亚
25493,1105,159,0,24514,1058,20200624,820,47,0,0,Bolivia (Plurinational State of),玻利维亚
26389,896,159,0,25384,870,20200625,846,26,0,0,Bolivia (Plurinational State of),玻利维亚
27487,1098,159,0,26452,1068,20200626,876,30,0,0,Bolivia (Plurinational State of),玻利维亚
28503,1016,159,0,27431,979,20200627,913,37,0,0,Bolivia (Plurinational State of),玻利维亚
30676,2173,8158,7999,21548,-5883,20200628,970,57,0,0,Bolivia (Plurinational State of),玻利维亚
30676,0,8158,0,21548,0,20200629,970,0,0,0,Bolivia (Plurinational State of),玻利维亚
31524,848,8158,0,22352,804,20200630,1014,44,0,0,Bolivia (Plurinational State of),玻利维亚
32125,601,8158,0,22896,544,20200701,1071,57,0,0,Bolivia (Plurinational State of),玻利维亚
33219,1094,8158,0,23938,1042,20200702,1123,52,0,0,Bolivia (Plurinational State of),玻利维亚
35528,2309,10358,2200,23899,-39,20200703,1271,148,0,0,Bolivia (Plurinational State of),玻利维亚
35528,0,10358,0,23899,0,20200704,1271,0,0,0,Bolivia (Plurinational State of),玻利维亚
36818,1290,10358,0,25140,1241,20200705,1320,49,0,0,Bolivia (Plurinational State of),玻利维亚
38071,1253,10358,0,26335,1195,20200706,1378,58,0,0,Bolivia (Plurinational State of),玻利维亚
39297,1226,10358,0,27505,1170,20200707,1434,56,0,0,Bolivia (Plurinational State of),玻利维亚
40509,1212,10358,0,28675,1170,20200708,1476,42,0,0,Bolivia (Plurinational State of),玻利维亚
