﻿confirmedCount,confirmedIncr,curedCount,curedIncr,currentConfirmedCount,currentConfirmedIncr,dateId,deadCount,deadIncr,suspectedCount,suspectedCountIncr,countryFullName,countryName
2,2,0,0,2,2,20200305,0,0,0,0,Bosnia and Herzegovina,波黑
2,0,0,0,2,0,20200306,0,0,0,0,Bosnia and Herzegovina,波黑
2,0,0,0,2,0,20200307,0,0,0,0,Bosnia and Herzegovina,波黑
2,0,0,0,2,0,20200308,0,0,0,0,Bosnia and Herzegovina,波黑
2,0,0,0,2,0,20200309,0,0,0,0,Bosnia and Herzegovina,波黑
2,0,0,0,2,0,20200310,0,0,0,0,Bosnia and Herzegovina,波黑
4,2,0,0,4,2,20200311,0,0,0,0,Bosnia and Herzegovina,波黑
4,0,0,0,4,0,20200312,0,0,0,0,Bosnia and Herzegovina,波黑
4,0,0,0,4,0,20200313,0,0,0,0,Bosnia and Herzegovina,波黑
11,7,0,0,11,7,20200314,0,0,0,0,Bosnia and Herzegovina,波黑
18,7,0,0,18,7,20200315,0,0,0,0,Bosnia and Herzegovina,波黑
18,0,0,0,18,0,20200316,0,0,0,0,Bosnia and Herzegovina,波黑
19,1,0,0,19,1,20200317,0,0,0,0,Bosnia and Herzegovina,波黑
19,0,0,0,19,0,20200318,0,0,0,0,Bosnia and Herzegovina,波黑
64,45,0,0,64,45,20200319,0,0,0,0,Bosnia and Herzegovina,波黑
64,0,0,0,64,0,20200320,0,0,0,0,Bosnia and Herzegovina,波黑
64,0,0,0,64,0,20200321,0,0,0,0,Bosnia and Herzegovina,波黑
92,28,0,0,91,27,20200322,1,1,0,0,Bosnia and Herzegovina,波黑
131,39,2,2,128,37,20200323,1,0,0,0,Bosnia and Herzegovina,波黑
131,0,2,0,128,0,20200324,1,0,0,0,Bosnia and Herzegovina,波黑
176,45,2,0,171,43,20200325,3,2,0,0,Bosnia and Herzegovina,波黑
176,0,2,0,171,0,20200326,3,0,0,0,Bosnia and Herzegovina,波黑
230,54,5,3,221,50,20200327,4,1,0,0,Bosnia and Herzegovina,波黑
233,3,5,0,224,3,20200328,4,0,0,0,Bosnia and Herzegovina,波黑
324,91,8,3,310,86,20200329,6,2,0,0,Bosnia and Herzegovina,波黑
358,34,17,9,332,22,20200330,9,3,0,0,Bosnia and Herzegovina,波黑
409,51,17,0,380,48,20200331,12,3,0,0,Bosnia and Herzegovina,波黑
413,4,17,0,384,4,20200401,12,0,0,0,Bosnia and Herzegovina,波黑
464,51,17,0,434,50,20200402,13,1,0,0,Bosnia and Herzegovina,波黑
575,111,17,0,542,108,20200403,16,3,0,0,Bosnia and Herzegovina,波黑
624,49,30,13,573,31,20200404,21,5,0,0,Bosnia and Herzegovina,波黑
632,8,30,0,581,8,20200405,21,0,0,0,Bosnia and Herzegovina,波黑
674,42,47,17,598,17,20200406,29,8,0,0,Bosnia and Herzegovina,波黑
695,21,47,0,619,21,20200407,29,0,0,0,Bosnia and Herzegovina,波黑
804,109,79,32,691,72,20200408,34,5,0,0,Bosnia and Herzegovina,波黑
846,42,101,22,710,19,20200409,35,1,0,0,Bosnia and Herzegovina,波黑
886,40,129,28,721,11,20200410,36,1,0,0,Bosnia and Herzegovina,波黑
901,15,139,10,725,4,20200411,37,1,0,0,Bosnia and Herzegovina,波黑
1000,99,193,54,768,43,20200412,39,2,0,0,Bosnia and Herzegovina,波黑
1046,46,206,13,801,33,20200413,39,0,0,0,Bosnia and Herzegovina,波黑
1076,30,234,28,801,0,20200414,41,2,0,0,Bosnia and Herzegovina,波黑
1106,30,251,17,813,12,20200415,42,1,0,0,Bosnia and Herzegovina,波黑
1159,53,275,24,840,27,20200416,44,2,0,0,Bosnia and Herzegovina,波黑
1195,36,322,47,829,-11,20200417,44,0,0,0,Bosnia and Herzegovina,波黑
1245,50,341,19,857,28,20200418,47,3,0,0,Bosnia and Herzegovina,波黑
1268,23,347,6,872,15,20200419,49,2,0,0,Bosnia and Herzegovina,波黑
1276,8,381,34,845,-27,20200420,50,1,0,0,Bosnia and Herzegovina,波黑
1318,42,398,17,869,24,20200421,51,1,0,0,Bosnia and Herzegovina,波黑
1350,32,460,62,836,-33,20200422,54,3,0,0,Bosnia and Herzegovina,波黑
1387,37,476,16,857,21,20200423,54,0,0,0,Bosnia and Herzegovina,波黑
1413,26,538,62,820,-37,20200424,55,1,0,0,Bosnia and Herzegovina,波黑
1458,45,592,54,808,-12,20200425,58,3,0,0,Bosnia and Herzegovina,波黑
1488,30,628,36,801,-7,20200426,59,1,0,0,Bosnia and Herzegovina,波黑
1537,49,659,31,818,17,20200427,60,1,0,0,Bosnia and Herzegovina,波黑
1557,20,695,36,800,-18,20200428,62,2,0,0,Bosnia and Herzegovina,波黑
1651,94,720,25,866,66,20200429,65,3,0,0,Bosnia and Herzegovina,波黑
1689,38,720,0,904,38,20200430,65,0,0,0,Bosnia and Herzegovina,波黑
1756,67,766,46,920,16,20200501,70,5,0,0,Bosnia and Herzegovina,波黑
1817,61,790,24,955,35,20200502,72,2,0,0,Bosnia and Herzegovina,波黑
1817,0,790,0,955,0,20200503,72,0,0,0,Bosnia and Herzegovina,波黑
1914,97,866,76,970,15,20200504,78,6,0,0,Bosnia and Herzegovina,波黑
1934,20,920,54,934,-36,20200505,80,2,0,0,Bosnia and Herzegovina,波黑
1975,41,937,17,956,22,20200506,82,2,0,0,Bosnia and Herzegovina,波黑
2017,42,937,0,993,37,20200507,87,5,0,0,Bosnia and Herzegovina,波黑
2056,39,945,8,1013,20,20200508,98,11,0,0,Bosnia and Herzegovina,波黑
2070,14,945,0,1027,14,20200509,98,0,0,0,Bosnia and Herzegovina,波黑
2106,36,1109,164,885,-142,20200510,112,14,0,0,Bosnia and Herzegovina,波黑
2106,0,1109,0,885,0,20200511,112,0,0,0,Bosnia and Herzegovina,波黑
2147,41,1118,9,912,27,20200512,117,5,0,0,Bosnia and Herzegovina,波黑
2172,25,1178,60,874,-38,20200513,120,3,0,0,Bosnia and Herzegovina,波黑
2210,38,1178,0,910,36,20200514,122,2,0,0,Bosnia and Herzegovina,波黑
2216,6,1178,0,915,5,20200515,123,1,0,0,Bosnia and Herzegovina,波黑
2263,47,1261,83,874,-41,20200516,128,5,0,0,Bosnia and Herzegovina,波黑
2265,2,1261,0,873,-1,20200517,131,3,0,0,Bosnia and Herzegovina,波黑
2289,24,1261,0,896,23,20200518,132,1,0,0,Bosnia and Herzegovina,波黑
2318,29,1428,167,758,-138,20200519,132,0,0,0,Bosnia and Herzegovina,波黑
2336,18,1446,18,757,-1,20200520,133,1,0,0,Bosnia and Herzegovina,波黑
2351,15,1446,0,769,12,20200521,136,3,0,0,Bosnia and Herzegovina,波黑
2352,1,1446,0,767,-2,20200522,139,3,0,0,Bosnia and Herzegovina,波黑
2393,41,1556,110,697,-70,20200523,140,1,0,0,Bosnia and Herzegovina,波黑
2393,0,1556,0,697,0,20200524,140,0,0,0,Bosnia and Herzegovina,波黑
2393,0,1556,0,696,-1,20200525,141,1,0,0,Bosnia and Herzegovina,波黑
2405,12,1556,0,704,8,20200526,145,4,0,0,Bosnia and Herzegovina,波黑
2439,34,1637,81,653,-51,20200527,149,4,0,0,Bosnia and Herzegovina,波黑
2467,28,1674,37,644,-9,20200528,149,0,0,0,Bosnia and Herzegovina,波黑
2489,22,1696,22,641,-3,20200529,152,3,0,0,Bosnia and Herzegovina,波黑
2489,0,1696,0,641,0,20200530,152,0,0,0,Bosnia and Herzegovina,波黑
2493,4,1696,0,645,4,20200531,152,0,0,0,Bosnia and Herzegovina,波黑
2509,16,1696,0,661,16,20200601,152,0,0,0,Bosnia and Herzegovina,波黑
2523,14,1696,0,674,13,20200602,153,1,0,0,Bosnia and Herzegovina,波黑
2534,11,1696,0,682,8,20200603,156,3,0,0,Bosnia and Herzegovina,波黑
2598,64,1951,255,491,-191,20200604,156,0,0,0,Bosnia and Herzegovina,波黑
2610,12,1968,17,484,-7,20200605,158,2,0,0,Bosnia and Herzegovina,波黑
2610,0,1968,0,484,0,20200606,158,0,0,0,Bosnia and Herzegovina,波黑
2678,68,2003,35,517,33,20200607,158,0,0,0,Bosnia and Herzegovina,波黑
2678,0,2003,0,516,-1,20200608,159,1,0,0,Bosnia and Herzegovina,波黑
2739,61,2046,43,534,18,20200609,159,0,0,0,Bosnia and Herzegovina,波黑
2781,42,2059,13,563,29,20200610,159,0,0,0,Bosnia and Herzegovina,波黑
2781,0,2059,0,562,-1,20200611,160,1,0,0,Bosnia and Herzegovina,波黑
2901,120,2115,56,626,64,20200612,160,0,0,0,Bosnia and Herzegovina,波黑
2950,49,2127,12,661,35,20200613,162,2,0,0,Bosnia and Herzegovina,波黑
2995,45,2141,14,692,31,20200614,162,0,0,0,Bosnia and Herzegovina,波黑
3001,6,2141,0,697,5,20200615,163,1,0,0,Bosnia and Herzegovina,波黑
3076,75,2141,0,771,74,20200616,164,1,0,0,Bosnia and Herzegovina,波黑
3076,0,2141,0,771,0,20200617,164,0,0,0,Bosnia and Herzegovina,波黑
3144,68,2141,0,836,65,20200618,167,3,0,0,Bosnia and Herzegovina,波黑
3278,134,2183,42,928,92,20200619,167,0,0,0,Bosnia and Herzegovina,波黑
3341,63,2249,66,928,0,20200620,164,-3,0,0,Bosnia and Herzegovina,波黑
3418,77,2257,8,992,64,20200621,169,5,0,0,Bosnia and Herzegovina,波黑
3511,93,2271,14,1071,79,20200622,169,0,0,0,Bosnia and Herzegovina,波黑
3574,63,2286,15,1118,47,20200623,170,1,0,0,Bosnia and Herzegovina,波黑
3658,84,2298,12,1189,71,20200624,171,1,0,0,Bosnia and Herzegovina,波黑
3777,119,2324,26,1281,92,20200625,172,1,0,0,Bosnia and Herzegovina,波黑
3917,140,2330,6,1415,134,20200626,172,0,0,0,Bosnia and Herzegovina,波黑
4096,179,2337,7,1586,171,20200627,173,1,0,0,Bosnia and Herzegovina,波黑
4204,108,2337,0,1688,102,20200628,179,6,0,0,Bosnia and Herzegovina,波黑
4331,127,2350,13,1802,114,20200629,179,0,0,0,Bosnia and Herzegovina,波黑
4440,109,2379,29,1878,76,20200630,183,4,0,0,Bosnia and Herzegovina,波黑
4595,155,2409,30,2001,123,20200701,185,2,0,0,Bosnia and Herzegovina,波黑
4775,180,2497,88,2091,90,20200702,187,2,0,0,Bosnia and Herzegovina,波黑
4948,173,2510,13,2249,158,20200703,189,2,0,0,Bosnia and Herzegovina,波黑
5239,291,2519,9,2530,281,20200704,190,1,0,0,Bosnia and Herzegovina,波黑
5380,141,2532,13,2658,128,20200705,190,0,0,0,Bosnia and Herzegovina,波黑
5442,62,2540,8,2712,54,20200706,190,0,0,0,Bosnia and Herzegovina,波黑
5602,160,2629,89,2779,67,20200707,194,4,0,0,Bosnia and Herzegovina,波黑
5856,254,2666,37,2984,205,20200708,206,12,0,0,Bosnia and Herzegovina,波黑
