﻿confirmedCount,confirmedIncr,curedCount,curedIncr,currentConfirmedCount,currentConfirmedIncr,dateId,deadCount,deadIncr,suspectedCount,suspectedCountIncr,countryFullName,countryName
1,1,0,0,1,1,20200227,0,0,0,0,Brazil,巴西
1,0,0,0,1,0,20200228,0,0,0,0,Brazil,巴西
1,0,0,0,1,0,20200229,0,0,0,0,Brazil,巴西
2,1,0,0,2,1,20200301,0,0,0,0,Brazil,巴西
2,0,0,0,2,0,20200302,0,0,0,0,Brazil,巴西
2,0,0,0,2,0,20200303,0,0,0,0,Brazil,巴西
2,0,0,0,2,0,20200304,0,0,0,0,Brazil,巴西
3,1,0,0,3,1,20200305,0,0,0,0,Brazil,巴西
7,4,0,0,7,4,20200306,0,0,0,0,Brazil,巴西
13,6,0,0,13,6,20200307,0,0,0,0,Brazil,巴西
19,6,0,0,19,6,20200308,0,0,0,0,Brazil,巴西
25,6,0,0,25,6,20200309,0,0,0,0,Brazil,巴西
25,0,0,0,25,0,20200310,0,0,0,0,Brazil,巴西
34,9,0,0,34,9,20200311,0,0,0,0,Brazil,巴西
52,18,0,0,52,18,20200312,0,0,0,0,Brazil,巴西
77,25,0,0,77,25,20200313,0,0,0,0,Brazil,巴西
98,21,0,0,98,21,20200314,0,0,0,0,Brazil,巴西
121,23,0,0,121,23,20200315,0,0,0,0,Brazil,巴西
200,79,0,0,200,79,20200316,0,0,0,0,Brazil,巴西
234,34,0,0,234,34,20200317,0,0,0,0,Brazil,巴西
234,0,0,0,234,0,20200318,0,0,0,0,Brazil,巴西
621,387,0,0,614,380,20200319,7,7,0,0,Brazil,巴西
904,283,0,0,893,279,20200320,11,4,0,0,Brazil,巴西
1128,224,0,0,1110,217,20200321,18,7,0,0,Brazil,巴西
1546,418,0,0,1521,411,20200322,25,7,0,0,Brazil,巴西
1546,0,0,0,1521,0,20200323,25,0,0,0,Brazil,巴西
1891,345,0,0,1857,336,20200324,34,9,0,0,Brazil,巴西
2433,542,0,0,2376,519,20200325,57,23,0,0,Brazil,巴西
2915,482,0,0,2838,462,20200326,77,20,0,0,Brazil,巴西
2915,0,0,0,2838,0,20200327,77,0,0,0,Brazil,巴西
3417,502,0,0,3325,487,20200328,92,15,0,0,Brazil,巴西
4256,839,0,0,4120,795,20200329,136,44,0,0,Brazil,巴西
4579,323,0,0,4420,300,20200330,159,23,0,0,Brazil,巴西
5717,1138,0,0,5516,1096,20200331,201,42,0,0,Brazil,巴西
6836,1119,0,0,6595,1079,20200401,241,40,0,0,Brazil,巴西
7910,1074,0,0,7611,1016,20200402,299,58,0,0,Brazil,巴西
7910,0,0,0,7611,0,20200403,299,0,0,0,Brazil,巴西
9056,1146,0,0,8697,1086,20200404,359,60,0,0,Brazil,巴西
10278,1222,0,0,9919,1222,20200405,359,0,0,0,Brazil,巴西
12056,1778,0,0,11503,1584,20200406,553,194,0,0,Brazil,巴西
13717,1661,0,0,13050,1547,20200407,667,114,0,0,Brazil,巴西
15927,2210,0,0,15127,2077,20200408,800,133,0,0,Brazil,巴西
17857,1930,127,127,16789,1662,20200409,941,141,0,0,Brazil,巴西
19638,1781,127,0,18455,1666,20200410,1056,115,0,0,Brazil,巴西
20727,1089,127,0,19476,1021,20200411,1124,68,0,0,Brazil,巴西
22169,1442,127,0,20819,1343,20200412,1223,99,0,0,Brazil,巴西
22169,0,127,0,20819,0,20200413,1223,0,0,0,Brazil,巴西
25262,3093,127,0,23603,2784,20200414,1532,309,0,0,Brazil,巴西
28320,3058,14026,13899,12558,-11045,20200415,1736,204,0,0,Brazil,巴西
30425,2105,14026,0,14475,1917,20200416,1924,188,0,0,Brazil,巴西
33682,3257,14026,0,17515,3040,20200417,2141,217,0,0,Brazil,巴西
36599,2917,14026,0,20226,2711,20200418,2347,206,0,0,Brazil,巴西
38654,2055,14026,0,22166,1940,20200419,2462,115,0,0,Brazil,巴西
40581,1927,22130,8104,15876,-6290,20200420,2575,113,0,0,Brazil,巴西
43079,2498,22991,861,17347,1471,20200421,2741,166,0,0,Brazil,巴西
45757,2678,25318,2327,17533,186,20200422,2906,165,0,0,Brazil,巴西
49492,3735,26573,1255,19606,2073,20200423,3313,407,0,0,Brazil,巴西
52995,3503,27655,1082,21670,2064,20200424,3670,357,0,0,Brazil,巴西
58509,5514,27655,0,26838,5168,20200425,4016,346,0,0,Brazil,巴西
62787,4278,29160,1505,29359,2521,20200426,4268,252,0,0,Brazil,巴西
66896,4109,30152,992,32189,2830,20200427,4555,287,0,0,Brazil,巴西
72899,6003,31142,990,36693,4504,20200428,5064,509,0,0,Brazil,巴西
79361,6462,34132,2990,39718,3025,20200429,5511,447,0,0,Brazil,巴西
85380,6019,35935,1803,43544,3826,20200430,5901,390,0,0,Brazil,巴西
92109,6729,38039,2104,47660,4116,20200501,6410,509,0,0,Brazil,巴西
96559,4450,40973,2934,48836,1176,20200502,6750,340,0,0,Brazil,巴西
101147,4588,42991,2018,51131,2295,20200503,7025,275,0,0,Brazil,巴西
107780,6633,45815,2824,54644,3513,20200504,7321,296,0,0,Brazil,巴西
115455,7675,48221,2406,59296,4652,20200505,7938,617,0,0,Brazil,巴西
126060,10605,48221,0,69274,9978,20200506,8565,627,0,0,Brazil,巴西
135106,9046,51370,3149,74590,5316,20200507,9146,581,0,0,Brazil,巴西
145328,10222,55350,3980,80081,5491,20200508,9897,751,0,0,Brazil,巴西
155939,10611,59297,3947,86015,5934,20200509,10627,730,0,0,Brazil,巴西
162699,6760,64957,5660,86619,604,20200510,11123,496,0,0,Brazil,巴西
168331,5632,69232,4275,87580,961,20200511,11519,396,0,0,Brazil,巴西
177602,9271,72597,3365,92601,5021,20200512,12404,885,0,0,Brazil,巴西
189157,11555,78424,5827,97575,4974,20200513,13158,754,0,0,Brazil,巴西
202918,13761,79479,1055,109446,11871,20200514,13993,835,0,0,Brazil,巴西
218223,15305,84970,5491,118436,8990,20200515,14817,824,0,0,Brazil,巴西
232376,14153,84970,0,131774,13338,20200516,15632,815,0,0,Brazil,巴西
241080,8704,94122,9152,130840,-934,20200517,16118,486,0,0,Brazil,巴西
255200,14120,100459,6337,137902,7062,20200518,16839,721,0,0,Brazil,巴西
271628,16428,106794,6335,146863,8961,20200519,17971,1132,0,0,Brazil,巴西
291579,19951,116683,9889,156037,9174,20200520,18859,888,0,0,Brazil,巴西
310087,18508,125960,9277,164003,7966,20200521,20124,1265,0,0,Brazil,巴西
330890,20803,135430,9470,174412,10409,20200522,21048,924,0,0,Brazil,巴西
347398,16508,142587,7157,182798,8386,20200523,22013,965,0,0,Brazil,巴西
363211,15813,149911,7324,190634,7836,20200524,22666,653,0,0,Brazil,巴西
374898,11687,153833,3922,197592,6958,20200525,23473,807,0,0,Brazil,巴西
391222,16324,158593,4760,208117,10525,20200526,24512,1039,0,0,Brazil,巴西
411821,20599,166647,8054,219576,11459,20200527,25598,1086,0,0,Brazil,巴西
438812,26991,193181,26534,218640,-936,20200528,26991,1393,0,0,Brazil,巴西
465166,26354,195473,2292,241815,23175,20200529,27878,887,0,0,Brazil,巴西
498440,33274,200892,5419,268714,26899,20200530,28834,956,0,0,Brazil,巴西
514849,16409,206555,5663,278980,10266,20200531,29314,480,0,0,Brazil,巴西
519704,4855,206555,0,283615,4635,20200601,29534,220,0,0,Brazil,巴西
555383,35679,240627,34072,283557,-58,20200602,31199,1665,0,0,Brazil,巴西
560737,5354,253570,12943,275750,-7807,20200603,31417,218,0,0,Brazil,巴西
595110,34373,253570,0,308502,32752,20200604,33038,1621,0,0,Brazil,巴西
630708,35598,274997,21427,321086,12584,20200605,34625,1587,0,0,Brazil,巴西
659114,28406,302084,27087,321574,488,20200606,35456,831,0,0,Brazil,巴西
691962,32848,302084,0,353379,31805,20200607,36499,1043,0,0,Brazil,巴西
710887,18925,325602,23518,347973,-5406,20200608,37312,813,0,0,Brazil,巴西
742084,31197,325602,0,377985,30012,20200609,38497,1185,0,0,Brazil,巴西
775184,33100,380300,54698,355087,-22898,20200610,39797,1300,0,0,Brazil,巴西
805649,30465,396692,16392,367899,12812,20200611,41058,1261,0,0,Brazil,巴西
843406,37757,396692,0,404553,36654,20200612,42161,1103,0,0,Brazil,巴西
850796,7390,427610,30918,380395,-24158,20200613,42791,630,0,0,Brazil,巴西
867882,17086,437512,9902,386981,6586,20200614,43389,598,0,0,Brazil,巴西
891556,23674,453568,16056,393870,6889,20200615,44118,729,0,0,Brazil,巴西
928834,37278,441729,-11839,441649,47779,20200616,45456,1338,0,0,Brazil,巴西
960309,31475,477364,35635,436280,-5369,20200617,46665,1209,0,0,Brazil,巴西
978142,17833,503507,26143,426887,-9393,20200618,47748,1083,0,0,Brazil,巴西
1038568,60426,520360,16853,469118,42231,20200619,49090,1342,0,0,Brazil,巴西
1067579,29011,543186,22826,474417,5299,20200620,49976,886,0,0,Brazil,巴西
1085038,17459,549386,6200,485035,10618,20200621,50617,641,0,0,Brazil,巴西
1106470,21432,549386,0,505813,20778,20200622,51271,654,0,0,Brazil,巴西
1151479,45009,613345,63959,485363,-20450,20200623,52771,1500,0,0,Brazil,巴西
1192474,40995,649908,36563,488692,3329,20200624,53874,1103,0,0,Brazil,巴西
1233147,40673,649908,0,528185,39493,20200625,55054,1180,0,0,Brazil,巴西
1280054,46907,697526,47618,526419,-1766,20200626,56109,1055,0,0,Brazil,巴西
1313667,33613,715905,18379,540692,14273,20200627,57070,961,0,0,Brazil,巴西
1345254,31587,715905,0,571691,30999,20200628,57658,588,0,0,Brazil,巴西
1370488,25234,733848,17943,578255,6564,20200629,58385,727,0,0,Brazil,巴西
1408485,37997,790040,56192,558789,-19466,20200630,59656,1271,0,0,Brazil,巴西
1448753,40268,790040,0,598081,39292,20200701,60632,976,0,0,Brazil,巴西
1456969,8216,826866,36826,569290,-28791,20200702,60813,181,0,0,Brazil,巴西
1539081,82112,916147,89281,559760,-9530,20200703,63174,2361,0,0,Brazil,巴西
1577004,37923,978615,62468,534124,-25636,20200704,64265,1091,0,0,Brazil,巴西
1603055,26051,978615,0,559573,25449,20200705,64867,602,0,0,Brazil,巴西
1623284,20229,978615,0,579182,19609,20200706,65487,620,0,0,Brazil,巴西
1668589,45305,1072229,93614,529619,-49563,20200707,66741,1254,0,0,Brazil,巴西
1713160,44571,1117922,45693,527274,-2345,20200708,67964,1223,0,0,Brazil,巴西
