﻿confirmedCount,confirmedIncr,curedCount,curedIncr,currentConfirmedCount,currentConfirmedIncr,dateId,deadCount,deadIncr,suspectedCount,suspectedCountIncr,countryFullName,countryName
2,2,0,0,2,2,20200311,0,0,0,0,Burkina Faso,布基纳法索
2,0,0,0,2,0,20200312,0,0,0,0,Burkina Faso,布基纳法索
2,0,0,0,2,0,20200313,0,0,0,0,Burkina Faso,布基纳法索
2,0,0,0,2,0,20200314,0,0,0,0,Burkina Faso,布基纳法索
3,1,0,0,3,1,20200315,0,0,0,0,Burkina Faso,布基纳法索
3,0,0,0,3,0,20200316,0,0,0,0,Burkina Faso,布基纳法索
15,12,0,0,15,12,20200317,0,0,0,0,Burkina Faso,布基纳法索
20,5,0,0,20,5,20200318,0,0,0,0,Burkina Faso,布基纳法索
27,7,0,0,26,6,20200319,1,1,0,0,Burkina Faso,布基纳法索
40,13,0,0,39,13,20200320,1,0,0,0,Burkina Faso,布基纳法索
40,0,5,5,33,-6,20200321,2,1,0,0,Burkina Faso,布基纳法索
72,32,5,0,64,31,20200322,3,1,0,0,Burkina Faso,布基纳法索
99,27,5,0,90,26,20200323,4,1,0,0,Burkina Faso,布基纳法索
114,15,5,0,105,15,20200324,4,0,0,0,Burkina Faso,布基纳法索
114,0,5,0,105,0,20200325,4,0,0,0,Burkina Faso,布基纳法索
152,38,10,5,135,30,20200326,7,3,0,0,Burkina Faso,布基纳法索
180,28,12,2,159,24,20200327,9,2,0,0,Burkina Faso,布基纳法索
207,27,21,9,175,16,20200328,11,2,0,0,Burkina Faso,布基纳法索
222,15,23,2,187,12,20200329,12,1,0,0,Burkina Faso,布基纳法索
246,24,31,8,203,16,20200330,12,0,0,0,Burkina Faso,布基纳法索
261,15,32,1,215,12,20200331,14,2,0,0,Burkina Faso,布基纳法索
282,21,46,14,220,5,20200401,16,2,0,0,Burkina Faso,布基纳法索
288,6,50,4,222,2,20200402,16,0,0,0,Burkina Faso,布基纳法索
302,14,50,0,236,14,20200403,16,0,0,0,Burkina Faso,布基纳法索
318,16,66,16,236,0,20200404,16,0,0,0,Burkina Faso,布基纳法索
345,27,90,24,238,2,20200405,17,1,0,0,Burkina Faso,布基纳法索
364,19,108,18,238,0,20200406,18,1,0,0,Burkina Faso,布基纳法索
384,20,127,19,238,0,20200407,19,1,0,0,Burkina Faso,布基纳法索
414,30,134,7,257,19,20200408,23,4,0,0,Burkina Faso,布基纳法索
443,29,146,12,273,16,20200409,24,1,0,0,Burkina Faso,布基纳法索
443,0,146,0,273,0,20200410,24,0,0,0,Burkina Faso,布基纳法索
484,41,155,9,302,29,20200411,27,3,0,0,Burkina Faso,布基纳法索
497,13,161,6,309,7,20200412,27,0,0,0,Burkina Faso,布基纳法索
515,18,170,9,317,8,20200413,28,1,0,0,Burkina Faso,布基纳法索
528,13,177,7,321,4,20200414,30,2,0,0,Burkina Faso,布基纳法索
542,14,226,49,284,-37,20200415,32,2,0,0,Burkina Faso,布基纳法索
546,4,257,31,257,-27,20200416,32,0,0,0,Burkina Faso,布基纳法索
557,11,294,37,228,-29,20200417,35,3,0,0,Burkina Faso,布基纳法索
565,8,321,27,208,-20,20200418,36,1,0,0,Burkina Faso,布基纳法索
576,11,338,17,202,-6,20200419,36,0,0,0,Burkina Faso,布基纳法索
581,5,357,19,186,-16,20200420,38,2,0,0,Burkina Faso,布基纳法索
600,19,362,5,200,14,20200421,38,0,0,0,Burkina Faso,布基纳法索
609,9,389,27,181,-19,20200422,39,1,0,0,Burkina Faso,布基纳法索
616,7,410,21,165,-16,20200423,41,2,0,0,Burkina Faso,布基纳法索
629,13,425,15,163,-2,20200424,41,0,0,0,Burkina Faso,布基纳法索
629,0,442,17,146,-17,20200425,41,0,0,0,Burkina Faso,布基纳法索
629,0,442,0,146,0,20200426,41,0,0,0,Burkina Faso,布基纳法索
632,3,453,11,137,-9,20200427,42,1,0,0,Burkina Faso,布基纳法索
638,6,476,23,120,-17,20200428,42,0,0,0,Burkina Faso,布基纳法索
641,3,498,22,100,-20,20200429,43,1,0,0,Burkina Faso,布基纳法索
645,4,506,8,96,-4,20200430,43,0,0,0,Burkina Faso,布基纳法索
649,4,517,11,88,-8,20200501,44,1,0,0,Burkina Faso,布基纳法索
649,0,517,0,88,0,20200502,44,0,0,0,Burkina Faso,布基纳法索
652,3,517,0,91,3,20200503,44,0,0,0,Burkina Faso,布基纳法索
652,0,517,0,91,0,20200504,44,0,0,0,Burkina Faso,布基纳法索
672,20,517,0,109,18,20200505,46,2,0,0,Burkina Faso,布基纳法索
729,57,555,38,126,17,20200506,48,2,0,0,Burkina Faso,布基纳法索
736,7,562,7,126,0,20200507,48,0,0,0,Burkina Faso,布基纳法索
736,0,562,0,126,0,20200508,48,0,0,0,Burkina Faso,布基纳法索
736,0,562,0,126,0,20200509,48,0,0,0,Burkina Faso,布基纳法索
748,12,562,0,138,12,20200510,48,0,0,0,Burkina Faso,布基纳法索
760,12,585,23,125,-13,20200511,50,2,0,0,Burkina Faso,布基纳法索
766,6,766,181,-51,-176,20200512,51,1,0,0,Burkina Faso,布基纳法索
766,0,766,0,-51,0,20200513,51,0,0,0,Burkina Faso,布基纳法索
773,7,592,-174,130,181,20200514,51,0,0,0,Burkina Faso,布基纳法索
773,0,592,0,130,0,20200515,51,0,0,0,Burkina Faso,布基纳法索
780,7,592,0,137,7,20200516,51,0,0,0,Burkina Faso,布基纳法索
782,2,592,0,139,2,20200517,51,0,0,0,Burkina Faso,布基纳法索
796,14,592,0,153,14,20200518,51,0,0,0,Burkina Faso,布基纳法索
806,10,655,63,99,-54,20200519,52,1,0,0,Burkina Faso,布基纳法索
806,0,655,0,99,0,20200520,52,0,0,0,Burkina Faso,布基纳法索
809,3,655,0,102,3,20200521,52,0,0,0,Burkina Faso,布基纳法索
812,3,655,0,105,3,20200522,52,0,0,0,Burkina Faso,布基纳法索
814,2,655,0,107,2,20200523,52,0,0,0,Burkina Faso,布基纳法索
831,17,655,0,124,17,20200524,52,0,0,0,Burkina Faso,布基纳法索
832,1,655,0,125,1,20200525,52,0,0,0,Burkina Faso,布基纳法索
841,9,655,0,134,9,20200526,52,0,0,0,Burkina Faso,布基纳法索
845,4,655,0,137,3,20200527,53,1,0,0,Burkina Faso,布基纳法索
845,0,655,0,137,0,20200528,53,0,0,0,Burkina Faso,布基纳法索
847,2,655,0,139,2,20200529,53,0,0,0,Burkina Faso,布基纳法索
847,0,655,0,139,0,20200530,53,0,0,0,Burkina Faso,布基纳法索
853,6,655,0,145,6,20200531,53,0,0,0,Burkina Faso,布基纳法索
881,28,655,0,173,28,20200601,53,0,0,0,Burkina Faso,布基纳法索
883,2,655,0,175,2,20200602,53,0,0,0,Burkina Faso,布基纳法索
884,1,655,0,176,1,20200603,53,0,0,0,Burkina Faso,布基纳法索
884,0,655,0,176,0,20200604,53,0,0,0,Burkina Faso,布基纳法索
885,1,655,0,177,1,20200605,53,0,0,0,Burkina Faso,布基纳法索
885,0,655,0,177,0,20200606,53,0,0,0,Burkina Faso,布基纳法索
888,3,655,0,180,3,20200607,53,0,0,0,Burkina Faso,布基纳法索
888,0,655,0,180,0,20200608,53,0,0,0,Burkina Faso,布基纳法索
890,2,655,0,182,2,20200609,53,0,0,0,Burkina Faso,布基纳法索
891,1,655,0,183,1,20200610,53,0,0,0,Burkina Faso,布基纳法索
891,0,655,0,183,0,20200611,53,0,0,0,Burkina Faso,布基纳法索
891,0,655,0,183,0,20200612,53,0,0,0,Burkina Faso,布基纳法索
892,1,655,0,184,1,20200613,53,0,0,0,Burkina Faso,布基纳法索
892,0,655,0,184,0,20200614,53,0,0,0,Burkina Faso,布基纳法索
894,2,655,0,186,2,20200615,53,0,0,0,Burkina Faso,布基纳法索
894,0,655,0,186,0,20200616,53,0,0,0,Burkina Faso,布基纳法索
894,0,655,0,186,0,20200617,53,0,0,0,Burkina Faso,布基纳法索
899,5,655,0,191,5,20200618,53,0,0,0,Burkina Faso,布基纳法索
899,0,655,0,191,0,20200619,53,0,0,0,Burkina Faso,布基纳法索
901,2,655,0,193,2,20200620,53,0,0,0,Burkina Faso,布基纳法索
901,0,655,0,193,0,20200621,53,0,0,0,Burkina Faso,布基纳法索
901,0,655,0,193,0,20200622,53,0,0,0,Burkina Faso,布基纳法索
903,2,655,0,195,2,20200623,53,0,0,0,Burkina Faso,布基纳法索
903,0,655,0,195,0,20200624,53,0,0,0,Burkina Faso,布基纳法索
934,31,655,0,226,31,20200625,53,0,0,0,Burkina Faso,布基纳法索
934,0,655,0,226,0,20200626,53,0,0,0,Burkina Faso,布基纳法索
934,0,655,0,226,0,20200627,53,0,0,0,Burkina Faso,布基纳法索
954,20,826,171,75,-151,20200628,53,0,0,0,Burkina Faso,布基纳法索
959,5,826,0,80,5,20200629,53,0,0,0,Burkina Faso,布基纳法索
959,0,826,0,80,0,20200630,53,0,0,0,Burkina Faso,布基纳法索
962,3,826,0,83,3,20200701,53,0,0,0,Burkina Faso,布基纳法索
962,0,826,0,83,0,20200702,53,0,0,0,Burkina Faso,布基纳法索
967,5,826,0,88,5,20200703,53,0,0,0,Burkina Faso,布基纳法索
980,13,826,0,101,13,20200704,53,0,0,0,Burkina Faso,布基纳法索
987,7,826,0,108,7,20200705,53,0,0,0,Burkina Faso,布基纳法索
1000,13,826,0,121,13,20200706,53,0,0,0,Burkina Faso,布基纳法索
1000,0,826,0,121,0,20200707,53,0,0,0,Burkina Faso,布基纳法索
1003,3,826,0,124,3,20200708,53,0,0,0,Burkina Faso,布基纳法索
