﻿confirmedCount,confirmedIncr,curedCount,curedIncr,currentConfirmedCount,currentConfirmedIncr,dateId,deadCount,deadIncr,suspectedCount,suspectedCountIncr,countryFullName,countryName
1,1,0,0,1,1,20200127,0,0,0,0,Canada,加拿大
2,1,0,0,2,1,20200128,0,0,0,0,Canada,加拿大
3,1,0,0,3,1,20200129,0,0,0,0,Canada,加拿大
3,0,0,0,3,0,20200130,0,0,0,0,Canada,加拿大
3,0,0,0,3,0,20200131,0,0,0,0,Canada,加拿大
4,1,0,0,4,1,20200201,0,0,0,0,Canada,加拿大
4,0,0,0,4,0,20200202,0,0,0,0,Canada,加拿大
4,0,0,0,4,0,20200203,0,0,0,0,Canada,加拿大
4,0,0,0,4,0,20200204,0,0,0,0,Canada,加拿大
5,1,0,0,5,1,20200205,0,0,0,0,Canada,加拿大
5,0,0,0,5,0,20200206,0,0,0,0,Canada,加拿大
7,2,0,0,7,2,20200207,0,0,0,0,Canada,加拿大
7,0,0,0,7,0,20200208,0,0,0,0,Canada,加拿大
7,0,0,0,7,0,20200209,0,0,0,0,Canada,加拿大
7,0,0,0,7,0,20200210,0,0,0,0,Canada,加拿大
7,0,0,0,7,0,20200211,0,0,0,0,Canada,加拿大
7,0,0,0,7,0,20200212,0,0,0,0,Canada,加拿大
7,0,0,0,7,0,20200213,0,0,0,0,Canada,加拿大
7,0,0,0,7,0,20200214,0,0,0,0,Canada,加拿大
7,0,0,0,7,0,20200215,0,0,0,0,Canada,加拿大
7,0,0,0,7,0,20200216,0,0,0,0,Canada,加拿大
7,0,0,0,7,0,20200217,0,0,0,0,Canada,加拿大
8,1,0,0,8,1,20200218,0,0,0,0,Canada,加拿大
8,0,0,0,8,0,20200219,0,0,0,0,Canada,加拿大
8,0,0,0,8,0,20200220,0,0,0,0,Canada,加拿大
8,0,0,0,8,0,20200221,0,0,0,0,Canada,加拿大
8,0,0,0,8,0,20200222,0,0,0,0,Canada,加拿大
9,1,0,0,9,1,20200223,0,0,0,0,Canada,加拿大
9,0,0,0,9,0,20200224,0,0,0,0,Canada,加拿大
10,1,0,0,10,1,20200225,0,0,0,0,Canada,加拿大
10,0,0,0,10,0,20200226,0,0,0,0,Canada,加拿大
11,1,0,0,11,1,20200227,0,0,0,0,Canada,加拿大
11,0,0,0,11,0,20200228,0,0,0,0,Canada,加拿大
14,3,0,0,14,3,20200229,0,0,0,0,Canada,加拿大
19,5,0,0,19,5,20200301,0,0,0,0,Canada,加拿大
19,0,0,0,19,0,20200302,0,0,0,0,Canada,加拿大
27,8,0,0,27,8,20200303,0,0,0,0,Canada,加拿大
30,3,0,0,30,3,20200304,0,0,0,0,Canada,加拿大
30,0,0,0,30,0,20200305,0,0,0,0,Canada,加拿大
45,15,0,0,45,15,20200306,0,0,0,0,Canada,加拿大
51,6,0,0,51,6,20200307,0,0,0,0,Canada,加拿大
57,6,0,0,57,6,20200308,0,0,0,0,Canada,加拿大
62,5,0,0,62,5,20200309,0,0,0,0,Canada,加拿大
77,15,0,0,77,15,20200310,0,0,0,0,Canada,加拿大
93,16,0,0,92,15,20200311,1,1,0,0,Canada,加拿大
93,0,0,0,92,0,20200312,1,0,0,0,Canada,加拿大
138,45,0,0,137,45,20200313,1,0,0,0,Canada,加拿大
176,38,0,0,175,38,20200314,1,0,0,0,Canada,加拿大
244,68,4,4,239,64,20200315,1,0,0,0,Canada,加拿大
304,60,4,0,299,60,20200316,1,0,0,0,Canada,加拿大
424,120,4,0,419,120,20200317,1,0,0,0,Canada,加拿大
424,0,10,6,413,-6,20200318,1,0,0,0,Canada,加拿大
873,449,11,1,850,437,20200319,12,11,0,0,Canada,加拿大
1087,214,11,0,1064,214,20200320,12,0,0,0,Canada,加拿大
1330,243,11,0,1299,235,20200321,20,8,0,0,Canada,加拿大
1470,140,12,1,1438,139,20200322,20,0,0,0,Canada,加拿大
2091,621,14,2,2053,615,20200323,24,4,0,0,Canada,加拿大
2792,701,112,98,2654,601,20200324,26,2,0,0,Canada,加拿大
3409,617,183,71,3190,536,20200325,36,10,0,0,Canada,加拿大
4043,634,202,19,3802,612,20200326,39,3,0,0,Canada,加拿大
4633,590,202,0,4378,576,20200327,53,14,0,0,Canada,加拿大
5434,801,345,143,5030,652,20200328,59,6,0,0,Canada,加拿大
6320,886,345,0,5909,879,20200329,66,7,0,0,Canada,加拿大
7448,1128,345,0,7023,1114,20200330,80,14,0,0,Canada,加拿大
8591,1143,1592,1247,6898,-125,20200331,101,21,0,0,Canada,加拿大
9720,1129,1592,0,8017,1119,20200401,111,10,0,0,Canada,加拿大
11283,1563,1592,0,9552,1535,20200402,139,28,0,0,Canada,加拿大
12496,1213,1592,0,10717,1165,20200403,187,48,0,0,Canada,加拿大
14018,1522,2577,985,11208,491,20200404,233,46,0,0,Canada,加拿大
15387,1369,2770,193,12340,1132,20200405,277,44,0,0,Canada,加拿大
16458,1071,2770,0,13368,1028,20200406,320,43,0,0,Canada,加拿大
17897,1439,2770,0,14746,1378,20200407,381,61,0,0,Canada,加拿大
19279,1382,2770,0,16074,1328,20200408,435,54,0,0,Canada,加拿大
20765,1486,2770,0,17471,1397,20200409,524,89,0,0,Canada,加拿大
22148,1383,2770,0,18809,1338,20200410,569,45,0,0,Canada,加拿大
23318,1170,2770,0,19895,1086,20200411,653,84,0,0,Canada,加拿大
24384,1066,2770,0,20897,1002,20200412,717,64,0,0,Canada,加拿大
25681,1297,2770,0,22131,1234,20200413,780,63,0,0,Canada,加拿大
27064,1383,2770,0,23391,1260,20200414,903,123,0,0,Canada,加拿大
28379,1315,2770,0,24599,1208,20200415,1010,107,0,0,Canada,加拿大
30106,1727,2770,0,26141,1542,20200416,1195,185,0,0,Canada,加拿大
31927,1821,9729,6959,20889,-5252,20200417,1309,114,0,0,Canada,加拿大
33383,1456,9729,0,22184,1295,20200418,1470,161,0,0,Canada,加拿大
35056,1673,11843,2114,21626,-558,20200419,1587,117,0,0,Canada,加拿大
36831,1775,11843,0,23298,1672,20200420,1690,103,0,0,Canada,加拿大
38422,1591,13188,1345,23400,102,20200421,1834,144,0,0,Canada,加拿大
40191,1769,13986,798,24229,829,20200422,1976,142,0,0,Canada,加拿大
42110,1919,13986,0,25978,1749,20200423,2146,170,0,0,Canada,加拿大
43889,1779,15202,1216,26350,372,20200424,2337,191,0,0,Canada,加拿大
45354,1465,15541,339,27348,998,20200425,2465,128,0,0,Canada,加拿大
46895,1541,16425,884,27910,562,20200426,2560,95,0,0,Canada,加拿大
48500,1605,17321,896,28472,562,20200427,2707,147,0,0,Canada,加拿大
50026,1526,19050,1729,28117,-355,20200428,2859,152,0,0,Canada,加拿大
51597,1571,19231,181,29370,1253,20200429,2996,137,0,0,Canada,加拿大
53236,1639,21423,2192,28629,-741,20200430,3184,188,0,0,Canada,加拿大
55061,1825,22751,1328,28919,290,20200501,3391,207,0,0,Canada,加拿大
56714,1653,23801,1050,29347,428,20200502,3566,175,0,0,Canada,加拿大
59474,2760,24908,1107,30884,1537,20200503,3682,116,0,0,Canada,加拿大
60772,1298,26017,1109,30901,17,20200504,3854,172,0,0,Canada,加拿大
62046,1274,26993,976,31010,109,20200505,4043,189,0,0,Canada,加拿大
63496,1450,28171,1178,31093,83,20200506,4232,189,0,0,Canada,加拿大
63895,399,29247,1076,30368,-725,20200507,4280,48,0,0,Canada,加拿大
66434,2539,30406,1159,31459,1091,20200508,4569,289,0,0,Canada,加拿大
67702,1268,31249,843,31760,301,20200509,4693,124,0,0,Canada,加拿大
67996,294,31249,0,32019,259,20200510,4728,35,0,0,Canada,加拿大
69981,1985,32994,1745,31994,-25,20200511,4993,265,0,0,Canada,加拿大
71157,1176,34042,1048,31946,-48,20200512,5169,176,0,0,Canada,加拿大
72278,1121,35164,1122,31810,-136,20200513,5304,135,0,0,Canada,加拿大
73401,1123,36091,927,31838,28,20200514,5472,168,0,0,Canada,加拿大
74614,1213,36872,781,32180,342,20200515,5562,90,0,0,Canada,加拿大
75864,1250,36895,23,33290,1110,20200516,5679,117,0,0,Canada,加拿大
77002,1138,38550,1655,32670,-620,20200517,5782,103,0,0,Canada,加拿大
78072,1070,39228,678,33002,332,20200518,5842,60,0,0,Canada,加拿大
79112,1040,40041,813,33159,157,20200519,5912,70,0,0,Canada,加拿大
80102,990,40776,735,33296,137,20200520,6030,118,0,0,Canada,加拿大
81324,1222,41715,939,33457,161,20200521,6152,122,0,0,Canada,加拿大
82480,1156,42481,766,33749,292,20200522,6250,98,0,0,Canada,加拿大
82892,412,43305,824,33232,-517,20200523,6355,105,0,0,Canada,加拿大
84699,1807,43985,680,34290,1058,20200524,6424,69,0,0,Canada,加拿大
85711,1012,44538,553,34628,338,20200525,6545,121,0,0,Canada,加拿大
86647,936,44638,100,35370,742,20200526,6639,94,0,0,Canada,加拿大
87519,872,45339,701,35415,45,20200527,6765,126,0,0,Canada,加拿大
88512,993,46831,1492,34804,-611,20200528,6877,112,0,0,Canada,加拿大
89418,906,47518,687,34921,117,20200529,6979,102,0,0,Canada,加拿大
90190,772,48103,585,35014,93,20200530,7073,94,0,0,Canada,加拿大
90947,757,48879,776,34773,-241,20200531,7295,222,0,0,Canada,加拿大
91351,404,49700,821,34346,-427,20200601,7305,10,0,0,Canada,加拿大
92410,1059,49726,26,35289,943,20200602,7395,90,0,0,Canada,加拿大
93085,675,51048,1322,34539,-750,20200603,7498,103,0,0,Canada,加拿大
93726,641,51693,645,34396,-143,20200604,7637,139,0,0,Canada,加拿大
94335,609,51739,46,34832,436,20200605,7764,127,0,0,Canada,加拿大
95057,722,51739,0,35545,713,20200606,7773,9,0,0,Canada,加拿大
95699,642,53614,1875,34285,-1260,20200607,7800,27,0,0,Canada,加拿大
96244,545,54833,1219,33576,-709,20200608,7835,35,0,0,Canada,加拿大
96653,409,55536,703,33220,-356,20200609,7897,62,0,0,Canada,加拿大
97125,472,56639,1103,32526,-694,20200610,7960,63,0,0,Canada,加拿大
97530,405,57144,505,32392,-134,20200611,7994,34,0,0,Canada,加拿大
97943,413,58523,1379,31371,-1021,20200612,8049,55,0,0,Canada,加拿大
98410,467,58523,0,31780,409,20200613,8107,58,0,0,Canada,加拿大
98787,377,59354,831,31287,-493,20200614,8146,39,0,0,Canada,加拿大
98787,0,61042,1688,29599,-1688,20200615,8146,0,0,0,Canada,加拿大
99467,680,61443,401,29811,212,20200616,8213,67,0,0,Canada,加拿大
99853,386,61443,0,30156,345,20200617,8254,41,0,0,Canada,加拿大
100220,367,62237,794,29683,-473,20200618,8300,46,0,0,Canada,加拿大
100627,407,62496,259,29785,102,20200619,8346,46,0,0,Canada,加拿大
101019,392,63450,954,29159,-626,20200620,8410,64,0,0,Canada,加拿大
101337,318,63488,38,29419,260,20200621,8430,20,0,0,Canada,加拿大
101637,300,64284,796,28917,-502,20200622,8436,6,0,0,Canada,加拿大
101963,326,64704,420,28805,-112,20200623,8454,18,0,0,Canada,加拿大
102242,279,65001,297,28757,-48,20200624,8484,30,0,0,Canada,加拿大
102622,380,65425,424,28693,-64,20200625,8504,20,0,0,Canada,加拿大
102794,172,65425,0,28861,168,20200626,8508,4,0,0,Canada,加拿大
103032,238,65973,548,28543,-318,20200627,8516,8,0,0,Canada,加拿大
103250,218,65973,0,28755,212,20200628,8522,6,0,0,Canada,加拿大
103918,668,66191,218,29161,406,20200629,8566,44,0,0,Canada,加拿大
104204,286,67178,987,28435,-726,20200630,8591,25,0,0,Canada,加拿大
104271,67,67178,0,28478,43,20200701,8615,24,0,0,Canada,加拿大
104772,501,67744,566,28386,-92,20200702,8642,27,0,0,Canada,加拿大
105091,319,67744,0,28684,298,20200703,8663,21,0,0,Canada,加拿大
105317,226,68990,1246,27653,-1031,20200704,8674,11,0,0,Canada,加拿大
105317,0,68990,0,27653,0,20200705,8674,0,0,0,Canada,加拿大
105935,618,69239,249,28003,350,20200706,8693,19,0,0,Canada,加拿大
106167,232,69570,331,27886,-117,20200707,8711,18,0,0,Canada,加拿大
106434,267,70161,591,27536,-350,20200708,8737,26,0,0,Canada,加拿大
