﻿confirmedCount,confirmedIncr,curedCount,curedIncr,currentConfirmedCount,currentConfirmedIncr,dateId,deadCount,deadIncr,suspectedCount,suspectedCountIncr,countryFullName,countryName
1,1,0,0,1,1,20200316,0,0,0,0,Central African Republic,中非共和国
1,0,0,0,1,0,20200317,0,0,0,0,Central African Republic,中非共和国
1,0,0,0,1,0,20200318,0,0,0,0,Central African Republic,中非共和国
1,0,0,0,1,0,20200319,0,0,0,0,Central African Republic,中非共和国
3,2,0,0,3,2,20200320,0,0,0,0,Central African Republic,中非共和国
3,0,0,0,3,0,20200321,0,0,0,0,Central African Republic,中非共和国
3,0,0,0,3,0,20200322,0,0,0,0,Central African Republic,中非共和国
4,1,0,0,4,1,20200323,0,0,0,0,Central African Republic,中非共和国
4,0,0,0,4,0,20200324,0,0,0,0,Central African Republic,中非共和国
4,0,0,0,4,0,20200325,0,0,0,0,Central African Republic,中非共和国
5,1,0,0,5,1,20200326,0,0,0,0,Central African Republic,中非共和国
5,0,0,0,5,0,20200327,0,0,0,0,Central African Republic,中非共和国
6,1,0,0,6,1,20200328,0,0,0,0,Central African Republic,中非共和国
6,0,0,0,6,0,20200329,0,0,0,0,Central African Republic,中非共和国
6,0,0,0,6,0,20200330,0,0,0,0,Central African Republic,中非共和国
6,0,0,0,6,0,20200331,0,0,0,0,Central African Republic,中非共和国
6,0,0,0,6,0,20200401,0,0,0,0,Central African Republic,中非共和国
8,2,0,0,8,2,20200402,0,0,0,0,Central African Republic,中非共和国
8,0,0,0,8,0,20200403,0,0,0,0,Central African Republic,中非共和国
9,1,0,0,9,1,20200404,0,0,0,0,Central African Republic,中非共和国
9,0,0,0,9,0,20200405,0,0,0,0,Central African Republic,中非共和国
9,0,0,0,9,0,20200406,0,0,0,0,Central African Republic,中非共和国
10,1,0,0,10,1,20200407,0,0,0,0,Central African Republic,中非共和国
11,1,0,0,11,1,20200408,0,0,0,0,Central African Republic,中非共和国
11,0,0,0,11,0,20200409,0,0,0,0,Central African Republic,中非共和国
11,0,0,0,11,0,20200410,0,0,0,0,Central African Republic,中非共和国
11,0,0,0,11,0,20200411,0,0,0,0,Central African Republic,中非共和国
11,0,0,0,11,0,20200412,0,0,0,0,Central African Republic,中非共和国
11,0,0,0,11,0,20200413,0,0,0,0,Central African Republic,中非共和国
11,0,0,0,11,0,20200414,0,0,0,0,Central African Republic,中非共和国
12,1,0,0,12,1,20200415,0,0,0,0,Central African Republic,中非共和国
12,0,0,0,12,0,20200416,0,0,0,0,Central African Republic,中非共和国
12,0,0,0,12,0,20200417,0,0,0,0,Central African Republic,中非共和国
12,0,10,10,2,-10,20200418,0,0,0,0,Central African Republic,中非共和国
12,0,10,0,2,0,20200419,0,0,0,0,Central African Republic,中非共和国
14,2,10,0,4,2,20200420,0,0,0,0,Central African Republic,中非共和国
14,0,10,0,4,0,20200421,0,0,0,0,Central African Republic,中非共和国
16,2,10,0,6,2,20200422,0,0,0,0,Central African Republic,中非共和国
17,1,10,0,7,1,20200423,0,0,0,0,Central African Republic,中非共和国
19,2,10,0,9,2,20200424,0,0,0,0,Central African Republic,中非共和国
19,0,10,0,9,0,20200425,0,0,0,0,Central African Republic,中非共和国
41,22,10,0,31,22,20200426,0,0,0,0,Central African Republic,中非共和国
41,0,10,0,31,0,20200427,0,0,0,0,Central African Republic,中非共和国
42,1,10,0,32,1,20200428,0,0,0,0,Central African Republic,中非共和国
50,8,10,0,40,8,20200429,0,0,0,0,Central African Republic,中非共和国
64,14,10,0,54,14,20200430,0,0,0,0,Central African Republic,中非共和国
72,8,10,0,62,8,20200501,0,0,0,0,Central African Republic,中非共和国
72,0,10,0,62,0,20200502,0,0,0,0,Central African Republic,中非共和国
72,0,10,0,62,0,20200503,0,0,0,0,Central African Republic,中非共和国
72,0,10,0,62,0,20200504,0,0,0,0,Central African Republic,中非共和国
94,22,10,0,84,22,20200505,0,0,0,0,Central African Republic,中非共和国
94,0,10,0,84,0,20200506,0,0,0,0,Central African Republic,中非共和国
118,24,10,0,108,24,20200507,0,0,0,0,Central African Republic,中非共和国
118,0,10,0,108,0,20200508,0,0,0,0,Central African Republic,中非共和国
118,0,10,0,108,0,20200509,0,0,0,0,Central African Republic,中非共和国
179,61,12,2,167,59,20200510,0,0,0,0,Central African Republic,中非共和国
179,0,12,0,167,0,20200511,0,0,0,0,Central African Republic,中非共和国
179,0,12,0,167,0,20200512,0,0,0,0,Central African Republic,中非共和国
179,0,12,0,167,0,20200513,0,0,0,0,Central African Republic,中非共和国
221,42,12,0,209,42,20200514,0,0,0,0,Central African Republic,中非共和国
221,0,12,0,209,0,20200515,0,0,0,0,Central African Republic,中非共和国
301,80,12,0,289,80,20200516,0,0,0,0,Central African Republic,中非共和国
301,0,12,0,289,0,20200517,0,0,0,0,Central African Republic,中非共和国
366,65,18,6,348,59,20200518,0,0,0,0,Central African Republic,中非共和国
411,45,18,0,393,45,20200519,0,0,0,0,Central African Republic,中非共和国
411,0,18,0,393,0,20200520,0,0,0,0,Central African Republic,中非共和国
436,25,18,0,418,25,20200521,0,0,0,0,Central African Republic,中非共和国
479,43,18,0,461,43,20200522,0,0,0,0,Central African Republic,中非共和国
552,73,18,0,533,72,20200523,1,1,0,0,Central African Republic,中非共和国
552,0,18,0,533,0,20200524,1,0,0,0,Central African Republic,中非共和国
604,52,18,0,585,52,20200525,1,0,0,0,Central African Republic,中非共和国
671,67,22,4,648,63,20200526,1,0,0,0,Central African Republic,中非共和国
671,0,22,0,648,0,20200527,1,0,0,0,Central African Republic,中非共和国
755,84,23,1,731,83,20200528,1,0,0,0,Central African Republic,中非共和国
874,119,23,0,850,119,20200529,1,0,0,0,Central African Republic,中非共和国
874,0,23,0,850,0,20200530,1,0,0,0,Central African Republic,中非共和国
1011,137,23,0,986,136,20200531,2,1,0,0,Central African Republic,中非共和国
1011,0,23,0,986,0,20200601,2,0,0,0,Central African Republic,中非共和国
1069,58,23,0,1042,56,20200602,4,2,0,0,Central African Republic,中非共和国
1173,104,23,0,1146,104,20200603,4,0,0,0,Central African Republic,中非共和国
1288,115,23,0,1261,115,20200604,4,0,0,0,Central African Republic,中非共和国
1451,163,29,6,1418,157,20200605,4,0,0,0,Central African Republic,中非共和国
1570,119,37,8,1528,110,20200606,5,1,0,0,Central African Republic,中非共和国
1634,64,38,1,1591,63,20200607,5,0,0,0,Central African Republic,中非共和国
1850,216,38,0,1807,216,20200608,5,0,0,0,Central African Republic,中非共和国
1850,0,38,0,1807,0,20200609,5,0,0,0,Central African Republic,中非共和国
1888,38,40,2,1842,35,20200610,6,1,0,0,Central African Republic,中非共和国
2044,156,360,320,1677,-165,20200611,7,1,0,0,Central African Republic,中非共和国
2044,0,360,0,1677,0,20200612,7,0,0,0,Central African Republic,中非共和国
2057,13,360,0,1690,13,20200613,7,0,0,0,Central African Republic,中非共和国
2222,165,369,9,1846,156,20200614,7,0,0,0,Central African Republic,中非共和国
2289,67,382,13,1897,51,20200615,10,3,0,0,Central African Republic,中非共和国
2410,121,396,14,2000,103,20200616,14,4,0,0,Central African Republic,中非共和国
2564,154,402,6,2144,144,20200617,18,4,0,0,Central African Republic,中非共和国
2605,41,417,15,2169,25,20200618,19,1,0,0,Central African Republic,中非共和国
2605,0,417,0,2169,0,20200619,19,0,0,0,Central African Republic,中非共和国
2686,81,420,3,2247,78,20200620,19,0,0,0,Central African Republic,中非共和国
2808,122,420,0,2365,118,20200621,23,4,0,0,Central African Republic,中非共和国
2963,155,495,75,2438,73,20200622,30,7,0,0,Central African Republic,中非共和国
3051,88,522,27,2492,54,20200623,37,7,0,0,Central African Republic,中非共和国
3099,48,572,50,2489,-3,20200624,38,1,0,0,Central African Republic,中非共和国
3244,145,607,35,2597,108,20200625,40,2,0,0,Central African Republic,中非共和国
3340,96,661,54,2639,42,20200626,40,0,0,0,Central African Republic,中非共和国
3429,89,699,38,2685,46,20200627,45,5,0,0,Central African Republic,中非共和国
3429,0,699,0,2685,0,20200628,45,0,0,0,Central African Republic,中非共和国
3613,184,773,74,2793,108,20200629,47,2,0,0,Central African Republic,中非共和国
3745,132,787,14,2911,118,20200630,47,0,0,0,Central African Republic,中非共和国
3745,0,787,0,2911,0,20200701,47,0,0,0,Central African Republic,中非共和国
3823,78,816,29,2959,48,20200702,48,1,0,0,Central African Republic,中非共和国
3918,95,859,43,3011,52,20200703,48,0,0,0,Central African Republic,中非共和国
3969,51,859,0,3062,51,20200704,48,0,0,0,Central African Republic,中非共和国
3969,0,859,0,3062,0,20200705,48,0,0,0,Central African Republic,中非共和国
4033,64,970,111,3011,-51,20200706,52,4,0,0,Central African Republic,中非共和国
4033,0,970,0,3011,0,20200707,52,0,0,0,Central African Republic,中非共和国
4109,76,1050,80,3007,-4,20200708,52,0,0,0,Central African Republic,中非共和国
