﻿confirmedCount,confirmedIncr,curedCount,curedIncr,currentConfirmedCount,currentConfirmedIncr,dateId,deadCount,deadIncr,suspectedCount,suspectedCountIncr,countryFullName,countryName
1,1,0,0,1,1,20200304,0,0,0,0,Chile,智利
1,0,0,0,1,0,20200305,0,0,0,0,Chile,智利
1,0,0,0,1,0,20200306,0,0,0,0,Chile,智利
5,4,0,0,5,4,20200307,0,0,0,0,Chile,智利
5,0,0,0,5,0,20200308,0,0,0,0,Chile,智利
10,5,0,0,10,5,20200309,0,0,0,0,Chile,智利
13,3,0,0,13,3,20200310,0,0,0,0,Chile,智利
17,4,0,0,17,4,20200311,0,0,0,0,Chile,智利
23,6,0,0,23,6,20200312,0,0,0,0,Chile,智利
33,10,0,0,33,10,20200313,0,0,0,0,Chile,智利
43,10,0,0,43,10,20200314,0,0,0,0,Chile,智利
61,18,0,0,61,18,20200315,0,0,0,0,Chile,智利
75,14,0,0,75,14,20200316,0,0,0,0,Chile,智利
156,81,0,0,156,81,20200317,0,0,0,0,Chile,智利
156,0,0,0,156,0,20200318,0,0,0,0,Chile,智利
342,186,0,0,342,186,20200319,0,0,0,0,Chile,智利
434,92,0,0,434,92,20200320,0,0,0,0,Chile,智利
434,0,0,0,434,0,20200321,0,0,0,0,Chile,智利
632,198,8,8,623,189,20200322,1,1,0,0,Chile,智利
632,0,8,0,622,-1,20200323,2,1,0,0,Chile,智利
922,290,17,9,903,281,20200324,2,0,0,0,Chile,智利
922,0,17,0,903,0,20200325,2,0,0,0,Chile,智利
1306,384,17,0,1286,383,20200326,3,1,0,0,Chile,智利
1306,0,17,0,1285,-1,20200327,4,1,0,0,Chile,智利
1909,603,43,26,1860,575,20200328,6,2,0,0,Chile,智利
1909,0,43,0,1860,0,20200329,6,0,0,0,Chile,智利
2139,230,75,32,2057,197,20200330,7,1,0,0,Chile,智利
2738,599,156,81,2570,513,20200331,12,5,0,0,Chile,智利
3031,293,234,78,2781,211,20200401,16,4,0,0,Chile,智利
3031,0,234,0,2781,0,20200402,16,0,0,0,Chile,智利
3737,706,335,101,3380,599,20200403,22,6,0,0,Chile,智利
3737,0,335,0,3380,0,20200404,22,0,0,0,Chile,智利
4161,424,528,193,3606,226,20200405,27,5,0,0,Chile,智利
4471,310,598,70,3839,233,20200406,34,7,0,0,Chile,智利
5116,645,598,0,4475,636,20200407,43,9,0,0,Chile,智利
5546,430,1115,517,4383,-92,20200408,48,5,0,0,Chile,智利
5972,426,1115,0,4800,417,20200409,57,9,0,0,Chile,智利
6501,529,1571,456,4865,65,20200410,65,8,0,0,Chile,智利
6927,426,1571,0,5283,418,20200411,73,8,0,0,Chile,智利
7213,286,2059,488,5074,-209,20200412,80,7,0,0,Chile,智利
7525,312,2367,308,5076,2,20200413,82,2,0,0,Chile,智利
7525,0,2367,0,5076,0,20200414,82,0,0,0,Chile,智利
8273,748,2367,0,5812,736,20200415,94,12,0,0,Chile,智利
8807,534,3229,862,5473,-339,20200416,105,11,0,0,Chile,智利
9252,445,3621,392,5515,42,20200417,116,11,0,0,Chile,智利
9730,478,4035,414,5569,54,20200418,126,10,0,0,Chile,智利
10088,358,4338,303,5617,48,20200419,133,7,0,0,Chile,智利
10888,800,4676,338,6073,456,20200420,139,6,0,0,Chile,智利
10832,-56,4969,293,5716,-357,20200421,147,8,0,0,Chile,智利
10832,0,4969,0,5716,0,20200422,147,0,0,0,Chile,智利
11812,980,5386,417,6258,542,20200423,168,21,0,0,Chile,智利
12306,494,6327,941,5805,-453,20200424,174,6,0,0,Chile,智利
12858,552,6746,419,5931,126,20200425,181,7,0,0,Chile,智利
12858,0,6746,0,5931,0,20200426,181,0,0,0,Chile,智利
13813,955,7024,278,6591,660,20200427,198,17,0,0,Chile,智利
14365,552,7710,686,6448,-143,20200428,207,9,0,0,Chile,智利
14365,0,7710,0,6448,0,20200429,207,0,0,0,Chile,智利
14885,520,7710,0,6959,511,20200430,216,9,0,0,Chile,智利
17008,2123,9018,1308,7763,804,20200501,227,11,0,0,Chile,智利
18435,1427,9572,554,8616,853,20200502,247,20,0,0,Chile,智利
19633,1198,10041,469,9332,716,20200503,260,13,0,0,Chile,智利
20643,1010,10428,387,9945,613,20200504,270,10,0,0,Chile,智利
22016,1373,10710,282,11036,1091,20200505,270,0,0,0,Chile,智利
23048,1032,11189,479,11578,542,20200506,281,11,0,0,Chile,智利
24581,1533,11189,0,13107,1529,20200507,285,4,0,0,Chile,智利
24581,0,11189,0,13107,0,20200508,285,0,0,0,Chile,智利
27219,2638,12667,1478,14258,1151,20200509,294,9,0,0,Chile,智利
28866,1647,13112,445,15442,1184,20200510,312,18,0,0,Chile,智利
30063,1197,13605,493,16135,693,20200511,323,11,0,0,Chile,智利
31721,1658,14125,520,17261,1126,20200512,335,12,0,0,Chile,智利
34381,2660,14865,740,19169,1908,20200513,347,12,0,0,Chile,智利
37040,2659,15655,790,21017,1848,20200514,368,21,0,0,Chile,智利
39542,2502,16614,959,22534,1517,20200515,394,26,0,0,Chile,智利
41428,1886,18014,1400,22993,459,20200516,421,27,0,0,Chile,智利
43781,2353,19213,1199,24118,1125,20200517,450,29,0,0,Chile,智利
46059,2278,20165,952,25416,1298,20200518,478,28,0,0,Chile,智利
49579,3520,21507,1342,27563,2147,20200519,509,31,0,0,Chile,智利
53617,4038,22504,997,30569,3006,20200520,544,35,0,0,Chile,智利
57581,3964,23992,1488,33000,2431,20200521,589,45,0,0,Chile,智利
61857,4276,25342,1350,35885,2885,20200522,630,41,0,0,Chile,智利
65393,3536,26546,1204,38174,2289,20200523,673,43,0,0,Chile,智利
69102,3709,28148,1602,40236,2062,20200524,718,45,0,0,Chile,智利
73997,4895,29302,1154,43934,3698,20200525,761,43,0,0,Chile,智利
77961,3964,30915,1613,46240,2306,20200526,806,45,0,0,Chile,智利
82289,4328,33540,2625,47908,1668,20200527,841,35,0,0,Chile,智利
86943,4654,36150,2610,49903,1995,20200528,890,49,0,0,Chile,智利
90638,3695,38598,2448,51096,1193,20200529,944,54,0,0,Chile,智利
94858,4220,40431,1833,53430,2334,20200530,997,53,0,0,Chile,智利
99688,4830,42727,2296,55907,2477,20200531,1054,57,0,0,Chile,智利
105159,5471,44946,2219,59100,3193,20200601,1113,59,0,0,Chile,智利
108686,3527,44946,0,62552,3452,20200602,1188,75,0,0,Chile,智利
113628,4942,44946,0,67407,4855,20200603,1275,87,0,0,Chile,智利
118292,4664,44946,0,71990,4583,20200604,1356,81,0,0,Chile,智利
122499,4207,44946,0,76105,4115,20200605,1448,92,0,0,Chile,智利
127745,5246,44946,0,81258,5153,20200606,1541,93,0,0,Chile,智利
134150,6405,44946,0,87014,5756,20200607,2190,649,0,0,Chile,智利
138846,4696,44946,0,91636,4622,20200608,2264,74,0,0,Chile,智利
142759,3913,44946,0,95530,3894,20200609,2283,19,0,0,Chile,智利
148496,5737,44946,0,101075,5545,20200610,2475,192,0,0,Chile,智利
154092,5596,44946,0,106498,5423,20200611,2648,173,0,0,Chile,智利
160846,6754,44946,0,113030,6532,20200612,2870,222,0,0,Chile,智利
167355,6509,44946,0,119308,6278,20200613,3101,231,0,0,Chile,智利
174293,6938,44946,0,126024,6716,20200614,3323,222,0,0,Chile,智利
179436,5143,44946,0,131128,5104,20200615,3362,39,0,0,Chile,智利
184449,5013,44946,0,136120,4992,20200616,3383,21,0,0,Chile,智利
220628,36179,44946,0,172067,35947,20200617,3615,232,0,0,Chile,智利
225103,4475,44946,0,176316,4249,20200618,3841,226,0,0,Chile,智利
231393,6290,44946,0,182354,6038,20200619,4093,252,0,0,Chile,智利
236748,5355,44946,0,187507,5153,20200620,4295,202,0,0,Chile,智利
242355,5607,44946,0,192930,5423,20200621,4479,184,0,0,Chile,智利
246963,4608,44946,0,197515,4585,20200622,4502,23,0,0,Chile,智利
250767,3804,44946,0,201316,3801,20200623,4505,3,0,0,Chile,智利
254416,3649,44946,0,204739,3423,20200624,4731,226,0,0,Chile,智利
259064,4648,44946,0,209215,4476,20200625,4903,172,0,0,Chile,智利
263360,4296,44946,0,213346,4131,20200626,5068,165,0,0,Chile,智利
267766,4406,44946,0,217473,4127,20200627,5347,279,0,0,Chile,智利
271982,4216,44946,0,221527,4054,20200628,5509,162,0,0,Chile,智利
275999,4017,236154,191208,34270,-187257,20200629,5575,66,0,0,Chile,智利
279393,3394,241229,5075,32476,-1794,20200630,5688,113,0,0,Chile,智利
282043,2650,245443,4214,30847,-1629,20200701,5753,65,0,0,Chile,智利
284541,2498,249247,3804,29374,-1473,20200702,5920,167,0,0,Chile,智利
288089,3548,251343,2096,30695,1321,20200703,6051,131,0,0,Chile,智利
291847,3758,257445,6102,28210,-2485,20200704,6192,141,0,0,Chile,智利
295532,3685,261032,3587,28192,-18,20200705,6308,116,0,0,Chile,智利
298557,3025,264371,3339,27802,-390,20200706,6384,76,0,0,Chile,智利
301019,2462,268465,4094,26120,-1682,20200707,6434,50,0,0,Chile,智利
303083,2064,271703,3238,24807,-1313,20200708,6573,139,0,0,Chile,智利
