﻿confirmedCount,confirmedIncr,curedCount,curedIncr,currentConfirmedCount,currentConfirmedIncr,dateId,deadCount,deadIncr,suspectedCount,suspectedCountIncr,countryFullName,countryName
5,5,0,0,5,5,20200308,0,0,0,0,Costa Rica,哥斯达黎加
9,4,0,0,9,4,20200309,0,0,0,0,Costa Rica,哥斯达黎加
9,0,0,0,9,0,20200310,0,0,0,0,Costa Rica,哥斯达黎加
13,4,0,0,13,4,20200311,0,0,0,0,Costa Rica,哥斯达黎加
13,0,0,0,13,0,20200312,0,0,0,0,Costa Rica,哥斯达黎加
22,9,0,0,22,9,20200313,0,0,0,0,Costa Rica,哥斯达黎加
23,1,0,0,23,1,20200314,0,0,0,0,Costa Rica,哥斯达黎加
23,0,0,0,23,0,20200315,0,0,0,0,Costa Rica,哥斯达黎加
23,0,0,0,23,0,20200316,0,0,0,0,Costa Rica,哥斯达黎加
41,18,0,0,41,18,20200317,0,0,0,0,Costa Rica,哥斯达黎加
41,0,0,0,41,0,20200318,0,0,0,0,Costa Rica,哥斯达黎加
87,46,0,0,86,45,20200319,1,1,0,0,Costa Rica,哥斯达黎加
113,26,0,0,111,25,20200320,2,1,0,0,Costa Rica,哥斯达黎加
113,0,0,0,111,0,20200321,2,0,0,0,Costa Rica,哥斯达黎加
117,4,0,0,115,4,20200322,2,0,0,0,Costa Rica,哥斯达黎加
158,41,0,0,156,41,20200323,2,0,0,0,Costa Rica,哥斯达黎加
158,0,0,0,156,0,20200324,2,0,0,0,Costa Rica,哥斯达黎加
201,43,0,0,199,43,20200325,2,0,0,0,Costa Rica,哥斯达黎加
231,30,0,0,229,30,20200326,2,0,0,0,Costa Rica,哥斯达黎加
263,32,0,0,261,32,20200327,2,0,0,0,Costa Rica,哥斯达黎加
295,32,0,0,293,32,20200328,2,0,0,0,Costa Rica,哥斯达黎加
295,0,0,0,293,0,20200329,2,0,0,0,Costa Rica,哥斯达黎加
295,0,0,0,293,0,20200330,2,0,0,0,Costa Rica,哥斯达黎加
347,52,0,0,345,52,20200331,2,0,0,0,Costa Rica,哥斯达黎加
347,0,0,0,345,0,20200401,2,0,0,0,Costa Rica,哥斯达黎加
347,0,0,0,345,0,20200402,2,0,0,0,Costa Rica,哥斯达黎加
375,28,0,0,373,28,20200403,2,0,0,0,Costa Rica,哥斯达黎加
396,21,0,0,394,21,20200404,2,0,0,0,Costa Rica,哥斯达黎加
416,20,0,0,414,20,20200405,2,0,0,0,Costa Rica,哥斯达黎加
435,19,0,0,433,19,20200406,2,0,0,0,Costa Rica,哥斯达黎加
454,19,0,0,452,19,20200407,2,0,0,0,Costa Rica,哥斯达黎加
467,13,0,0,465,13,20200408,2,0,0,0,Costa Rica,哥斯达黎加
483,16,0,0,481,16,20200409,2,0,0,0,Costa Rica,哥斯达黎加
502,19,0,0,499,18,20200410,3,1,0,0,Costa Rica,哥斯达黎加
539,37,0,0,536,37,20200411,3,0,0,0,Costa Rica,哥斯达黎加
558,19,0,0,555,19,20200412,3,0,0,0,Costa Rica,哥斯达黎加
577,19,0,0,574,19,20200413,3,0,0,0,Costa Rica,哥斯达黎加
595,18,0,0,592,18,20200414,3,0,0,0,Costa Rica,哥斯达黎加
612,17,0,0,609,17,20200415,3,0,0,0,Costa Rica,哥斯达黎加
618,6,0,0,615,6,20200416,3,0,0,0,Costa Rica,哥斯达黎加
626,8,0,0,622,7,20200417,4,1,0,0,Costa Rica,哥斯达黎加
642,16,0,0,638,16,20200418,4,0,0,0,Costa Rica,哥斯达黎加
649,7,0,0,645,7,20200419,4,0,0,0,Costa Rica,哥斯达黎加
655,6,0,0,651,6,20200420,4,0,0,0,Costa Rica,哥斯达黎加
660,5,0,0,655,4,20200421,5,1,0,0,Costa Rica,哥斯达黎加
662,2,0,0,656,1,20200422,6,1,0,0,Costa Rica,哥斯达黎加
669,7,0,0,663,7,20200423,6,0,0,0,Costa Rica,哥斯达黎加
681,12,0,0,675,12,20200424,6,0,0,0,Costa Rica,哥斯达黎加
686,5,0,0,680,5,20200425,6,0,0,0,Costa Rica,哥斯达黎加
687,1,0,0,681,1,20200426,6,0,0,0,Costa Rica,哥斯达黎加
693,6,0,0,687,6,20200427,6,0,0,0,Costa Rica,哥斯达黎加
695,2,0,0,689,2,20200428,6,0,0,0,Costa Rica,哥斯达黎加
697,2,0,0,691,2,20200429,6,0,0,0,Costa Rica,哥斯达黎加
705,8,0,0,699,8,20200430,6,0,0,0,Costa Rica,哥斯达黎加
713,8,0,0,707,8,20200501,6,0,0,0,Costa Rica,哥斯达黎加
719,6,0,0,713,6,20200502,6,0,0,0,Costa Rica,哥斯达黎加
725,6,0,0,719,6,20200503,6,0,0,0,Costa Rica,哥斯达黎加
733,8,0,0,727,8,20200504,6,0,0,0,Costa Rica,哥斯达黎加
739,6,0,0,733,6,20200505,6,0,0,0,Costa Rica,哥斯达黎加
742,3,0,0,736,3,20200506,6,0,0,0,Costa Rica,哥斯达黎加
755,13,0,0,749,13,20200507,6,0,0,0,Costa Rica,哥斯达黎加
761,6,0,0,755,6,20200508,6,0,0,0,Costa Rica,哥斯达黎加
765,4,0,0,759,4,20200509,6,0,0,0,Costa Rica,哥斯达黎加
773,8,0,0,767,8,20200510,6,0,0,0,Costa Rica,哥斯达黎加
780,7,0,0,774,7,20200511,6,0,0,0,Costa Rica,哥斯达黎加
792,12,0,0,786,12,20200512,6,0,0,0,Costa Rica,哥斯达黎加
801,9,0,0,794,8,20200513,7,1,0,0,Costa Rica,哥斯达黎加
804,3,0,0,797,3,20200514,7,0,0,0,Costa Rica,哥斯达黎加
815,11,0,0,808,11,20200515,7,0,0,0,Costa Rica,哥斯达黎加
830,15,0,0,822,14,20200516,8,1,0,0,Costa Rica,哥斯达黎加
843,13,0,0,835,13,20200517,8,0,0,0,Costa Rica,哥斯达黎加
853,10,0,0,843,8,20200518,10,2,0,0,Costa Rica,哥斯达黎加
863,10,0,0,853,10,20200519,10,0,0,0,Costa Rica,哥斯达黎加
882,19,0,0,872,19,20200520,10,0,0,0,Costa Rica,哥斯达黎加
882,0,0,0,872,0,20200521,10,0,0,0,Costa Rica,哥斯达黎加
882,0,0,0,872,0,20200522,10,0,0,0,Costa Rica,哥斯达黎加
903,21,0,0,893,21,20200523,10,0,0,0,Costa Rica,哥斯达黎加
911,8,0,0,901,8,20200524,10,0,0,0,Costa Rica,哥斯达黎加
918,7,0,0,908,7,20200525,10,0,0,0,Costa Rica,哥斯达黎加
930,12,0,0,920,12,20200526,10,0,0,0,Costa Rica,哥斯达黎加
951,21,0,0,941,21,20200527,10,0,0,0,Costa Rica,哥斯达黎加
956,5,0,0,946,5,20200528,10,0,0,0,Costa Rica,哥斯达黎加
984,28,0,0,974,28,20200529,10,0,0,0,Costa Rica,哥斯达黎加
1000,16,0,0,990,16,20200530,10,0,0,0,Costa Rica,哥斯达黎加
1022,22,0,0,1012,22,20200531,10,0,0,0,Costa Rica,哥斯达黎加
1047,25,0,0,1037,25,20200601,10,0,0,0,Costa Rica,哥斯达黎加
1056,9,0,0,1046,9,20200602,10,0,0,0,Costa Rica,哥斯达黎加
1084,28,0,0,1074,28,20200603,10,0,0,0,Costa Rica,哥斯达黎加
1105,21,0,0,1095,21,20200604,10,0,0,0,Costa Rica,哥斯达黎加
1157,52,0,0,1147,52,20200605,10,0,0,0,Costa Rica,哥斯达黎加
1194,37,0,0,1184,37,20200606,10,0,0,0,Costa Rica,哥斯达黎加
1263,69,0,0,1253,69,20200607,10,0,0,0,Costa Rica,哥斯达黎加
1263,0,0,0,1253,0,20200608,10,0,0,0,Costa Rica,哥斯达黎加
1318,55,0,0,1308,55,20200609,10,0,0,0,Costa Rica,哥斯达黎加
1342,24,0,0,1332,24,20200610,10,0,0,0,Costa Rica,哥斯达黎加
1375,33,0,0,1363,31,20200611,12,2,0,0,Costa Rica,哥斯达黎加
1461,86,0,0,1449,86,20200612,12,0,0,0,Costa Rica,哥斯达黎加
1538,77,0,0,1526,77,20200613,12,0,0,0,Costa Rica,哥斯达黎加
1612,74,0,0,1600,74,20200614,12,0,0,0,Costa Rica,哥斯达黎加
1662,50,0,0,1650,50,20200615,12,0,0,0,Costa Rica,哥斯达黎加
1715,53,0,0,1703,53,20200616,12,0,0,0,Costa Rica,哥斯达黎加
1715,0,0,0,1703,0,20200617,12,0,0,0,Costa Rica,哥斯达黎加
1796,81,0,0,1784,81,20200618,12,0,0,0,Costa Rica,哥斯达黎加
2058,262,0,0,2046,262,20200619,12,0,0,0,Costa Rica,哥斯达黎加
2058,0,0,0,2046,0,20200620,12,0,0,0,Costa Rica,哥斯达黎加
2058,0,0,0,2046,0,20200621,12,0,0,0,Costa Rica,哥斯达黎加
2127,69,0,0,2115,69,20200622,12,0,0,0,Costa Rica,哥斯达黎加
2213,86,0,0,2201,86,20200623,12,0,0,0,Costa Rica,哥斯达黎加
2515,302,0,0,2503,302,20200624,12,0,0,0,Costa Rica,哥斯达黎加
2515,0,0,0,2503,0,20200625,12,0,0,0,Costa Rica,哥斯达黎加
2515,0,0,0,2503,0,20200626,12,0,0,0,Costa Rica,哥斯达黎加
2684,169,0,0,2672,169,20200627,12,0,0,0,Costa Rica,哥斯达黎加
2836,152,1280,1280,1544,-1128,20200628,12,0,0,0,Costa Rica,哥斯达黎加
2979,143,1280,0,1686,142,20200629,13,1,0,0,Costa Rica,哥斯达黎加
3130,151,1280,0,1835,149,20200630,15,2,0,0,Costa Rica,哥斯达黎加
3269,139,1280,0,1974,139,20200701,15,0,0,0,Costa Rica,哥斯达黎加
3459,190,1280,0,2163,189,20200702,16,1,0,0,Costa Rica,哥斯达黎加
3753,294,1280,0,2457,294,20200703,16,0,0,0,Costa Rica,哥斯达黎加
4023,270,1280,0,2725,268,20200704,18,2,0,0,Costa Rica,哥斯达黎加
4311,288,1280,0,3013,288,20200705,18,0,0,0,Costa Rica,哥斯达黎加
4621,310,1280,0,3323,310,20200706,18,0,0,0,Costa Rica,哥斯达黎加
4996,375,1280,0,3697,374,20200707,19,1,0,0,Costa Rica,哥斯达黎加
5241,245,1280,0,3938,241,20200708,23,4,0,0,Costa Rica,哥斯达黎加
