﻿confirmedCount,confirmedIncr,curedCount,curedIncr,currentConfirmedCount,currentConfirmedIncr,dateId,deadCount,deadIncr,suspectedCount,suspectedCountIncr,countryFullName,countryName
1,1,0,0,1,1,20200312,0,0,0,0,Cote d Ivoire,科特迪瓦
1,0,0,0,1,0,20200313,0,0,0,0,Cote d Ivoire,科特迪瓦
1,0,0,0,1,0,20200314,0,0,0,0,Cote d Ivoire,科特迪瓦
3,2,0,0,3,2,20200315,0,0,0,0,Cote d Ivoire,科特迪瓦
3,0,0,0,3,0,20200316,0,0,0,0,Cote d Ivoire,科特迪瓦
6,3,1,1,5,2,20200317,0,0,0,0,Cote d Ivoire,科特迪瓦
6,0,1,0,5,0,20200318,0,0,0,0,Cote d Ivoire,科特迪瓦
9,3,1,0,8,3,20200319,0,0,0,0,Cote d Ivoire,科特迪瓦
14,5,1,0,13,5,20200320,0,0,0,0,Cote d Ivoire,科特迪瓦
14,0,1,0,13,0,20200321,0,0,0,0,Cote d Ivoire,科特迪瓦
25,11,1,0,24,11,20200322,0,0,0,0,Cote d Ivoire,科特迪瓦
25,0,1,0,24,0,20200323,0,0,0,0,Cote d Ivoire,科特迪瓦
73,48,3,2,70,46,20200324,0,0,0,0,Cote d Ivoire,科特迪瓦
73,0,3,0,70,0,20200325,0,0,0,0,Cote d Ivoire,科特迪瓦
96,23,3,0,93,23,20200326,0,0,0,0,Cote d Ivoire,科特迪瓦
101,5,3,0,98,5,20200327,0,0,0,0,Cote d Ivoire,科特迪瓦
101,0,3,0,98,0,20200328,0,0,0,0,Cote d Ivoire,科特迪瓦
165,64,4,1,160,62,20200329,1,1,0,0,Cote d Ivoire,科特迪瓦
168,3,6,2,161,1,20200330,1,0,0,0,Cote d Ivoire,科特迪瓦
179,11,7,1,171,10,20200331,1,0,0,0,Cote d Ivoire,科特迪瓦
190,11,9,2,180,9,20200401,1,0,0,0,Cote d Ivoire,科特迪瓦
194,4,15,6,178,-2,20200402,1,0,0,0,Cote d Ivoire,科特迪瓦
194,0,15,0,178,0,20200403,1,0,0,0,Cote d Ivoire,科特迪瓦
245,51,25,10,219,41,20200404,1,0,0,0,Cote d Ivoire,科特迪瓦
261,16,37,12,221,2,20200405,3,2,0,0,Cote d Ivoire,科特迪瓦
323,62,41,4,279,58,20200406,3,0,0,0,Cote d Ivoire,科特迪瓦
349,26,41,0,305,26,20200407,3,0,0,0,Cote d Ivoire,科特迪瓦
384,35,48,7,333,28,20200408,3,0,0,0,Cote d Ivoire,科特迪瓦
444,60,52,4,389,56,20200409,3,0,0,0,Cote d Ivoire,科特迪瓦
480,36,54,2,423,34,20200410,3,0,0,0,Cote d Ivoire,科特迪瓦
533,53,58,4,471,48,20200411,4,1,0,0,Cote d Ivoire,科特迪瓦
574,41,85,27,484,13,20200412,5,1,0,0,Cote d Ivoire,科特迪瓦
626,52,89,4,531,47,20200413,6,1,0,0,Cote d Ivoire,科特迪瓦
638,12,114,25,518,-13,20200414,6,0,0,0,Cote d Ivoire,科特迪瓦
654,16,146,32,502,-16,20200415,6,0,0,0,Cote d Ivoire,科特迪瓦
688,34,193,47,489,-13,20200416,6,0,0,0,Cote d Ivoire,科特迪瓦
742,54,220,27,516,27,20200417,6,0,0,0,Cote d Ivoire,科特迪瓦
801,59,239,19,554,38,20200418,8,2,0,0,Cote d Ivoire,科特迪瓦
847,46,260,21,578,24,20200419,9,1,0,0,Cote d Ivoire,科特迪瓦
879,32,287,27,582,4,20200420,10,1,0,0,Cote d Ivoire,科特迪瓦
916,37,303,16,600,18,20200421,13,3,0,0,Cote d Ivoire,科特迪瓦
952,36,320,17,618,18,20200422,14,1,0,0,Cote d Ivoire,科特迪瓦
1004,52,359,39,631,13,20200423,14,0,0,0,Cote d Ivoire,科特迪瓦
1077,73,419,60,644,13,20200424,14,0,0,0,Cote d Ivoire,科特迪瓦
1111,34,449,30,648,4,20200425,14,0,0,0,Cote d Ivoire,科特迪瓦
1150,39,468,19,668,20,20200426,14,0,0,0,Cote d Ivoire,科特迪瓦
1150,0,468,0,668,0,20200427,14,0,0,0,Cote d Ivoire,科特迪瓦
1183,33,525,57,644,-24,20200428,14,0,0,0,Cote d Ivoire,科特迪瓦
1238,55,557,32,667,23,20200429,14,0,0,0,Cote d Ivoire,科特迪瓦
1275,37,574,17,687,20,20200430,14,0,0,0,Cote d Ivoire,科特迪瓦
1333,58,597,23,721,34,20200501,15,1,0,0,Cote d Ivoire,科特迪瓦
1362,29,622,25,725,4,20200502,15,0,0,0,Cote d Ivoire,科特迪瓦
1362,0,622,0,725,0,20200503,15,0,0,0,Cote d Ivoire,科特迪瓦
1398,36,622,0,759,34,20200504,17,2,0,0,Cote d Ivoire,科特迪瓦
1432,34,622,0,793,34,20200505,17,0,0,0,Cote d Ivoire,科特迪瓦
1516,84,721,99,777,-16,20200506,18,1,0,0,Cote d Ivoire,科特迪瓦
1516,0,721,0,777,0,20200507,18,0,0,0,Cote d Ivoire,科特迪瓦
1602,86,754,33,828,51,20200508,20,2,0,0,Cote d Ivoire,科特迪瓦
1667,65,769,15,877,49,20200509,21,1,0,0,Cote d Ivoire,科特迪瓦
1700,33,885,116,794,-83,20200510,21,0,0,0,Cote d Ivoire,科特迪瓦
1730,30,891,6,818,24,20200511,21,0,0,0,Cote d Ivoire,科特迪瓦
1857,127,820,-71,1016,198,20200512,21,0,0,0,Cote d Ivoire,科特迪瓦
1912,55,902,82,986,-30,20200513,24,3,0,0,Cote d Ivoire,科特迪瓦
1971,59,930,28,1017,31,20200514,24,0,0,0,Cote d Ivoire,科特迪瓦
2017,46,942,12,1051,34,20200515,24,0,0,0,Cote d Ivoire,科特迪瓦
2061,44,987,45,1049,-2,20200516,25,1,0,0,Cote d Ivoire,科特迪瓦
2109,48,1004,17,1078,29,20200517,27,2,0,0,Cote d Ivoire,科特迪瓦
2109,0,1004,0,1078,0,20200518,27,0,0,0,Cote d Ivoire,科特迪瓦
2119,10,1004,0,1087,9,20200519,28,1,0,0,Cote d Ivoire,科特迪瓦
2231,112,1083,79,1119,32,20200520,29,1,0,0,Cote d Ivoire,科特迪瓦
2301,70,1100,17,1172,53,20200521,29,0,0,0,Cote d Ivoire,科特迪瓦
2301,0,1100,0,1172,0,20200522,29,0,0,0,Cote d Ivoire,科特迪瓦
2366,65,1188,88,1148,-24,20200523,30,1,0,0,Cote d Ivoire,科特迪瓦
2366,0,1188,0,1148,0,20200524,30,0,0,0,Cote d Ivoire,科特迪瓦
2376,10,1188,0,1158,10,20200525,30,0,0,0,Cote d Ivoire,科特迪瓦
2477,101,1286,98,1161,3,20200526,30,0,0,0,Cote d Ivoire,科特迪瓦
2556,79,1302,16,1223,62,20200527,31,1,0,0,Cote d Ivoire,科特迪瓦
2556,0,1302,0,1223,0,20200528,31,0,0,0,Cote d Ivoire,科特迪瓦
2750,194,1348,46,1370,147,20200529,32,1,0,0,Cote d Ivoire,科特迪瓦
2750,0,1348,0,1370,0,20200530,32,0,0,0,Cote d Ivoire,科特迪瓦
2799,49,1348,0,1418,48,20200531,33,1,0,0,Cote d Ivoire,科特迪瓦
2833,34,1348,0,1452,34,20200601,33,0,0,0,Cote d Ivoire,科特迪瓦
2951,118,1348,0,1570,118,20200602,33,0,0,0,Cote d Ivoire,科特迪瓦
3110,159,1545,197,1530,-40,20200603,35,2,0,0,Cote d Ivoire,科特迪瓦
3110,0,1545,0,1530,0,20200604,35,0,0,0,Cote d Ivoire,科特迪瓦
3262,152,1545,0,1682,152,20200605,35,0,0,0,Cote d Ivoire,科特迪瓦
3431,169,1545,0,1850,168,20200606,36,1,0,0,Cote d Ivoire,科特迪瓦
3557,126,1545,0,1976,126,20200607,36,0,0,0,Cote d Ivoire,科特迪瓦
3739,182,1545,0,2158,182,20200608,36,0,0,0,Cote d Ivoire,科特迪瓦
3995,256,2045,500,1912,-246,20200609,38,2,0,0,Cote d Ivoire,科特迪瓦
3995,0,2045,0,1912,0,20200610,38,0,0,0,Cote d Ivoire,科特迪瓦
4181,186,2045,0,2095,183,20200611,41,3,0,0,Cote d Ivoire,科特迪瓦
4404,223,2045,0,2318,223,20200612,41,0,0,0,Cote d Ivoire,科特迪瓦
4684,280,2045,0,2594,276,20200613,45,4,0,0,Cote d Ivoire,科特迪瓦
4848,164,2045,0,2758,164,20200614,45,0,0,0,Cote d Ivoire,科特迪瓦
5084,236,2045,0,2994,236,20200615,45,0,0,0,Cote d Ivoire,科特迪瓦
5084,0,2045,0,2994,0,20200616,45,0,0,0,Cote d Ivoire,科特迪瓦
6063,979,2749,704,3266,272,20200617,48,3,0,0,Cote d Ivoire,科特迪瓦
6063,0,2749,0,3266,0,20200618,48,0,0,0,Cote d Ivoire,科特迪瓦
6444,381,2749,0,3646,380,20200619,49,1,0,0,Cote d Ivoire,科特迪瓦
6874,430,2749,0,4076,430,20200620,49,0,0,0,Cote d Ivoire,科特迪瓦
7276,402,2749,0,4475,399,20200621,52,3,0,0,Cote d Ivoire,科特迪瓦
7492,216,2749,0,4689,214,20200622,54,2,0,0,Cote d Ivoire,科特迪瓦
7677,185,2749,0,4872,183,20200623,56,2,0,0,Cote d Ivoire,科特迪瓦
7904,227,2749,0,5097,225,20200624,58,2,0,0,Cote d Ivoire,科特迪瓦
8334,430,3487,738,4787,-310,20200625,60,2,0,0,Cote d Ivoire,科特迪瓦
8334,0,3487,0,4787,0,20200626,60,0,0,0,Cote d Ivoire,科特迪瓦
8739,405,3487,0,5188,401,20200627,64,4,0,0,Cote d Ivoire,科特迪瓦
8944,205,3487,0,5391,203,20200628,66,2,0,0,Cote d Ivoire,科特迪瓦
8944,0,3487,0,5391,0,20200629,66,0,0,0,Cote d Ivoire,科特迪瓦
9101,157,3487,0,5548,157,20200630,66,0,0,0,Cote d Ivoire,科特迪瓦
9702,601,4381,894,5253,-295,20200701,68,2,0,0,Cote d Ivoire,科特迪瓦
9702,0,4381,0,5253,0,20200702,68,0,0,0,Cote d Ivoire,科特迪瓦
9702,0,4381,0,5253,0,20200703,68,0,0,0,Cote d Ivoire,科特迪瓦
9992,290,4381,0,5543,290,20200704,68,0,0,0,Cote d Ivoire,科特迪瓦
10244,252,4381,0,5793,250,20200705,70,2,0,0,Cote d Ivoire,科特迪瓦
10244,0,4381,0,5793,0,20200706,70,0,0,0,Cote d Ivoire,科特迪瓦
10966,722,4381,0,6510,717,20200707,75,5,0,0,Cote d Ivoire,科特迪瓦
11504,538,5571,1190,5855,-655,20200708,78,3,0,0,Cote d Ivoire,科特迪瓦
