﻿confirmedCount,confirmedIncr,curedCount,curedIncr,currentConfirmedCount,currentConfirmedIncr,dateId,deadCount,deadIncr,suspectedCount,suspectedCountIncr,countryFullName,countryName
2,2,0,0,2,2,20200310,0,0,0,0,Cyprus,塞浦路斯
2,0,0,0,2,0,20200311,0,0,0,0,Cyprus,塞浦路斯
6,4,0,0,6,4,20200312,0,0,0,0,Cyprus,塞浦路斯
6,0,0,0,6,0,20200313,0,0,0,0,Cyprus,塞浦路斯
14,8,0,0,14,8,20200314,0,0,0,0,Cyprus,塞浦路斯
21,7,0,0,21,7,20200315,0,0,0,0,Cyprus,塞浦路斯
33,12,0,0,33,12,20200316,0,0,0,0,Cyprus,塞浦路斯
33,0,0,0,33,0,20200317,0,0,0,0,Cyprus,塞浦路斯
33,0,0,0,33,0,20200318,0,0,0,0,Cyprus,塞浦路斯
67,34,0,0,67,34,20200319,0,0,0,0,Cyprus,塞浦路斯
75,8,0,0,75,8,20200320,0,0,0,0,Cyprus,塞浦路斯
75,0,0,0,75,0,20200321,0,0,0,0,Cyprus,塞浦路斯
95,20,0,0,94,19,20200322,1,1,0,0,Cyprus,塞浦路斯
116,21,0,0,115,21,20200323,1,0,0,0,Cyprus,塞浦路斯
124,8,0,0,123,8,20200324,1,0,0,0,Cyprus,塞浦路斯
132,8,0,0,129,6,20200325,3,2,0,0,Cyprus,塞浦路斯
132,0,0,0,129,0,20200326,3,0,0,0,Cyprus,塞浦路斯
162,30,0,0,157,28,20200327,5,2,0,0,Cyprus,塞浦路斯
179,17,0,0,174,17,20200328,5,0,0,0,Cyprus,塞浦路斯
214,35,0,0,208,34,20200329,6,1,0,0,Cyprus,塞浦路斯
230,16,0,0,224,16,20200330,6,0,0,0,Cyprus,塞浦路斯
262,32,0,0,255,31,20200331,7,1,0,0,Cyprus,塞浦路斯
320,58,0,0,311,56,20200401,9,2,0,0,Cyprus,塞浦路斯
356,36,0,0,346,35,20200402,10,1,0,0,Cyprus,塞浦路斯
396,40,0,0,386,40,20200403,10,0,0,0,Cyprus,塞浦路斯
426,30,0,0,415,29,20200404,11,1,0,0,Cyprus,塞浦路斯
446,20,0,0,435,20,20200405,11,0,0,0,Cyprus,塞浦路斯
465,19,0,0,451,16,20200406,14,3,0,0,Cyprus,塞浦路斯
495,30,0,0,481,30,20200407,14,0,0,0,Cyprus,塞浦路斯
526,31,0,0,512,31,20200408,14,0,0,0,Cyprus,塞浦路斯
562,36,0,0,548,36,20200409,14,0,0,0,Cyprus,塞浦路斯
595,33,0,0,580,32,20200410,15,1,0,0,Cyprus,塞浦路斯
616,21,0,0,601,21,20200411,15,0,0,0,Cyprus,塞浦路斯
633,17,0,0,618,17,20200412,15,0,0,0,Cyprus,塞浦路斯
633,0,0,0,617,-1,20200413,16,1,0,0,Cyprus,塞浦路斯
695,62,0,0,678,61,20200414,17,1,0,0,Cyprus,塞浦路斯
715,20,0,0,698,20,20200415,17,0,0,0,Cyprus,塞浦路斯
735,20,0,0,718,20,20200416,17,0,0,0,Cyprus,塞浦路斯
750,15,0,0,733,15,20200417,17,0,0,0,Cyprus,塞浦路斯
761,11,0,0,744,11,20200418,17,0,0,0,Cyprus,塞浦路斯
767,6,0,0,750,6,20200419,17,0,0,0,Cyprus,塞浦路斯
772,5,0,0,755,5,20200420,17,0,0,0,Cyprus,塞浦路斯
784,12,0,0,767,12,20200421,17,0,0,0,Cyprus,塞浦路斯
790,6,0,0,773,6,20200422,17,0,0,0,Cyprus,塞浦路斯
795,5,0,0,778,5,20200423,17,0,0,0,Cyprus,塞浦路斯
804,9,0,0,787,9,20200424,17,0,0,0,Cyprus,塞浦路斯
810,6,0,0,793,6,20200425,17,0,0,0,Cyprus,塞浦路斯
810,0,0,0,793,0,20200426,17,0,0,0,Cyprus,塞浦路斯
817,7,0,0,800,7,20200427,17,0,0,0,Cyprus,塞浦路斯
822,5,0,0,802,2,20200428,20,3,0,0,Cyprus,塞浦路斯
843,21,0,0,823,21,20200429,20,0,0,0,Cyprus,塞浦路斯
850,7,148,148,682,-141,20200430,20,0,0,0,Cyprus,塞浦路斯
857,7,148,0,689,7,20200501,20,0,0,0,Cyprus,塞浦路斯
864,7,148,0,696,7,20200502,20,0,0,0,Cyprus,塞浦路斯
864,0,148,0,696,0,20200503,20,0,0,0,Cyprus,塞浦路斯
872,8,148,0,704,8,20200504,20,0,0,0,Cyprus,塞浦路斯
874,2,148,0,706,2,20200505,20,0,0,0,Cyprus,塞浦路斯
883,9,148,0,715,9,20200506,20,0,0,0,Cyprus,塞浦路斯
889,6,148,0,720,5,20200507,21,1,0,0,Cyprus,塞浦路斯
889,0,148,0,720,0,20200508,21,0,0,0,Cyprus,塞浦路斯
891,2,148,0,722,2,20200509,21,0,0,0,Cyprus,塞浦路斯
892,1,148,0,723,1,20200510,21,0,0,0,Cyprus,塞浦路斯
1009,117,504,356,479,-244,20200511,26,5,0,0,Cyprus,塞浦路斯
903,-106,504,0,373,-106,20200512,26,0,0,0,Cyprus,塞浦路斯
903,0,504,0,373,0,20200513,26,0,0,0,Cyprus,塞浦路斯
905,2,504,0,375,2,20200514,26,0,0,0,Cyprus,塞浦路斯
907,2,504,0,377,2,20200515,26,0,0,0,Cyprus,塞浦路斯
910,3,504,0,380,3,20200516,26,0,0,0,Cyprus,塞浦路斯
914,4,504,0,384,4,20200517,26,0,0,0,Cyprus,塞浦路斯
916,2,504,0,386,2,20200518,26,0,0,0,Cyprus,塞浦路斯
918,2,504,0,388,2,20200519,26,0,0,0,Cyprus,塞浦路斯
918,0,504,0,388,0,20200520,26,0,0,0,Cyprus,塞浦路斯
922,4,504,0,392,4,20200521,26,0,0,0,Cyprus,塞浦路斯
923,1,504,0,393,1,20200522,26,0,0,0,Cyprus,塞浦路斯
927,4,504,0,397,4,20200523,26,0,0,0,Cyprus,塞浦路斯
927,0,504,0,397,0,20200524,26,0,0,0,Cyprus,塞浦路斯
935,8,504,0,405,8,20200525,26,0,0,0,Cyprus,塞浦路斯
937,2,504,0,407,2,20200526,26,0,0,0,Cyprus,塞浦路斯
939,2,504,0,409,2,20200527,26,0,0,0,Cyprus,塞浦路斯
939,0,504,0,409,0,20200528,26,0,0,0,Cyprus,塞浦路斯
941,2,504,0,411,2,20200529,26,0,0,0,Cyprus,塞浦路斯
941,0,504,0,411,0,20200530,26,0,0,0,Cyprus,塞浦路斯
943,2,504,0,413,2,20200531,26,0,0,0,Cyprus,塞浦路斯
944,1,504,0,414,1,20200601,26,0,0,0,Cyprus,塞浦路斯
949,5,504,0,419,5,20200602,26,0,0,0,Cyprus,塞浦路斯
952,3,504,0,422,3,20200603,26,0,0,0,Cyprus,塞浦路斯
958,6,504,0,428,6,20200604,26,0,0,0,Cyprus,塞浦路斯
958,0,504,0,428,0,20200605,26,0,0,0,Cyprus,塞浦路斯
960,2,504,0,430,2,20200606,26,0,0,0,Cyprus,塞浦路斯
960,0,504,0,430,0,20200607,26,0,0,0,Cyprus,塞浦路斯
964,4,504,0,434,4,20200608,26,0,0,0,Cyprus,塞浦路斯
970,6,504,0,440,6,20200609,26,0,0,0,Cyprus,塞浦路斯
974,4,504,0,444,4,20200610,26,0,0,0,Cyprus,塞浦路斯
974,0,504,0,444,0,20200611,26,0,0,0,Cyprus,塞浦路斯
975,1,504,0,445,1,20200612,26,0,0,0,Cyprus,塞浦路斯
980,5,504,0,450,5,20200613,26,0,0,0,Cyprus,塞浦路斯
980,0,504,0,450,0,20200614,26,0,0,0,Cyprus,塞浦路斯
983,3,504,0,453,3,20200615,26,0,0,0,Cyprus,塞浦路斯
985,2,504,0,455,2,20200616,26,0,0,0,Cyprus,塞浦路斯
985,0,504,0,455,0,20200617,26,0,0,0,Cyprus,塞浦路斯
985,0,504,0,455,0,20200618,26,0,0,0,Cyprus,塞浦路斯
985,0,504,0,455,0,20200619,26,0,0,0,Cyprus,塞浦路斯
985,0,504,0,455,0,20200620,26,0,0,0,Cyprus,塞浦路斯
985,0,504,0,455,0,20200621,26,0,0,0,Cyprus,塞浦路斯
986,1,504,0,456,1,20200622,26,0,0,0,Cyprus,塞浦路斯
988,2,504,0,458,2,20200623,26,0,0,0,Cyprus,塞浦路斯
990,2,504,0,460,2,20200624,26,0,0,0,Cyprus,塞浦路斯
991,1,504,0,461,1,20200625,26,0,0,0,Cyprus,塞浦路斯
992,1,504,0,462,1,20200626,26,0,0,0,Cyprus,塞浦路斯
992,0,504,0,462,0,20200627,26,0,0,0,Cyprus,塞浦路斯
994,2,504,0,464,2,20200628,26,0,0,0,Cyprus,塞浦路斯
994,0,504,0,464,0,20200629,26,0,0,0,Cyprus,塞浦路斯
996,2,504,0,466,2,20200630,26,0,0,0,Cyprus,塞浦路斯
998,2,504,0,468,2,20200701,26,0,0,0,Cyprus,塞浦路斯
999,1,504,0,469,1,20200702,26,0,0,0,Cyprus,塞浦路斯
999,0,504,0,469,0,20200703,26,0,0,0,Cyprus,塞浦路斯
999,0,504,0,469,0,20200704,26,0,0,0,Cyprus,塞浦路斯
1002,3,504,0,472,3,20200705,26,0,0,0,Cyprus,塞浦路斯
1003,1,504,0,473,1,20200706,26,0,0,0,Cyprus,塞浦路斯
1004,1,504,0,474,1,20200707,26,0,0,0,Cyprus,塞浦路斯
1005,1,504,0,475,1,20200708,26,0,0,0,Cyprus,塞浦路斯
