﻿confirmedCount,confirmedIncr,curedCount,curedIncr,currentConfirmedCount,currentConfirmedIncr,dateId,deadCount,deadIncr,suspectedCount,suspectedCountIncr,countryFullName,countryName
3,3,0,0,3,3,20200302,0,0,0,0,Czechia,捷克
3,0,0,0,3,0,20200303,0,0,0,0,Czechia,捷克
5,2,0,0,5,2,20200304,0,0,0,0,Czechia,捷克
5,0,0,0,5,0,20200305,0,0,0,0,Czechia,捷克
12,7,0,0,12,7,20200306,0,0,0,0,Czechia,捷克
12,0,0,0,12,0,20200307,0,0,0,0,Czechia,捷克
26,14,0,0,26,14,20200308,0,0,0,0,Czechia,捷克
32,6,0,0,32,6,20200309,0,0,0,0,Czechia,捷克
38,6,0,0,38,6,20200310,0,0,0,0,Czechia,捷克
61,23,0,0,61,23,20200311,0,0,0,0,Czechia,捷克
94,33,0,0,94,33,20200312,0,0,0,0,Czechia,捷克
116,22,0,0,116,22,20200313,0,0,0,0,Czechia,捷克
150,34,0,0,150,34,20200314,0,0,0,0,Czechia,捷克
214,64,0,0,214,64,20200315,0,0,0,0,Czechia,捷克
298,84,0,0,298,84,20200316,0,0,0,0,Czechia,捷克
383,85,3,3,380,82,20200317,0,0,0,0,Czechia,捷克
434,51,3,0,431,51,20200318,0,0,0,0,Czechia,捷克
694,260,3,0,691,260,20200319,0,0,0,0,Czechia,捷克
833,139,4,1,829,138,20200320,0,0,0,0,Czechia,捷克
995,162,6,2,989,160,20200321,0,0,0,0,Czechia,捷克
1120,125,6,0,1113,124,20200322,1,1,0,0,Czechia,捷克
1236,116,7,1,1228,115,20200323,1,0,0,0,Czechia,捷克
1236,0,7,0,1228,0,20200324,1,0,0,0,Czechia,捷克
1654,418,10,3,1634,406,20200325,10,9,0,0,Czechia,捷克
1925,271,10,0,1905,271,20200326,10,0,0,0,Czechia,捷克
2279,354,11,1,2259,354,20200327,9,-1,0,0,Czechia,捷克
2622,343,11,0,2600,341,20200328,11,2,0,0,Czechia,捷克
2805,183,11,0,2778,178,20200329,16,5,0,0,Czechia,捷克
2976,171,25,14,2928,150,20200330,23,7,0,0,Czechia,捷克
3257,281,45,20,3181,253,20200331,31,8,0,0,Czechia,捷克
3508,251,61,16,3408,227,20200401,39,8,0,0,Czechia,捷克
3858,350,67,6,3747,339,20200402,44,5,0,0,Czechia,捷克
4091,233,67,0,3980,233,20200403,44,0,0,0,Czechia,捷克
4362,271,78,11,4225,245,20200404,59,15,0,0,Czechia,捷克
4543,181,96,18,4380,155,20200405,67,8,0,0,Czechia,捷克
4735,192,121,25,4536,156,20200406,78,11,0,0,Czechia,捷克
4822,87,172,51,4562,26,20200407,88,10,0,0,Czechia,捷克
5221,399,233,61,4889,327,20200408,99,11,0,0,Czechia,捷克
5467,246,301,68,5054,165,20200409,112,13,0,0,Czechia,捷克
5674,207,346,45,5209,155,20200410,119,7,0,0,Czechia,捷克
5831,157,411,65,5291,82,20200411,129,10,0,0,Czechia,捷克
5952,121,464,53,5350,59,20200412,138,9,0,0,Czechia,捷克
6022,70,519,55,5360,10,20200413,143,5,0,0,Czechia,捷克
6101,79,642,123,5298,-62,20200414,161,18,0,0,Czechia,捷克
6216,115,819,177,5231,-67,20200415,166,5,0,0,Czechia,捷克
6359,143,972,153,5218,-13,20200416,169,3,0,0,Czechia,捷克
6499,140,1174,202,5152,-66,20200417,173,4,0,0,Czechia,捷克
6606,107,1227,53,5198,46,20200418,181,8,0,0,Czechia,捷克
6701,95,1298,71,5217,19,20200419,186,5,0,0,Czechia,捷克
6838,137,1559,261,5085,-132,20200420,194,8,0,0,Czechia,捷克
6961,123,1753,194,5007,-78,20200421,201,7,0,0,Czechia,捷克
7087,126,1989,236,4890,-117,20200422,208,7,0,0,Czechia,捷克
7138,51,2152,163,4776,-114,20200423,210,2,0,0,Czechia,捷克
7236,98,2371,219,4651,-125,20200424,214,4,0,0,Czechia,捷克
7333,97,2453,82,4662,11,20200425,218,4,0,0,Czechia,捷克
7387,54,2545,92,4622,-40,20200426,220,2,0,0,Czechia,捷克
7431,44,2826,281,4383,-239,20200427,222,2,0,0,Czechia,捷克
7486,55,2942,116,4319,-64,20200428,225,3,0,0,Czechia,捷克
7563,77,3096,154,4240,-79,20200429,227,2,0,0,Czechia,捷克
7642,79,3281,185,4126,-114,20200430,235,8,0,0,Czechia,捷克
7726,84,3359,78,4127,1,20200501,240,5,0,0,Czechia,捷克
7750,24,3446,87,4059,-68,20200502,245,5,0,0,Czechia,捷克
7764,14,3584,138,3935,-124,20200503,245,0,0,0,Czechia,捷克
7799,35,3786,202,3762,-173,20200504,251,6,0,0,Czechia,捷克
7878,79,3999,213,3625,-137,20200505,254,3,0,0,Czechia,捷克
7933,55,4202,203,3469,-156,20200506,262,8,0,0,Czechia,捷克
8002,69,4369,167,3364,-105,20200507,269,7,0,0,Czechia,捷克
8065,63,4408,39,3386,22,20200508,271,2,0,0,Czechia,捷克
8089,24,4446,38,3367,-19,20200509,276,5,0,0,Czechia,捷克
8095,6,4446,0,3373,6,20200510,276,0,0,0,Czechia,捷克
8157,62,4695,249,3181,-192,20200511,281,5,0,0,Czechia,捷克
8176,19,4695,0,3199,18,20200512,282,1,0,0,Czechia,捷克
8240,64,5043,348,2909,-290,20200513,288,6,0,0,Czechia,捷克
8330,90,5227,184,2811,-98,20200514,292,4,0,0,Czechia,捷克
8374,44,5379,152,2700,-111,20200515,295,3,0,0,Czechia,捷克
8436,62,5422,43,2718,18,20200516,296,1,0,0,Czechia,捷克
8460,24,5435,13,2727,9,20200517,298,2,0,0,Czechia,捷克
8527,67,5633,198,2596,-131,20200518,298,0,0,0,Czechia,捷克
8630,103,5725,92,2603,7,20200519,302,4,0,0,Czechia,捷克
8698,68,5818,93,2576,-27,20200520,304,2,0,0,Czechia,捷克
8743,45,5922,104,2515,-61,20200521,306,2,0,0,Czechia,捷克
8754,11,5922,0,2526,11,20200522,306,0,0,0,Czechia,捷克
8853,99,6038,116,2501,-25,20200523,314,8,0,0,Czechia,捷克
8932,79,6063,25,2554,53,20200524,315,1,0,0,Czechia,捷克
8972,40,6180,117,2475,-79,20200525,317,2,0,0,Czechia,捷克
9034,62,6263,83,2454,-21,20200526,317,0,0,0,Czechia,捷克
9069,35,6361,98,2391,-63,20200527,317,0,0,0,Czechia,捷克
9134,65,6457,96,2359,-32,20200528,318,1,0,0,Czechia,捷克
9180,46,6498,41,2363,4,20200529,319,1,0,0,Czechia,捷克
9226,46,6532,34,2375,12,20200530,319,0,0,0,Czechia,捷克
9257,31,6551,19,2386,11,20200531,320,1,0,0,Czechia,捷克
9273,16,6551,0,2402,16,20200601,320,0,0,0,Czechia,捷克
9334,61,6681,130,2330,-72,20200602,323,3,0,0,Czechia,捷克
9414,80,6748,67,2341,11,20200603,325,2,0,0,Czechia,捷克
9478,64,6808,60,2345,4,20200604,325,0,0,0,Czechia,捷克
9520,42,6880,72,2313,-32,20200605,327,2,0,0,Czechia,捷克
9529,9,6884,4,2318,5,20200606,327,0,0,0,Czechia,捷克
9609,80,6890,6,2392,74,20200607,327,0,0,0,Czechia,捷克
9670,61,6979,89,2363,-29,20200608,328,1,0,0,Czechia,捷克
9697,27,6979,0,2390,27,20200609,328,0,0,0,Czechia,捷克
9787,90,7111,132,2348,-42,20200610,328,0,0,0,Czechia,捷克
9855,68,7166,55,2361,13,20200611,328,0,0,0,Czechia,捷克
9909,54,7214,48,2366,5,20200612,329,1,0,0,Czechia,捷克
9960,51,7219,5,2412,46,20200613,329,0,0,0,Czechia,捷克
9999,39,7219,0,2451,39,20200614,329,0,0,0,Czechia,捷克
10044,45,7259,40,2455,4,20200615,330,1,0,0,Czechia,捷克
10095,51,7358,99,2406,-49,20200616,331,1,0,0,Czechia,捷克
10154,59,7399,41,2422,16,20200617,333,2,0,0,Czechia,捷克
10230,76,7436,37,2460,38,20200618,334,1,0,0,Czechia,捷克
10361,131,7472,36,2554,94,20200619,335,1,0,0,Czechia,捷克
10429,68,7477,5,2616,62,20200620,336,1,0,0,Czechia,捷克
10463,34,7498,21,2628,12,20200621,337,1,0,0,Czechia,捷克
10523,60,7537,39,2650,22,20200622,336,-1,0,0,Czechia,捷克
10561,38,7537,0,2688,38,20200623,336,0,0,0,Czechia,捷克
10728,167,7588,51,2797,109,20200624,343,7,0,0,Czechia,捷克
10830,102,7649,61,2836,39,20200625,345,2,0,0,Czechia,捷克
10923,93,7664,15,2913,77,20200626,346,1,0,0,Czechia,捷克
11164,241,7681,17,3134,221,20200627,349,3,0,0,Czechia,捷克
11423,259,7702,21,3372,238,20200628,349,0,0,0,Czechia,捷克
11603,180,7702,0,3552,180,20200629,349,0,0,0,Czechia,捷克
11895,292,7737,35,3809,257,20200630,349,0,0,0,Czechia,捷克
11954,59,7737,0,3868,59,20200701,349,0,0,0,Czechia,捷克
12046,92,7737,0,3960,92,20200702,349,0,0,0,Czechia,捷克
12178,132,7737,0,4090,130,20200703,351,2,0,0,Czechia,捷克
12372,194,7851,114,4169,79,20200704,352,1,0,0,Czechia,捷克
12440,68,7852,1,4237,68,20200705,351,-1,0,0,Czechia,捷克
12515,75,7852,0,4312,75,20200706,351,0,0,0,Czechia,捷克
12566,51,7873,21,4342,30,20200707,351,0,0,0,Czechia,捷克
12685,119,7910,37,4424,82,20200708,351,0,0,0,Czechia,捷克
