﻿confirmedCount,confirmedIncr,curedCount,curedIncr,currentConfirmedCount,currentConfirmedIncr,dateId,deadCount,deadIncr,suspectedCount,suspectedCountIncr,countryFullName,countryName
1,1,0,0,1,1,20200302,0,0,0,0,Dominican Republic,多米尼加
1,0,0,0,1,0,20200303,0,0,0,0,Dominican Republic,多米尼加
1,0,0,0,1,0,20200304,0,0,0,0,Dominican Republic,多米尼加
1,0,0,0,1,0,20200305,0,0,0,0,Dominican Republic,多米尼加
1,0,0,0,1,0,20200306,0,0,0,0,Dominican Republic,多米尼加
1,0,0,0,1,0,20200307,0,0,0,0,Dominican Republic,多米尼加
1,0,0,0,1,0,20200308,0,0,0,0,Dominican Republic,多米尼加
1,0,0,0,1,0,20200309,0,0,0,0,Dominican Republic,多米尼加
5,4,0,0,5,4,20200310,0,0,0,0,Dominican Republic,多米尼加
5,0,0,0,5,0,20200311,0,0,0,0,Dominican Republic,多米尼加
5,0,0,0,5,0,20200312,0,0,0,0,Dominican Republic,多米尼加
5,0,0,0,5,0,20200313,0,0,0,0,Dominican Republic,多米尼加
5,0,0,0,5,0,20200314,0,0,0,0,Dominican Republic,多米尼加
5,0,0,0,5,0,20200315,0,0,0,0,Dominican Republic,多米尼加
5,0,0,0,5,0,20200316,0,0,0,0,Dominican Republic,多米尼加
21,16,0,0,20,15,20200317,1,1,0,0,Dominican Republic,多米尼加
21,0,0,0,20,0,20200318,1,0,0,0,Dominican Republic,多米尼加
21,0,0,0,20,0,20200319,1,0,0,0,Dominican Republic,多米尼加
34,13,0,0,32,12,20200320,2,1,0,0,Dominican Republic,多米尼加
72,38,0,0,70,38,20200321,2,0,0,0,Dominican Republic,多米尼加
72,0,0,0,70,0,20200322,2,0,0,0,Dominican Republic,多米尼加
72,0,0,0,70,0,20200323,2,0,0,0,Dominican Republic,多米尼加
245,173,0,0,242,172,20200324,3,1,0,0,Dominican Republic,多米尼加
312,67,0,0,306,64,20200325,6,3,0,0,Dominican Republic,多米尼加
392,80,0,0,382,76,20200326,10,4,0,0,Dominican Republic,多米尼加
488,96,0,0,478,96,20200327,10,0,0,0,Dominican Republic,多米尼加
581,93,0,0,561,83,20200328,20,10,0,0,Dominican Republic,多米尼加
581,0,0,0,561,0,20200329,20,0,0,0,Dominican Republic,多米尼加
581,0,0,0,561,0,20200330,20,0,0,0,Dominican Republic,多米尼加
901,320,0,0,859,298,20200331,42,22,0,0,Dominican Republic,多米尼加
1109,208,0,0,1058,199,20200401,51,9,0,0,Dominican Republic,多米尼加
1284,175,0,0,1227,169,20200402,57,6,0,0,Dominican Republic,多米尼加
1380,96,0,0,1320,93,20200403,60,3,0,0,Dominican Republic,多米尼加
1488,108,0,0,1420,100,20200404,68,8,0,0,Dominican Republic,多米尼加
1488,0,0,0,1420,0,20200405,68,0,0,0,Dominican Republic,多米尼加
1488,0,0,0,1420,0,20200406,68,0,0,0,Dominican Republic,多米尼加
1828,340,0,0,1742,322,20200407,86,18,0,0,Dominican Republic,多米尼加
1956,128,0,0,1858,116,20200408,98,12,0,0,Dominican Republic,多米尼加
1956,0,0,0,1858,0,20200409,98,0,0,0,Dominican Republic,多米尼加
2349,393,0,0,2231,373,20200410,118,20,0,0,Dominican Republic,多米尼加
2349,0,0,0,2231,0,20200411,118,0,0,0,Dominican Republic,多米尼加
2620,271,0,0,2494,263,20200412,126,8,0,0,Dominican Republic,多米尼加
2967,347,0,0,2794,300,20200413,173,47,0,0,Dominican Republic,多米尼加
3167,200,0,0,2990,196,20200414,177,4,0,0,Dominican Republic,多米尼加
3286,119,0,0,3103,113,20200415,183,6,0,0,Dominican Republic,多米尼加
3614,328,0,0,3425,322,20200416,189,6,0,0,Dominican Republic,多米尼加
3755,141,0,0,3559,134,20200417,196,7,0,0,Dominican Republic,多米尼加
4126,371,0,0,3926,367,20200418,200,4,0,0,Dominican Republic,多米尼加
4335,209,0,0,4118,192,20200419,217,17,0,0,Dominican Republic,多米尼加
4680,345,0,0,4454,336,20200420,226,9,0,0,Dominican Republic,多米尼加
4964,284,0,0,4729,275,20200421,235,9,0,0,Dominican Republic,多米尼加
5044,80,0,0,4799,70,20200422,245,10,0,0,Dominican Republic,多米尼加
5300,256,0,0,5040,241,20200423,260,15,0,0,Dominican Republic,多米尼加
5543,243,0,0,5278,238,20200424,265,5,0,0,Dominican Republic,多米尼加
5749,206,0,0,5482,204,20200425,267,2,0,0,Dominican Republic,多米尼加
5926,177,0,0,5653,171,20200426,273,6,0,0,Dominican Republic,多米尼加
6135,209,0,0,5857,204,20200427,278,5,0,0,Dominican Republic,多米尼加
6293,158,993,993,5018,-839,20200428,282,4,0,0,Dominican Republic,多米尼加
6416,123,993,0,5137,119,20200429,286,4,0,0,Dominican Republic,多米尼加
6652,236,993,0,5366,229,20200430,293,7,0,0,Dominican Republic,多米尼加
6972,320,993,0,5678,312,20200501,301,8,0,0,Dominican Republic,多米尼加
7288,316,993,0,5982,304,20200502,313,12,0,0,Dominican Republic,多米尼加
7578,290,993,0,6259,277,20200503,326,13,0,0,Dominican Republic,多米尼加
7578,0,993,0,6259,0,20200504,326,0,0,0,Dominican Republic,多米尼加
8235,657,993,0,6896,637,20200505,346,20,0,0,Dominican Republic,多米尼加
8480,245,993,0,7133,237,20200506,354,8,0,0,Dominican Republic,多米尼加
8807,327,993,0,7452,319,20200507,362,8,0,0,Dominican Republic,多米尼加
9095,288,993,0,7729,277,20200508,373,11,0,0,Dominican Republic,多米尼加
9376,281,993,0,8003,274,20200509,380,7,0,0,Dominican Republic,多米尼加
9882,506,993,0,8504,501,20200510,385,5,0,0,Dominican Republic,多米尼加
10347,465,993,0,8966,462,20200511,388,3,0,0,Dominican Republic,多米尼加
10634,287,993,0,9248,282,20200512,393,5,0,0,Dominican Republic,多米尼加
10900,266,993,0,9505,257,20200513,402,9,0,0,Dominican Republic,多米尼加
11196,296,993,0,9794,289,20200514,409,7,0,0,Dominican Republic,多米尼加
11320,124,993,0,9905,111,20200515,422,13,0,0,Dominican Republic,多米尼加
11739,419,993,0,10322,417,20200516,424,2,0,0,Dominican Republic,多米尼加
12110,371,993,0,10689,367,20200517,428,4,0,0,Dominican Republic,多米尼加
12314,204,993,0,10893,204,20200518,428,0,0,0,Dominican Republic,多米尼加
12725,411,993,0,11298,405,20200519,434,6,0,0,Dominican Republic,多米尼加
13223,498,993,0,11789,491,20200520,441,7,0,0,Dominican Republic,多米尼加
13477,254,993,0,12038,249,20200521,446,5,0,0,Dominican Republic,多米尼加
13657,180,993,0,12216,178,20200522,448,2,0,0,Dominican Republic,多米尼加
13989,332,993,0,12540,324,20200523,456,8,0,0,Dominican Republic,多米尼加
14422,433,993,0,12971,431,20200524,458,2,0,0,Dominican Republic,多米尼加
14801,379,993,0,13350,379,20200525,458,0,0,0,Dominican Republic,多米尼加
15073,272,993,0,13620,270,20200526,460,2,0,0,Dominican Republic,多米尼加
15264,191,993,0,13803,183,20200527,468,8,0,0,Dominican Republic,多米尼加
15723,459,993,0,14256,453,20200528,474,6,0,0,Dominican Republic,多米尼加
16068,345,993,0,14590,334,20200529,485,11,0,0,Dominican Republic,多米尼加
16531,463,993,0,15050,460,20200530,488,3,0,0,Dominican Republic,多米尼加
16908,377,993,0,15417,367,20200531,498,10,0,0,Dominican Republic,多米尼加
17285,377,993,0,15790,373,20200601,502,4,0,0,Dominican Republic,多米尼加
17572,287,993,0,16077,287,20200602,502,0,0,0,Dominican Republic,多米尼加
17752,180,993,0,16244,167,20200603,515,13,0,0,Dominican Republic,多米尼加
18040,288,993,0,16531,287,20200604,516,1,0,0,Dominican Republic,多米尼加
18319,279,993,0,16806,275,20200605,520,4,0,0,Dominican Republic,多米尼加
18708,389,993,0,17190,384,20200606,525,5,0,0,Dominican Republic,多米尼加
19220,512,11919,10926,6765,-10425,20200607,536,11,0,0,Dominican Republic,多米尼加
19600,380,11919,0,7143,378,20200608,538,2,0,0,Dominican Republic,多米尼加
20126,526,11919,0,7668,525,20200609,539,1,0,0,Dominican Republic,多米尼加
20415,289,11919,0,7952,284,20200610,544,5,0,0,Dominican Republic,多米尼加
20808,393,11919,0,8339,387,20200611,550,6,0,0,Dominican Republic,多米尼加
22008,1200,11919,0,9521,1182,20200612,568,18,0,0,Dominican Republic,多米尼加
22008,0,11919,0,9521,0,20200613,568,0,0,0,Dominican Republic,多米尼加
22572,564,11919,0,10076,555,20200614,577,9,0,0,Dominican Republic,多米尼加
22962,390,11919,0,10451,375,20200615,592,15,0,0,Dominican Republic,多米尼加
23271,309,11919,0,10747,296,20200616,605,13,0,0,Dominican Republic,多米尼加
23271,0,11919,0,10747,0,20200617,605,0,0,0,Dominican Republic,多米尼加
24645,1374,11919,0,12091,1344,20200618,635,30,0,0,Dominican Republic,多米尼加
24645,0,11919,0,12091,0,20200619,635,0,0,0,Dominican Republic,多米尼加
25068,423,11919,0,12502,411,20200620,647,12,0,0,Dominican Republic,多米尼加
25778,710,11919,0,13204,702,20200621,655,8,0,0,Dominican Republic,多米尼加
26677,899,11919,0,14096,892,20200622,662,7,0,0,Dominican Republic,多米尼加
27370,693,11919,0,14782,686,20200623,669,7,0,0,Dominican Republic,多米尼加
27936,566,11919,0,15342,560,20200624,675,6,0,0,Dominican Republic,多米尼加
28631,695,11919,0,16021,679,20200625,691,16,0,0,Dominican Republic,多米尼加
29141,510,11919,0,16524,503,20200626,698,7,0,0,Dominican Republic,多米尼加
29764,623,11919,0,17133,609,20200627,712,14,0,0,Dominican Republic,多米尼加
30619,855,16666,4747,13235,-3898,20200628,718,6,0,0,Dominican Republic,多米尼加
31373,754,16666,0,13981,746,20200629,726,8,0,0,Dominican Republic,多米尼加
31816,443,16666,0,14417,436,20200630,733,7,0,0,Dominican Republic,多米尼加
32568,752,16666,0,15155,738,20200701,747,14,0,0,Dominican Republic,多米尼加
33387,819,16666,0,15967,812,20200702,754,7,0,0,Dominican Republic,多米尼加
34197,810,16666,0,16766,799,20200703,765,11,0,0,Dominican Republic,多米尼加
35148,951,16666,0,17707,941,20200704,775,10,0,0,Dominican Republic,多米尼加
36184,1036,16666,0,18732,1025,20200705,786,11,0,0,Dominican Republic,多米尼加
37425,1241,16666,0,19965,1233,20200706,794,8,0,0,Dominican Republic,多米尼加
38128,703,16666,0,20658,693,20200707,804,10,0,0,Dominican Republic,多米尼加
38430,302,16666,0,20943,285,20200708,821,17,0,0,Dominican Republic,多米尼加
