﻿confirmedCount,confirmedIncr,curedCount,curedIncr,currentConfirmedCount,currentConfirmedIncr,dateId,deadCount,deadIncr,suspectedCount,suspectedCountIncr,countryFullName,countryName
1,1,0,0,1,1,20200314,0,0,0,0,Ethiopia,埃塞俄比亚
1,0,0,0,1,0,20200315,0,0,0,0,Ethiopia,埃塞俄比亚
1,0,0,0,1,0,20200316,0,0,0,0,Ethiopia,埃塞俄比亚
5,4,0,0,5,4,20200317,0,0,0,0,Ethiopia,埃塞俄比亚
5,0,0,0,5,0,20200318,0,0,0,0,Ethiopia,埃塞俄比亚
9,4,0,0,9,4,20200319,0,0,0,0,Ethiopia,埃塞俄比亚
9,0,0,0,9,0,20200320,0,0,0,0,Ethiopia,埃塞俄比亚
9,0,0,0,9,0,20200321,0,0,0,0,Ethiopia,埃塞俄比亚
11,2,4,4,7,-2,20200322,0,0,0,0,Ethiopia,埃塞俄比亚
11,0,4,0,7,0,20200323,0,0,0,0,Ethiopia,埃塞俄比亚
12,1,4,0,8,1,20200324,0,0,0,0,Ethiopia,埃塞俄比亚
12,0,4,0,8,0,20200325,0,0,0,0,Ethiopia,埃塞俄比亚
12,0,4,0,8,0,20200326,0,0,0,0,Ethiopia,埃塞俄比亚
16,4,4,0,12,4,20200327,0,0,0,0,Ethiopia,埃塞俄比亚
16,0,4,0,12,0,20200328,0,0,0,0,Ethiopia,埃塞俄比亚
21,5,3,-1,18,6,20200329,0,0,0,0,Ethiopia,埃塞俄比亚
23,2,3,0,20,2,20200330,0,0,0,0,Ethiopia,埃塞俄比亚
25,2,3,0,22,2,20200331,0,0,0,0,Ethiopia,埃塞俄比亚
29,4,2,-1,27,5,20200401,0,0,0,0,Ethiopia,埃塞俄比亚
41,12,2,0,36,9,20200402,3,3,0,0,Ethiopia,埃塞俄比亚
35,-6,2,0,30,-6,20200403,3,0,0,0,Ethiopia,埃塞俄比亚
38,3,4,2,34,4,20200404,0,-3,0,0,Ethiopia,埃塞俄比亚
43,5,4,0,39,5,20200405,0,0,0,0,Ethiopia,埃塞俄比亚
44,1,4,0,38,-1,20200406,2,2,0,0,Ethiopia,埃塞俄比亚
52,8,4,0,46,8,20200407,2,0,0,0,Ethiopia,埃塞俄比亚
55,3,4,0,49,3,20200408,2,0,0,0,Ethiopia,埃塞俄比亚
56,1,4,0,50,1,20200409,2,0,0,0,Ethiopia,埃塞俄比亚
65,9,4,0,58,8,20200410,3,1,0,0,Ethiopia,埃塞俄比亚
69,4,10,6,56,-2,20200411,3,0,0,0,Ethiopia,埃塞俄比亚
71,2,10,0,58,2,20200412,3,0,0,0,Ethiopia,埃塞俄比亚
74,3,14,4,57,-1,20200413,3,0,0,0,Ethiopia,埃塞俄比亚
82,8,14,0,65,8,20200414,3,0,0,0,Ethiopia,埃塞俄比亚
85,3,15,1,67,2,20200415,3,0,0,0,Ethiopia,埃塞俄比亚
92,7,15,0,74,7,20200416,3,0,0,0,Ethiopia,埃塞俄比亚
96,4,15,0,78,4,20200417,3,0,0,0,Ethiopia,埃塞俄比亚
105,9,16,1,86,8,20200418,3,0,0,0,Ethiopia,埃塞俄比亚
108,3,16,0,89,3,20200419,3,0,0,0,Ethiopia,埃塞俄比亚
111,3,16,0,92,3,20200420,3,0,0,0,Ethiopia,埃塞俄比亚
114,3,16,0,95,3,20200421,3,0,0,0,Ethiopia,埃塞俄比亚
116,2,21,5,92,-3,20200422,3,0,0,0,Ethiopia,埃塞俄比亚
116,0,21,0,92,0,20200423,3,0,0,0,Ethiopia,埃塞俄比亚
117,1,25,4,89,-3,20200424,3,0,0,0,Ethiopia,埃塞俄比亚
122,5,29,4,90,1,20200425,3,0,0,0,Ethiopia,埃塞俄比亚
122,0,29,0,90,0,20200426,3,0,0,0,Ethiopia,埃塞俄比亚
123,1,29,0,91,1,20200427,3,0,0,0,Ethiopia,埃塞俄比亚
126,3,50,21,73,-18,20200428,3,0,0,0,Ethiopia,埃塞俄比亚
130,4,58,8,69,-4,20200429,3,0,0,0,Ethiopia,埃塞俄比亚
131,1,59,1,69,0,20200430,3,0,0,0,Ethiopia,埃塞俄比亚
133,2,66,7,64,-5,20200501,3,0,0,0,Ethiopia,埃塞俄比亚
133,0,66,0,64,0,20200502,3,0,0,0,Ethiopia,埃塞俄比亚
133,0,66,0,64,0,20200503,3,0,0,0,Ethiopia,埃塞俄比亚
135,2,66,0,66,2,20200504,3,0,0,0,Ethiopia,埃塞俄比亚
145,10,91,25,50,-16,20200505,4,1,0,0,Ethiopia,埃塞俄比亚
162,17,93,2,65,15,20200506,4,0,0,0,Ethiopia,埃塞俄比亚
187,25,93,0,90,25,20200507,4,0,0,0,Ethiopia,埃塞俄比亚
191,4,93,0,94,4,20200508,4,0,0,0,Ethiopia,埃塞俄比亚
194,3,93,0,97,3,20200509,4,0,0,0,Ethiopia,埃塞俄比亚
239,45,99,6,135,38,20200510,5,1,0,0,Ethiopia,埃塞俄比亚
250,11,105,6,140,5,20200511,5,0,0,0,Ethiopia,埃塞俄比亚
261,11,106,1,150,10,20200512,5,0,0,0,Ethiopia,埃塞俄比亚
261,0,106,0,150,0,20200513,5,0,0,0,Ethiopia,埃塞俄比亚
263,2,106,0,152,2,20200514,5,0,0,0,Ethiopia,埃塞俄比亚
287,24,112,6,170,18,20200515,5,0,0,0,Ethiopia,埃塞俄比亚
287,0,112,0,170,0,20200516,5,0,0,0,Ethiopia,埃塞俄比亚
306,19,112,0,189,19,20200517,5,0,0,0,Ethiopia,埃塞俄比亚
317,11,112,0,200,11,20200518,5,0,0,0,Ethiopia,埃塞俄比亚
352,35,112,0,235,35,20200519,5,0,0,0,Ethiopia,埃塞俄比亚
365,13,112,0,248,13,20200520,5,0,0,0,Ethiopia,埃塞俄比亚
399,34,123,11,271,23,20200521,5,0,0,0,Ethiopia,埃塞俄比亚
399,0,123,0,271,0,20200522,5,0,0,0,Ethiopia,埃塞俄比亚
494,95,151,28,338,67,20200523,5,0,0,0,Ethiopia,埃塞俄比亚
582,88,152,1,425,87,20200524,5,0,0,0,Ethiopia,埃塞俄比亚
582,0,152,0,425,0,20200525,5,0,0,0,Ethiopia,埃塞俄比亚
701,119,167,15,528,103,20200526,6,1,0,0,Ethiopia,埃塞俄比亚
701,0,167,0,528,0,20200527,6,0,0,0,Ethiopia,埃塞俄比亚
831,130,191,24,633,105,20200528,7,1,0,0,Ethiopia,埃塞俄比亚
968,137,197,6,763,130,20200529,8,1,0,0,Ethiopia,埃塞俄比亚
1063,95,208,11,847,84,20200530,8,0,0,0,Ethiopia,埃塞俄比亚
1172,109,209,1,952,105,20200531,11,3,0,0,Ethiopia,埃塞俄比亚
1257,85,217,8,1028,76,20200601,12,1,0,0,Ethiopia,埃塞俄比亚
1344,87,231,14,1099,71,20200602,14,2,0,0,Ethiopia,埃塞俄比亚
1486,142,246,15,1223,124,20200603,17,3,0,0,Ethiopia,埃塞俄比亚
1636,150,250,4,1368,145,20200604,18,1,0,0,Ethiopia,埃塞俄比亚
1805,169,262,12,1524,156,20200605,19,1,0,0,Ethiopia,埃塞俄比亚
1934,129,281,19,1633,109,20200606,20,1,0,0,Ethiopia,埃塞俄比亚
2020,86,344,63,1649,16,20200607,27,7,0,0,Ethiopia,埃塞俄比亚
2156,136,361,17,1768,119,20200608,27,0,0,0,Ethiopia,埃塞俄比亚
2336,180,379,18,1925,157,20200609,32,5,0,0,Ethiopia,埃塞俄比亚
2506,170,401,22,2070,145,20200610,35,3,0,0,Ethiopia,埃塞俄比亚
2670,164,434,33,2196,126,20200611,40,5,0,0,Ethiopia,埃塞俄比亚
2670,0,434,0,2196,0,20200612,40,0,0,0,Ethiopia,埃塞俄比亚
3166,496,495,61,2616,420,20200613,55,15,0,0,Ethiopia,埃塞俄比亚
3345,179,545,50,2743,127,20200614,57,2,0,0,Ethiopia,埃塞俄比亚
3521,176,620,75,2841,98,20200615,60,3,0,0,Ethiopia,埃塞俄比亚
3630,109,738,118,2831,-10,20200616,61,1,0,0,Ethiopia,埃塞俄比亚
3759,129,849,111,2847,16,20200617,63,2,0,0,Ethiopia,埃塞俄比亚
3954,195,934,85,2955,108,20200618,65,2,0,0,Ethiopia,埃塞俄比亚
4070,116,1027,93,2971,16,20200619,72,7,0,0,Ethiopia,埃塞俄比亚
4070,0,1027,0,2971,0,20200620,72,0,0,0,Ethiopia,埃塞俄比亚
4532,462,1213,186,3245,274,20200621,74,2,0,0,Ethiopia,埃塞俄比亚
4663,131,1297,84,3291,46,20200622,75,1,0,0,Ethiopia,埃塞俄比亚
4848,185,1412,115,3361,70,20200623,75,0,0,0,Ethiopia,埃塞俄比亚
5034,186,1486,74,3470,109,20200624,78,3,0,0,Ethiopia,埃塞俄比亚
5175,141,1544,58,3550,80,20200625,81,3,0,0,Ethiopia,埃塞俄比亚
5425,250,1688,144,3648,98,20200626,89,8,0,0,Ethiopia,埃塞俄比亚
5570,145,2015,327,3461,-187,20200627,94,5,0,0,Ethiopia,埃塞俄比亚
5689,119,2132,117,3459,-2,20200628,98,4,0,0,Ethiopia,埃塞俄比亚
5846,157,2430,298,3313,-146,20200629,103,5,0,0,Ethiopia,埃塞俄比亚
5846,0,2430,0,3313,0,20200630,103,0,0,0,Ethiopia,埃塞俄比亚
5846,0,2430,0,3313,0,20200701,103,0,0,0,Ethiopia,埃塞俄比亚
6048,202,2430,0,3511,198,20200702,107,4,0,0,Ethiopia,埃塞俄比亚
6163,115,2430,0,3624,113,20200703,109,2,0,0,Ethiopia,埃塞俄比亚
6217,54,2430,0,3673,49,20200704,114,5,0,0,Ethiopia,埃塞俄比亚
6386,169,2430,0,3840,167,20200705,116,2,0,0,Ethiopia,埃塞俄比亚
6386,0,2430,0,3840,0,20200706,116,0,0,0,Ethiopia,埃塞俄比亚
6666,280,2430,0,4117,277,20200707,119,3,0,0,Ethiopia,埃塞俄比亚
6774,108,2430,0,4224,107,20200708,120,1,0,0,Ethiopia,埃塞俄比亚
