﻿confirmedCount,confirmedIncr,curedCount,curedIncr,currentConfirmedCount,currentConfirmedIncr,dateId,deadCount,deadIncr,suspectedCount,suspectedCountIncr,countryFullName,countryName
1,1,0,0,1,1,20200130,0,0,0,0,Finland,芬兰
1,0,0,0,1,0,20200131,0,0,0,0,Finland,芬兰
1,0,0,0,1,0,20200201,0,0,0,0,Finland,芬兰
1,0,0,0,1,0,20200202,0,0,0,0,Finland,芬兰
1,0,0,0,1,0,20200203,0,0,0,0,Finland,芬兰
1,0,0,0,1,0,20200204,0,0,0,0,Finland,芬兰
1,0,0,0,1,0,20200205,0,0,0,0,Finland,芬兰
1,0,0,0,1,0,20200206,0,0,0,0,Finland,芬兰
1,0,0,0,1,0,20200207,0,0,0,0,Finland,芬兰
1,0,0,0,1,0,20200208,0,0,0,0,Finland,芬兰
1,0,0,0,1,0,20200209,0,0,0,0,Finland,芬兰
1,0,0,0,1,0,20200210,0,0,0,0,Finland,芬兰
1,0,0,0,1,0,20200211,0,0,0,0,Finland,芬兰
1,0,0,0,1,0,20200212,0,0,0,0,Finland,芬兰
1,0,0,0,1,0,20200213,0,0,0,0,Finland,芬兰
1,0,0,0,1,0,20200214,0,0,0,0,Finland,芬兰
1,0,0,0,1,0,20200215,0,0,0,0,Finland,芬兰
1,0,0,0,1,0,20200216,0,0,0,0,Finland,芬兰
1,0,0,0,1,0,20200217,0,0,0,0,Finland,芬兰
1,0,0,0,1,0,20200218,0,0,0,0,Finland,芬兰
1,0,0,0,1,0,20200219,0,0,0,0,Finland,芬兰
1,0,0,0,1,0,20200220,0,0,0,0,Finland,芬兰
1,0,0,0,1,0,20200221,0,0,0,0,Finland,芬兰
1,0,0,0,1,0,20200222,0,0,0,0,Finland,芬兰
1,0,0,0,1,0,20200223,0,0,0,0,Finland,芬兰
1,0,0,0,1,0,20200224,0,0,0,0,Finland,芬兰
1,0,0,0,1,0,20200225,0,0,0,0,Finland,芬兰
1,0,0,0,1,0,20200226,0,0,0,0,Finland,芬兰
2,1,0,0,2,1,20200227,0,0,0,0,Finland,芬兰
2,0,0,0,2,0,20200228,0,0,0,0,Finland,芬兰
2,0,0,0,2,0,20200229,0,0,0,0,Finland,芬兰
2,0,0,0,2,0,20200301,0,0,0,0,Finland,芬兰
6,4,0,0,6,4,20200302,0,0,0,0,Finland,芬兰
7,1,0,0,7,1,20200303,0,0,0,0,Finland,芬兰
7,0,0,0,7,0,20200304,0,0,0,0,Finland,芬兰
7,0,0,0,7,0,20200305,0,0,0,0,Finland,芬兰
12,5,0,0,12,5,20200306,0,0,0,0,Finland,芬兰
19,7,0,0,19,7,20200307,0,0,0,0,Finland,芬兰
19,0,0,0,19,0,20200308,0,0,0,0,Finland,芬兰
30,11,0,0,30,11,20200309,0,0,0,0,Finland,芬兰
40,10,0,0,40,10,20200310,0,0,0,0,Finland,芬兰
40,0,0,0,40,0,20200311,0,0,0,0,Finland,芬兰
40,0,0,0,40,0,20200312,0,0,0,0,Finland,芬兰
109,69,0,0,109,69,20200313,0,0,0,0,Finland,芬兰
109,0,0,0,109,0,20200314,0,0,0,0,Finland,芬兰
210,101,1,1,209,100,20200315,0,0,0,0,Finland,芬兰
267,57,1,0,266,57,20200316,0,0,0,0,Finland,芬兰
272,5,1,0,271,5,20200317,0,0,0,0,Finland,芬兰
319,47,1,0,318,47,20200318,0,0,0,0,Finland,芬兰
400,81,1,0,399,81,20200319,0,0,0,0,Finland,芬兰
450,50,1,0,449,50,20200320,0,0,0,0,Finland,芬兰
521,71,10,9,510,61,20200321,1,1,0,0,Finland,芬兰
626,105,10,0,615,105,20200322,1,0,0,0,Finland,芬兰
700,74,10,0,689,74,20200323,1,0,0,0,Finland,芬兰
792,92,10,0,781,92,20200324,1,0,0,0,Finland,芬兰
880,88,10,0,867,86,20200325,3,2,0,0,Finland,芬兰
880,0,10,0,867,0,20200326,3,0,0,0,Finland,芬兰
1025,145,10,0,1008,141,20200327,7,4,0,0,Finland,芬兰
1163,138,10,0,1144,136,20200328,9,2,0,0,Finland,芬兰
1218,55,10,0,1197,53,20200329,11,2,0,0,Finland,芬兰
1313,95,10,0,1290,93,20200330,13,2,0,0,Finland,芬兰
1384,71,10,0,1357,67,20200331,17,4,0,0,Finland,芬兰
1446,62,10,0,1419,62,20200401,17,0,0,0,Finland,芬兰
1518,72,10,0,1489,70,20200402,19,2,0,0,Finland,芬兰
1615,97,10,0,1585,96,20200403,20,1,0,0,Finland,芬兰
1882,267,10,0,1847,262,20200404,25,5,0,0,Finland,芬兰
1927,45,10,0,1889,42,20200405,28,3,0,0,Finland,芬兰
2176,249,10,0,2138,249,20200406,28,0,0,0,Finland,芬兰
2308,132,10,0,2264,126,20200407,34,6,0,0,Finland,芬兰
2487,179,10,0,2437,173,20200408,40,6,0,0,Finland,芬兰
2605,118,10,0,2553,116,20200409,42,2,0,0,Finland,芬兰
2769,164,10,0,2711,158,20200410,48,6,0,0,Finland,芬兰
2905,136,10,0,2846,135,20200411,49,1,0,0,Finland,芬兰
2974,69,10,0,2908,62,20200412,56,7,0,0,Finland,芬兰
3064,90,10,0,2995,87,20200413,59,3,0,0,Finland,芬兰
3161,97,10,0,3087,92,20200414,64,5,0,0,Finland,芬兰
3237,76,10,0,3155,68,20200415,72,8,0,0,Finland,芬兰
3369,132,10,0,3284,129,20200416,75,3,0,0,Finland,芬兰
3489,120,10,0,3397,113,20200417,82,7,0,0,Finland,芬兰
3681,192,10,0,3581,184,20200418,90,8,0,0,Finland,芬兰
3783,102,10,0,3679,98,20200419,94,4,0,0,Finland,芬兰
3868,85,10,0,3760,81,20200420,98,4,0,0,Finland,芬兰
4014,146,10,0,3863,103,20200421,141,43,0,0,Finland,芬兰
4129,115,10,0,3970,107,20200422,149,8,0,0,Finland,芬兰
4284,155,10,0,4102,132,20200423,172,23,0,0,Finland,芬兰
4395,111,10,0,4208,106,20200424,177,5,0,0,Finland,芬兰
4475,80,2500,2490,1789,-2419,20200425,186,9,0,0,Finland,芬兰
4576,101,2500,0,1886,97,20200426,190,4,0,0,Finland,芬兰
4695,119,2500,0,2002,116,20200427,193,3,0,0,Finland,芬兰
4740,45,2500,0,2041,39,20200428,199,6,0,0,Finland,芬兰
4906,166,2500,0,2207,166,20200429,199,0,0,0,Finland,芬兰
4995,89,2500,0,2284,77,20200430,211,12,0,0,Finland,芬兰
5051,56,2500,0,2333,49,20200501,218,7,0,0,Finland,芬兰
5176,125,2500,0,2456,123,20200502,220,2,0,0,Finland,芬兰
5254,78,3000,500,2024,-432,20200503,230,10,0,0,Finland,芬兰
5327,73,3000,0,2087,63,20200504,240,10,0,0,Finland,芬兰
5412,85,3000,0,2166,79,20200505,246,6,0,0,Finland,芬兰
5573,161,3000,0,2321,155,20200506,252,6,0,0,Finland,芬兰
5673,100,3000,0,2418,97,20200507,255,3,0,0,Finland,芬兰
5738,65,3000,0,2478,60,20200508,260,5,0,0,Finland,芬兰
5880,142,3000,0,2615,137,20200509,265,5,0,0,Finland,芬兰
5962,82,3000,0,2695,80,20200510,267,2,0,0,Finland,芬兰
5984,22,4000,1000,1713,-982,20200511,271,4,0,0,Finland,芬兰
6003,19,4000,0,1728,15,20200512,275,4,0,0,Finland,芬兰
6054,51,4000,0,1770,42,20200513,284,9,0,0,Finland,芬兰
6145,91,4000,0,1858,88,20200514,287,3,0,0,Finland,芬兰
6228,83,4000,0,1935,77,20200515,293,6,0,0,Finland,芬兰
6286,58,4300,300,1689,-246,20200516,297,4,0,0,Finland,芬兰
6347,61,4300,0,1749,60,20200517,298,1,0,0,Finland,芬兰
6380,33,4300,0,1780,31,20200518,300,2,0,0,Finland,芬兰
6399,19,4300,0,1798,18,20200519,301,1,0,0,Finland,芬兰
6443,44,4300,0,1839,41,20200520,304,3,0,0,Finland,芬兰
6493,50,4800,500,1387,-452,20200521,306,2,0,0,Finland,芬兰
6537,44,4800,0,1431,44,20200522,306,0,0,0,Finland,芬兰
6568,31,4800,0,1462,31,20200523,306,0,0,0,Finland,芬兰
6568,0,4800,0,1462,0,20200524,306,0,0,0,Finland,芬兰
6599,31,4800,0,1491,29,20200525,308,2,0,0,Finland,芬兰
6628,29,4800,0,1516,25,20200526,312,4,0,0,Finland,芬兰
6692,64,4800,0,1579,63,20200527,313,1,0,0,Finland,芬兰
6743,51,4800,0,1630,51,20200528,313,0,0,0,Finland,芬兰
6776,33,4800,0,1662,32,20200529,314,1,0,0,Finland,芬兰
6826,50,4800,0,1710,48,20200530,316,2,0,0,Finland,芬兰
6859,33,4800,0,1739,29,20200531,320,4,0,0,Finland,芬兰
6859,0,4800,0,1739,0,20200601,320,0,0,0,Finland,芬兰
6885,26,4800,0,1765,26,20200602,320,0,0,0,Finland,芬兰
6887,2,4800,0,1767,2,20200603,320,0,0,0,Finland,芬兰
6911,24,4800,0,1790,23,20200604,321,1,0,0,Finland,芬兰
6941,30,4800,0,1819,29,20200605,322,1,0,0,Finland,芬兰
6941,0,4800,0,1819,0,20200606,322,0,0,0,Finland,芬兰
6964,23,4800,0,1842,23,20200607,322,0,0,0,Finland,芬兰
6981,17,4800,0,1858,16,20200608,323,1,0,0,Finland,芬兰
7025,44,5800,1000,901,-957,20200609,324,1,0,0,Finland,芬兰
7040,15,5800,0,916,15,20200610,324,0,0,0,Finland,芬兰
7040,0,5800,0,916,0,20200611,324,0,0,0,Finland,芬兰
7064,24,5800,0,939,23,20200612,325,1,0,0,Finland,芬兰
7073,9,5800,0,948,9,20200613,325,0,0,0,Finland,芬兰
7087,14,5800,0,962,14,20200614,325,0,0,0,Finland,芬兰
7108,21,5800,0,982,20,20200615,326,1,0,0,Finland,芬兰
7108,0,5800,0,982,0,20200616,326,0,0,0,Finland,芬兰
7108,0,5800,0,982,0,20200617,326,0,0,0,Finland,芬兰
7131,23,6200,400,605,-377,20200618,326,0,0,0,Finland,芬兰
7131,0,6200,0,605,0,20200619,326,0,0,0,Finland,芬兰
7133,2,6200,0,607,2,20200620,326,0,0,0,Finland,芬兰
7142,9,6200,0,616,9,20200621,326,0,0,0,Finland,芬兰
7143,1,6200,0,617,1,20200622,326,0,0,0,Finland,芬兰
7144,1,6200,0,617,0,20200623,327,1,0,0,Finland,芬兰
7167,23,6200,0,640,23,20200624,327,0,0,0,Finland,芬兰
7167,0,6200,0,640,0,20200625,327,0,0,0,Finland,芬兰
7191,24,6200,0,663,23,20200626,328,1,0,0,Finland,芬兰
7191,0,6200,0,663,0,20200627,328,0,0,0,Finland,芬兰
7198,7,6600,400,270,-393,20200628,328,0,0,0,Finland,芬兰
7198,0,6600,0,270,0,20200629,328,0,0,0,Finland,芬兰
7209,11,6600,0,281,11,20200630,328,0,0,0,Finland,芬兰
7214,5,6600,0,286,5,20200701,328,0,0,0,Finland,芬兰
7236,22,6600,0,308,22,20200702,328,0,0,0,Finland,芬兰
7241,5,6600,0,313,5,20200703,328,0,0,0,Finland,芬兰
7242,1,6600,0,313,0,20200704,329,1,0,0,Finland,芬兰
7248,6,6600,0,319,6,20200705,329,0,0,0,Finland,芬兰
7253,5,6600,0,324,5,20200706,329,0,0,0,Finland,芬兰
7257,4,6600,0,328,4,20200707,329,0,0,0,Finland,芬兰
7265,8,6600,0,336,8,20200708,329,0,0,0,Finland,芬兰
