﻿confirmedCount,confirmedIncr,curedCount,curedIncr,currentConfirmedCount,currentConfirmedIncr,dateId,deadCount,deadIncr,suspectedCount,suspectedCountIncr,countryFullName,countryName
3,3,0,0,3,3,20200125,0,0,0,0,France,法国
3,0,0,0,3,0,20200126,0,0,0,0,France,法国
3,0,0,0,3,0,20200127,0,0,0,0,France,法国
3,0,0,0,3,0,20200128,0,0,0,0,France,法国
4,1,0,0,4,1,20200129,0,0,0,0,France,法国
5,1,0,0,5,1,20200130,0,0,0,0,France,法国
6,1,0,0,6,1,20200131,0,0,0,0,France,法国
6,0,0,0,6,0,20200201,0,0,0,0,France,法国
6,0,0,0,6,0,20200202,0,0,0,0,France,法国
6,0,0,0,6,0,20200203,0,0,0,0,France,法国
6,0,0,0,6,0,20200204,0,0,0,0,France,法国
6,0,0,0,6,0,20200205,0,0,0,0,France,法国
6,0,0,0,6,0,20200206,0,0,0,0,France,法国
6,0,0,0,6,0,20200207,0,0,0,0,France,法国
6,0,0,0,6,0,20200208,0,0,0,0,France,法国
11,5,0,0,11,5,20200209,0,0,0,0,France,法国
11,0,0,0,11,0,20200210,0,0,0,0,France,法国
11,0,0,0,11,0,20200211,0,0,0,0,France,法国
11,0,0,0,11,0,20200212,0,0,0,0,France,法国
11,0,0,0,11,0,20200213,0,0,0,0,France,法国
11,0,0,0,11,0,20200214,0,0,0,0,France,法国
11,0,0,0,11,0,20200215,0,0,0,0,France,法国
12,1,0,0,11,0,20200216,1,1,0,0,France,法国
12,0,0,0,11,0,20200217,1,0,0,0,France,法国
12,0,0,0,11,0,20200218,1,0,0,0,France,法国
12,0,0,0,11,0,20200219,1,0,0,0,France,法国
12,0,0,0,11,0,20200220,1,0,0,0,France,法国
12,0,0,0,11,0,20200221,1,0,0,0,France,法国
12,0,0,0,11,0,20200222,1,0,0,0,France,法国
12,0,0,0,11,0,20200223,1,0,0,0,France,法国
12,0,0,0,11,0,20200224,1,0,0,0,France,法国
12,0,0,0,11,0,20200225,1,0,0,0,France,法国
12,0,0,0,11,0,20200226,1,0,0,0,France,法国
18,6,0,0,16,5,20200227,2,1,0,0,France,法国
38,20,0,0,36,20,20200228,2,0,0,0,France,法国
57,19,0,0,55,19,20200229,2,0,0,0,France,法国
100,43,0,0,98,43,20200301,2,0,0,0,France,法国
100,0,0,0,98,0,20200302,2,0,0,0,France,法国
191,91,0,0,188,90,20200303,3,1,0,0,France,法国
212,21,0,0,208,20,20200304,4,1,0,0,France,法国
282,70,0,0,278,70,20200305,4,0,0,0,France,法国
420,138,0,0,414,136,20200306,6,2,0,0,France,法国
613,193,0,0,604,190,20200307,9,3,0,0,France,法国
706,93,0,0,696,92,20200308,10,1,0,0,France,法国
1116,410,0,0,1097,401,20200309,19,9,0,0,France,法国
1402,286,0,0,1372,275,20200310,30,11,0,0,France,法国
1774,372,0,0,1741,369,20200311,33,3,0,0,France,法国
2269,495,0,0,2221,480,20200312,48,15,0,0,France,法国
2860,591,0,0,2799,578,20200313,61,13,0,0,France,法国
3640,780,0,0,3561,762,20200314,79,18,0,0,France,法国
4469,829,36,36,4342,781,20200315,91,12,0,0,France,法国
5380,911,36,0,5217,875,20200316,127,36,0,0,France,法国
6573,1193,36,0,6389,1172,20200317,148,21,0,0,France,法国
7652,1079,602,566,6875,486,20200318,175,27,0,0,France,法国
10995,3343,1300,698,9323,2448,20200319,372,197,0,0,France,法国
12612,1617,1587,287,10575,1252,20200320,450,78,0,0,France,法国
14459,1847,1587,0,12310,1735,20200321,562,112,0,0,France,法国
16018,1559,1587,0,13757,1447,20200322,674,112,0,0,France,法国
19856,3838,2200,613,16796,3039,20200323,860,186,0,0,France,法国
22300,2444,3201,1001,17999,1203,20200324,1100,240,0,0,France,法国
25233,2933,3900,699,20002,2003,20200325,1331,231,0,0,France,法国
29155,3922,4948,1048,22511,2509,20200326,1696,365,0,0,France,法国
32964,3809,5700,752,25269,2758,20200327,1995,299,0,0,France,法国
37575,4611,5700,0,29561,4292,20200328,2314,319,0,0,France,法国
40174,2599,7132,1432,30436,875,20200329,2606,292,0,0,France,法国
44550,4376,7924,792,33602,3166,20200330,3024,418,0,0,France,法国
52128,7578,9444,1520,39161,5559,20200331,3523,499,0,0,France,法国
56989,4861,10935,1491,42022,2861,20200401,4032,509,0,0,France,法国
59105,2116,12428,1493,42174,152,20200402,4503,471,0,0,France,法国
64338,5233,12428,0,47407,5233,20200403,4503,0,0,0,France,法国
68605,4267,15438,3010,45607,-1800,20200404,7560,3057,0,0,France,法国
70478,1873,16183,745,46217,610,20200405,8078,518,0,0,France,法国
74390,3912,16183,0,50129,3912,20200406,8078,0,0,0,France,法国
78167,3777,19337,3154,48502,-1627,20200407,10328,2250,0,0,France,法国
82048,3881,21254,1917,50466,1964,20200408,10328,0,0,0,France,法国
86334,4286,23206,1952,50918,452,20200409,12210,1882,0,0,France,法国
90676,4342,24932,1726,52547,1629,20200410,13197,987,0,0,France,法国
93790,3114,26391,1459,53567,1020,20200411,13832,635,0,0,France,法国
95403,1613,27186,795,53824,257,20200412,14393,561,0,0,France,法国
98076,2673,27718,532,55391,1567,20200413,14967,574,0,0,France,法国
103573,5497,28805,1087,59039,3648,20200414,15729,762,0,0,France,法国
106206,2633,31000,2195,58039,-1000,20200415,17167,1438,0,0,France,法国
108847,2641,32812,1812,58115,76,20200416,17920,753,0,0,France,法国
109252,405,34420,1608,56151,-1964,20200417,18681,761,0,0,France,法国
111821,2569,35983,1563,56515,364,20200418,19323,642,0,0,France,法国
112606,785,36578,595,56310,-205,20200419,19718,395,0,0,France,法国
114657,2051,37409,831,56983,673,20200420,20265,547,0,0,France,法国
117324,2667,39181,1772,57347,364,20200421,20796,531,0,0,France,法国
119151,1827,40657,1476,57154,-193,20200422,21340,544,0,0,France,法国
120804,1653,42088,1431,56860,-294,20200423,21856,516,0,0,France,法国
122577,1773,43493,1405,56839,-21,20200424,22245,389,0,0,France,法国
124114,1537,44594,1101,56906,67,20200425,22614,369,0,0,France,法国
124575,461,44903,309,56816,-90,20200426,22856,242,0,0,France,法国
128339,3764,45513,610,59533,2717,20200427,23293,437,0,0,France,法国
129859,1520,46886,1373,59313,-220,20200428,23660,367,0,0,France,法国
128442,-1417,48228,1342,56127,-3186,20200429,24087,427,0,0,France,法国
129581,1139,49476,1248,55729,-398,20200430,24376,289,0,0,France,法国
130185,604,50212,736,55379,-350,20200501,24594,218,0,0,France,法国
130979,794,50562,350,55657,278,20200502,24760,166,0,0,France,法国
131287,308,50784,222,55608,-49,20200503,24895,135,0,0,France,法国
131863,576,51371,587,55291,-317,20200504,25201,306,0,0,France,法国
132967,1104,52736,1365,54700,-591,20200505,25531,330,0,0,France,法国
137150,4183,53972,1236,57369,2669,20200506,25809,278,0,0,France,法国
137150,0,53972,0,57369,0,20200507,25809,0,0,0,France,法国
138421,1271,55782,1810,56409,-960,20200508,26230,421,0,0,France,法国
138854,433,56038,256,56506,97,20200509,26310,80,0,0,France,法国
139063,209,56217,179,56466,-40,20200510,26380,70,0,0,France,法国
139519,456,56724,507,56152,-314,20200511,26643,263,0,0,France,法国
140227,708,57785,1061,55451,-701,20200512,26991,348,0,0,France,法国
140734,507,58673,888,54987,-464,20200513,27074,83,0,0,France,法国
141356,622,59605,932,54326,-661,20200514,27425,351,0,0,France,法国
141356,0,59605,0,54326,0,20200515,27425,0,0,0,France,法国
142291,935,61066,1461,53600,-726,20200516,27625,200,0,0,France,法国
142411,120,61213,147,53090,-510,20200517,28108,483,0,0,France,法国
142903,492,61728,515,52936,-154,20200518,28239,131,0,0,France,法国
143427,524,62563,835,52842,-94,20200519,28022,-217,0,0,France,法国
143845,418,63354,791,52359,-483,20200520,28132,110,0,0,France,法国
144163,318,63858,504,52090,-269,20200521,28215,83,0,0,France,法国
144556,393,64209,351,52058,-32,20200522,28289,74,0,0,France,法国
144806,250,64547,338,51927,-131,20200523,28332,43,0,0,France,法国
144921,115,64617,70,51937,10,20200524,28367,35,0,0,France,法国
145279,358,65199,582,51623,-314,20200525,28457,90,0,0,France,法国
145555,276,65879,680,51146,-477,20200526,28530,73,0,0,France,法国
145746,191,66584,705,50566,-580,20200527,28596,66,0,0,France,法国
149071,3325,67191,607,53218,2652,20200528,28662,66,0,0,France,法国
149668,597,67803,612,53151,-67,20200529,28714,52,0,0,France,法国
151496,1828,68268,465,54457,1306,20200530,28771,57,0,0,France,法国
151753,257,68355,87,54596,139,20200531,28802,31,0,0,France,法国
152091,338,68440,85,54818,222,20200601,28833,31,0,0,France,法国
151325,-766,68812,372,53573,-1245,20200602,28940,107,0,0,France,法国
151677,352,69455,643,53201,-372,20200603,29021,81,0,0,France,法国
152444,767,69976,521,53403,202,20200604,29065,44,0,0,France,法国
153055,611,70504,528,53440,37,20200605,29111,46,0,0,France,法国
153634,579,70806,302,53686,246,20200606,29142,31,0,0,France,法国
153977,343,70842,36,53980,294,20200607,29155,13,0,0,France,法国
154188,211,71062,220,53917,-63,20200608,29209,54,0,0,France,法国
154591,403,71506,444,53789,-128,20200609,29296,87,0,0,France,法国
155136,545,71832,326,53985,196,20200610,29319,23,0,0,France,法国
155561,425,72149,317,54066,81,20200611,29346,27,0,0,France,法国
156287,726,72572,423,54341,275,20200612,29374,28,0,0,France,法国
156813,526,72798,226,54617,276,20200613,29398,24,0,0,France,法国
157220,407,72859,61,54954,337,20200614,29407,9,0,0,France,法国
157372,152,73044,185,54892,-62,20200615,29436,29,0,0,France,法国
157716,344,73335,291,54834,-58,20200616,29547,111,0,0,France,法国
158174,458,73667,332,54932,98,20200617,29575,28,0,0,France,法国
158641,467,73887,220,55151,219,20200618,29603,28,0,0,France,法国
159452,811,74117,230,55718,567,20200619,29617,14,0,0,France,法国
160093,641,74312,195,56148,430,20200620,29633,16,0,0,France,法国
160377,284,74372,60,56365,217,20200621,29640,7,0,0,France,法国
160750,373,74612,240,56475,110,20200622,29663,23,0,0,France,法国
161267,517,74871,259,56676,201,20200623,29720,57,0,0,France,法国
161348,81,75127,256,56490,-186,20200624,29731,11,0,0,France,法国
161348,0,75351,224,56245,-245,20200625,29752,21,0,0,France,法国
162936,1588,75649,298,57509,1264,20200626,29778,26,0,0,France,法国
162936,0,75649,0,57509,0,20200627,29778,0,0,0,France,法国
162936,0,75649,0,57509,0,20200628,29778,0,0,0,France,法国
164260,1324,75999,350,58448,939,20200629,29813,35,0,0,France,法国
164801,541,76274,275,58684,236,20200630,29843,30,0,0,France,法国
165719,918,76549,275,59309,625,20200701,29861,18,0,0,France,法国
166378,659,76802,253,59701,392,20200702,29875,14,0,0,France,法国
166378,0,76802,0,59701,0,20200703,29875,0,0,0,France,法国
166960,582,77060,258,60007,306,20200704,29893,18,0,0,France,法国
166960,0,77060,0,60007,0,20200705,29893,0,0,0,France,法国
168335,1375,77319,259,61096,1089,20200706,29920,27,0,0,France,法国
168335,0,77319,0,61096,0,20200707,29920,0,0,0,France,法国
169473,1138,77985,666,61523,427,20200708,29965,45,0,0,France,法国
