﻿confirmedCount,confirmedIncr,curedCount,curedIncr,currentConfirmedCount,currentConfirmedIncr,dateId,deadCount,deadIncr,suspectedCount,suspectedCountIncr,countryFullName,countryName
1,1,0,0,1,1,20200316,0,0,0,0,Gabon,加蓬
1,0,0,0,1,0,20200317,0,0,0,0,Gabon,加蓬
1,0,0,0,1,0,20200318,0,0,0,0,Gabon,加蓬
3,2,0,0,3,2,20200319,0,0,0,0,Gabon,加蓬
4,1,0,0,3,0,20200320,1,1,0,0,Gabon,加蓬
5,1,0,0,4,1,20200321,1,0,0,0,Gabon,加蓬
5,0,0,0,4,0,20200322,1,0,0,0,Gabon,加蓬
6,1,0,0,5,1,20200323,1,0,0,0,Gabon,加蓬
6,0,0,0,5,0,20200324,1,0,0,0,Gabon,加蓬
6,0,0,0,5,0,20200325,1,0,0,0,Gabon,加蓬
7,1,0,0,6,1,20200326,1,0,0,0,Gabon,加蓬
7,0,0,0,6,0,20200327,1,0,0,0,Gabon,加蓬
7,0,0,0,6,0,20200328,1,0,0,0,Gabon,加蓬
7,0,0,0,6,0,20200329,1,0,0,0,Gabon,加蓬
16,9,0,0,15,9,20200330,1,0,0,0,Gabon,加蓬
18,2,0,0,17,2,20200331,1,0,0,0,Gabon,加蓬
18,0,0,0,17,0,20200401,1,0,0,0,Gabon,加蓬
18,0,0,0,17,0,20200402,1,0,0,0,Gabon,加蓬
21,3,0,0,20,3,20200403,1,0,0,0,Gabon,加蓬
21,0,1,1,19,-1,20200404,1,0,0,0,Gabon,加蓬
24,3,1,0,22,3,20200405,1,0,0,0,Gabon,加蓬
30,6,1,0,28,6,20200406,1,0,0,0,Gabon,加蓬
33,3,1,0,31,3,20200407,1,0,0,0,Gabon,加蓬
34,1,1,0,32,1,20200408,1,0,0,0,Gabon,加蓬
44,10,1,0,42,10,20200409,1,0,0,0,Gabon,加蓬
46,2,1,0,44,2,20200410,1,0,0,0,Gabon,加蓬
46,0,1,0,44,0,20200411,1,0,0,0,Gabon,加蓬
57,11,1,0,55,11,20200412,1,0,0,0,Gabon,加蓬
75,18,1,0,73,18,20200413,1,0,0,0,Gabon,加蓬
80,5,5,4,74,1,20200414,1,0,0,0,Gabon,加蓬
87,7,6,1,80,6,20200415,1,0,0,0,Gabon,加蓬
95,8,6,0,88,8,20200416,1,0,0,0,Gabon,加蓬
108,13,7,1,100,12,20200417,1,0,0,0,Gabon,加蓬
109,1,7,0,101,1,20200418,1,0,0,0,Gabon,加蓬
109,0,7,0,101,0,20200419,1,0,0,0,Gabon,加蓬
120,11,7,0,112,11,20200420,1,0,0,0,Gabon,加蓬
156,36,16,9,139,27,20200421,1,0,0,0,Gabon,加蓬
166,10,24,8,141,2,20200422,1,0,0,0,Gabon,加蓬
167,1,24,0,141,0,20200423,2,1,0,0,Gabon,加蓬
172,5,26,2,143,2,20200424,3,1,0,0,Gabon,加蓬
176,4,30,4,143,0,20200425,3,0,0,0,Gabon,加蓬
176,0,30,0,143,0,20200426,3,0,0,0,Gabon,加蓬
176,0,30,0,143,0,20200427,3,0,0,0,Gabon,加蓬
211,35,43,13,165,22,20200428,3,0,0,0,Gabon,加蓬
238,27,53,10,182,17,20200429,3,0,0,0,Gabon,加蓬
276,38,67,14,206,24,20200430,3,0,0,0,Gabon,加蓬
308,32,78,11,226,20,20200501,4,1,0,0,Gabon,加蓬
308,0,78,0,226,0,20200502,4,0,0,0,Gabon,加蓬
335,27,85,7,245,19,20200503,5,1,0,0,Gabon,加蓬
335,0,85,0,245,0,20200504,5,0,0,0,Gabon,加蓬
367,32,93,8,268,23,20200505,6,1,0,0,Gabon,加蓬
397,30,93,0,298,30,20200506,6,0,0,0,Gabon,加蓬
439,42,99,6,332,34,20200507,8,2,0,0,Gabon,加蓬
504,65,110,11,386,54,20200508,8,0,0,0,Gabon,加蓬
620,116,110,0,502,116,20200509,8,0,0,0,Gabon,加蓬
661,41,110,0,543,41,20200510,8,0,0,0,Gabon,加蓬
661,0,110,0,543,0,20200511,8,0,0,0,Gabon,加蓬
802,141,127,17,666,123,20200512,9,1,0,0,Gabon,加蓬
863,61,137,10,717,51,20200513,9,0,0,0,Gabon,加蓬
1004,141,152,15,843,126,20200514,9,0,0,0,Gabon,加蓬
1104,100,182,30,912,69,20200515,10,1,0,0,Gabon,加蓬
1209,105,219,37,980,68,20200516,10,0,0,0,Gabon,加蓬
1320,111,244,25,1065,85,20200517,11,1,0,0,Gabon,加蓬
1320,0,244,0,1065,0,20200518,11,0,0,0,Gabon,加蓬
1432,112,301,57,1120,55,20200519,11,0,0,0,Gabon,加蓬
1502,70,318,17,1172,52,20200520,12,1,0,0,Gabon,加蓬
1567,65,365,47,1190,18,20200521,12,0,0,0,Gabon,加蓬
1567,0,365,0,1190,0,20200522,12,0,0,0,Gabon,加蓬
1728,161,402,37,1314,124,20200523,12,0,0,0,Gabon,加蓬
1934,206,402,0,1520,206,20200524,12,0,0,0,Gabon,加蓬
1934,0,402,0,1520,0,20200525,12,0,0,0,Gabon,加蓬
2135,201,562,160,1559,39,20200526,14,2,0,0,Gabon,加蓬
2238,103,593,31,1631,72,20200527,14,0,0,0,Gabon,加蓬
2319,81,631,38,1674,43,20200528,14,0,0,0,Gabon,加蓬
2431,112,668,37,1749,75,20200529,14,0,0,0,Gabon,加蓬
2613,182,709,41,1889,140,20200530,15,1,0,0,Gabon,加蓬
2613,0,709,0,1889,0,20200531,15,0,0,0,Gabon,加蓬
2655,42,709,0,1929,40,20200601,17,2,0,0,Gabon,加蓬
2655,0,709,0,1929,0,20200602,17,0,0,0,Gabon,加蓬
2803,148,779,70,2004,75,20200603,20,3,0,0,Gabon,加蓬
2902,99,801,22,2081,77,20200604,20,0,0,0,Gabon,加蓬
2955,53,818,17,2116,35,20200605,21,1,0,0,Gabon,加蓬
3101,146,833,15,2247,131,20200606,21,0,0,0,Gabon,加蓬
3101,0,833,0,2247,0,20200607,21,0,0,0,Gabon,加蓬
3101,0,833,0,2247,0,20200608,21,0,0,0,Gabon,加蓬
3247,146,938,105,2288,41,20200609,21,0,0,0,Gabon,加蓬
3294,47,956,18,2317,29,20200610,21,0,0,0,Gabon,加蓬
3375,81,978,22,2375,58,20200611,22,1,0,0,Gabon,加蓬
3463,88,1024,46,2416,41,20200612,23,1,0,0,Gabon,加蓬
3463,0,1024,0,2416,0,20200613,23,0,0,0,Gabon,加蓬
3463,0,1024,0,2416,0,20200614,23,0,0,0,Gabon,加蓬
3463,0,1024,0,2416,0,20200615,23,0,0,0,Gabon,加蓬
4033,570,1334,310,2672,256,20200616,27,4,0,0,Gabon,加蓬
4114,81,1432,98,2653,-19,20200617,29,2,0,0,Gabon,加蓬
4229,115,1505,73,2694,41,20200618,30,1,0,0,Gabon,加蓬
4340,111,1657,152,2651,-43,20200619,32,2,0,0,Gabon,加蓬
4428,88,1750,93,2644,-7,20200620,34,2,0,0,Gabon,加蓬
4428,0,1750,0,2644,0,20200621,34,0,0,0,Gabon,加蓬
4428,0,1750,0,2644,0,20200622,34,0,0,0,Gabon,加蓬
4739,311,2002,252,2698,54,20200623,39,5,0,0,Gabon,加蓬
4849,110,2107,105,2703,5,20200624,39,0,0,0,Gabon,加蓬
4956,107,2177,70,2740,37,20200625,39,0,0,0,Gabon,加蓬
5087,131,2270,93,2777,37,20200626,40,1,0,0,Gabon,加蓬
5209,122,2327,57,2842,65,20200627,40,0,0,0,Gabon,加蓬
5209,0,2327,0,2842,0,20200628,40,0,0,0,Gabon,加蓬
5209,0,2327,0,2842,0,20200629,40,0,0,0,Gabon,加蓬
5394,185,2420,93,2932,90,20200630,42,2,0,0,Gabon,加蓬
5394,0,2420,0,2932,0,20200701,42,0,0,0,Gabon,加蓬
5513,119,2508,88,2963,31,20200702,42,0,0,0,Gabon,加蓬
5513,0,2508,0,2963,0,20200703,42,0,0,0,Gabon,加蓬
5620,107,2555,47,3021,58,20200704,44,2,0,0,Gabon,加蓬
5620,0,2555,0,3021,0,20200705,44,0,0,0,Gabon,加蓬
5620,0,2555,0,3021,0,20200706,44,0,0,0,Gabon,加蓬
5743,123,2574,19,3123,102,20200707,46,2,0,0,Gabon,加蓬
5743,0,2574,0,3123,0,20200708,46,0,0,0,Gabon,加蓬
