﻿confirmedCount,confirmedIncr,curedCount,curedIncr,currentConfirmedCount,currentConfirmedIncr,dateId,deadCount,deadIncr,suspectedCount,suspectedCountIncr,countryFullName,countryName
1,1,0,0,1,1,20200128,0,0,0,0,Germany,德国
4,3,0,0,4,3,20200129,0,0,0,0,Germany,德国
4,0,0,0,4,0,20200130,0,0,0,0,Germany,德国
5,1,0,0,5,1,20200131,0,0,0,0,Germany,德国
7,2,0,0,7,2,20200201,0,0,0,0,Germany,德国
8,1,0,0,8,1,20200202,0,0,0,0,Germany,德国
10,2,0,0,10,2,20200203,0,0,0,0,Germany,德国
12,2,0,0,12,2,20200204,0,0,0,0,Germany,德国
12,0,0,0,12,0,20200205,0,0,0,0,Germany,德国
12,0,0,0,12,0,20200206,0,0,0,0,Germany,德国
13,1,0,0,13,1,20200207,0,0,0,0,Germany,德国
14,1,0,0,14,1,20200208,0,0,0,0,Germany,德国
14,0,0,0,14,0,20200209,0,0,0,0,Germany,德国
14,0,0,0,14,0,20200210,0,0,0,0,Germany,德国
14,0,0,0,14,0,20200211,0,0,0,0,Germany,德国
16,2,0,0,16,2,20200212,0,0,0,0,Germany,德国
16,0,0,0,16,0,20200213,0,0,0,0,Germany,德国
16,0,0,0,16,0,20200214,0,0,0,0,Germany,德国
16,0,0,0,16,0,20200215,0,0,0,0,Germany,德国
16,0,0,0,16,0,20200216,0,0,0,0,Germany,德国
16,0,0,0,16,0,20200217,0,0,0,0,Germany,德国
16,0,0,0,16,0,20200218,0,0,0,0,Germany,德国
16,0,0,0,16,0,20200219,0,0,0,0,Germany,德国
16,0,0,0,16,0,20200220,0,0,0,0,Germany,德国
16,0,0,0,16,0,20200221,0,0,0,0,Germany,德国
16,0,0,0,16,0,20200222,0,0,0,0,Germany,德国
16,0,0,0,16,0,20200223,0,0,0,0,Germany,德国
16,0,0,0,16,0,20200224,0,0,0,0,Germany,德国
16,0,0,0,16,0,20200225,0,0,0,0,Germany,德国
18,2,0,0,18,2,20200226,0,0,0,0,Germany,德国
21,3,0,0,21,3,20200227,0,0,0,0,Germany,德国
26,5,0,0,26,5,20200228,0,0,0,0,Germany,德国
57,31,0,0,57,31,20200229,0,0,0,0,Germany,德国
57,0,0,0,57,0,20200301,0,0,0,0,Germany,德国
129,72,0,0,129,72,20200302,0,0,0,0,Germany,德国
157,28,0,0,157,28,20200303,0,0,0,0,Germany,德国
196,39,0,0,196,39,20200304,0,0,0,0,Germany,德国
262,66,0,0,262,66,20200305,0,0,0,0,Germany,德国
534,272,0,0,534,272,20200306,0,0,0,0,Germany,德国
639,105,0,0,639,105,20200307,0,0,0,0,Germany,德国
795,156,0,0,795,156,20200308,0,0,0,0,Germany,德国
1112,317,0,0,1112,317,20200309,0,0,0,0,Germany,德国
1139,27,0,0,1137,25,20200310,2,2,0,0,Germany,德国
1296,157,0,0,1294,157,20200311,2,0,0,0,Germany,德国
1567,271,0,0,1564,270,20200312,3,1,0,0,Germany,德国
2369,802,0,0,2363,799,20200313,6,3,0,0,Germany,德国
3062,693,0,0,3056,693,20200314,6,0,0,0,Germany,德国
3795,733,14,14,3773,717,20200315,8,2,0,0,Germany,德国
4838,1043,14,0,4812,1039,20200316,12,4,0,0,Germany,德国
6012,1174,135,121,5864,1052,20200317,13,1,0,0,Germany,德国
7156,1144,135,0,7008,1144,20200318,13,0,0,0,Germany,德国
15320,8164,135,0,15141,8133,20200319,44,31,0,0,Germany,德国
19848,4528,180,45,19600,4459,20200320,68,24,0,0,Germany,德国
22101,2253,209,29,21809,2209,20200321,83,15,0,0,Germany,德国
25279,3178,239,30,24949,3140,20200322,91,8,0,0,Germany,德国
29282,4003,422,183,28741,3792,20200323,119,28,0,0,Germany,德国
32991,3709,3290,2868,29542,801,20200324,159,40,0,0,Germany,德国
35743,2752,3290,0,32266,2724,20200325,187,28,0,0,Germany,德国
43211,7468,5678,2388,37271,5005,20200326,262,75,0,0,Germany,德国
43211,0,5678,0,37271,0,20200327,262,0,0,0,Germany,德国
52802,9591,6932,1254,45492,8221,20200328,378,116,0,0,Germany,德国
58101,5299,8481,1549,49146,3654,20200329,474,96,0,0,Germany,德国
58101,0,8481,0,49146,0,20200330,474,0,0,0,Germany,德国
61913,3812,8481,0,52849,3703,20200331,583,109,0,0,Germany,德国
67366,5453,8481,0,58153,5304,20200401,732,149,0,0,Germany,德国
73522,6156,8481,0,64169,6016,20200402,872,140,0,0,Germany,德国
79696,6174,8481,0,70198,6029,20200403,1017,145,0,0,Germany,德国
85778,6082,8481,0,76139,5941,20200404,1158,141,0,0,Germany,德国
91714,5936,8481,0,81891,5752,20200405,1342,184,0,0,Germany,德国
95391,3677,8481,0,85476,3585,20200406,1434,92,0,0,Germany,德国
99225,3834,8481,0,89137,3661,20200407,1607,173,0,0,Germany,德国
103228,4003,46085,37604,55282,-33855,20200408,1861,254,0,0,Germany,德国
113525,10297,49926,3841,61226,5944,20200409,2373,512,0,0,Germany,德国
113525,0,53913,3987,57239,-3987,20200410,2373,0,0,0,Germany,德国
117658,4133,57443,3530,57671,432,20200411,2544,171,0,0,Germany,德国
120479,2821,60200,2757,57606,-65,20200412,2673,129,0,0,Germany,德国
130072,9593,64300,4100,62578,4972,20200413,3194,521,0,0,Germany,德国
130072,0,68200,3900,58678,-3900,20200414,3194,0,0,0,Germany,德国
130072,0,72600,4400,54218,-4460,20200415,3254,60,0,0,Germany,德国
130450,378,77000,4400,49881,-4337,20200416,3569,315,0,0,Germany,德国
133830,3380,81800,4800,48162,-1719,20200417,3868,299,0,0,Germany,德国
137439,3609,85400,3600,47929,-233,20200418,4110,242,0,0,Germany,德国
139897,2458,88000,2600,47603,-326,20200419,4294,184,0,0,Germany,德国
141672,1775,91500,3500,45768,-1835,20200420,4404,110,0,0,Germany,德国
143457,1785,95200,3700,43659,-2109,20200421,4598,194,0,0,Germany,德国
145694,2237,99400,4200,41415,-2244,20200422,4879,281,0,0,Germany,德国
148046,2352,103300,3900,39652,-1763,20200423,5094,215,0,0,Germany,德国
150383,2337,106800,3500,38262,-1390,20200424,5321,227,0,0,Germany,德国
152438,2055,109800,3000,37138,-1124,20200425,5500,179,0,0,Germany,德国
154175,1737,112000,2200,36535,-603,20200426,5640,140,0,0,Germany,德国
155193,1018,114500,2500,34943,-1592,20200427,5750,110,0,0,Germany,德国
156337,1144,117400,2900,33024,-1919,20200428,5913,163,0,0,Germany,德国
157641,1304,120400,3000,31126,-1898,20200429,6115,202,0,0,Germany,德国
159119,1478,123500,3100,29331,-1795,20200430,6288,173,0,0,Germany,德国
160758,1639,126900,3400,27377,-1954,20200501,6481,193,0,0,Germany,德国
161703,945,129000,2100,26128,-1249,20200502,6575,94,0,0,Germany,德国
162496,793,130600,1600,25247,-881,20200503,6649,74,0,0,Germany,德国
163175,679,132700,2100,23783,-1464,20200504,6692,43,0,0,Germany,德国
164807,1632,137400,4700,20411,-3372,20200505,6996,304,0,0,Germany,德国
164807,0,137400,0,20411,0,20200506,6996,0,0,0,Germany,德国
166091,1284,139900,2500,19072,-1339,20200507,7119,123,0,0,Germany,德国
167300,1209,141700,1800,18334,-738,20200508,7266,147,0,0,Germany,德国
168551,1251,143300,1600,17882,-452,20200509,7369,103,0,0,Germany,德国
169218,667,144400,1100,17423,-459,20200510,7395,26,0,0,Germany,德国
169575,357,145600,1200,16558,-865,20200511,7417,22,0,0,Germany,德国
170508,933,147200,1600,15775,-783,20200512,7533,116,0,0,Germany,德国
171306,798,148700,1500,14972,-803,20200513,7634,101,0,0,Germany,德国
172239,933,150300,1600,14216,-756,20200514,7723,89,0,0,Germany,德国
173152,913,151700,1400,13628,-588,20200515,7824,101,0,0,Germany,德国
173772,620,152600,900,13291,-337,20200516,7881,57,0,0,Germany,德国
174355,583,153400,800,13041,-250,20200517,7914,33,0,0,Germany,德国
174697,342,154600,1200,12162,-879,20200518,7935,21,0,0,Germany,德国
175210,513,155700,1100,11503,-659,20200519,8007,72,0,0,Germany,德国
176007,797,156900,1200,11017,-486,20200520,8090,83,0,0,Germany,德国
176752,745,158000,1100,10605,-412,20200521,8147,57,0,0,Germany,德国
177212,460,159000,1000,10038,-567,20200522,8174,27,0,0,Germany,德国
177850,638,159900,900,9734,-304,20200523,8216,42,0,0,Germany,德国
178281,431,160300,400,9734,0,20200524,8247,31,0,0,Germany,德国
178570,289,161200,900,9113,-621,20200525,8257,10,0,0,Germany,德国
179002,432,162000,800,8700,-413,20200526,8302,45,0,0,Germany,德国
179364,362,162800,800,8215,-485,20200527,8349,47,0,0,Germany,德国
179717,353,163200,400,8106,-109,20200528,8411,62,0,0,Germany,德国
180458,741,164100,900,7908,-198,20200529,8450,39,0,0,Germany,德国
181196,738,164900,800,7807,-101,20200530,8489,39,0,0,Germany,德国
181482,286,165200,300,7782,-25,20200531,8500,11,0,0,Germany,德国
181815,333,165900,700,7404,-378,20200601,8511,11,0,0,Germany,德国
182028,213,166400,500,7106,-298,20200602,8522,11,0,0,Germany,德国
182370,342,167300,900,6519,-587,20200603,8551,29,0,0,Germany,德国
182764,394,167800,500,6383,-136,20200604,8581,30,0,0,Germany,德国
183271,507,168500,700,6158,-225,20200605,8613,32,0,0,Germany,德国
183678,407,168900,400,6132,-26,20200606,8646,33,0,0,Germany,德国
183979,301,169100,200,6211,79,20200607,8668,22,0,0,Germany,德国
184193,214,169600,500,5919,-292,20200608,8674,6,0,0,Germany,德国
184543,350,170200,600,5632,-287,20200609,8711,37,0,0,Germany,德国
184861,318,170700,500,5432,-200,20200610,8729,18,0,0,Germany,德国
185416,555,171200,500,5461,29,20200611,8755,26,0,0,Germany,德国
185674,258,171600,400,5311,-150,20200612,8763,8,0,0,Germany,德国
186022,348,171900,300,5341,30,20200613,8781,18,0,0,Germany,德国
186269,247,172200,300,5282,-59,20200614,8787,6,0,0,Germany,德国
186461,192,172600,400,5070,-212,20200615,8791,4,0,0,Germany,德国
186839,378,173100,500,4939,-131,20200616,8800,9,0,0,Germany,德国
187184,345,173600,500,4754,-185,20200617,8830,30,0,0,Germany,德国
187764,580,174100,500,4808,54,20200618,8856,26,0,0,Germany,德国
188534,770,174400,300,5262,454,20200619,8872,16,0,0,Germany,德国
189822,1288,174900,500,6040,778,20200620,8882,10,0,0,Germany,德国
189822,0,174900,0,6040,0,20200621,8882,0,0,0,Germany,德国
190359,537,175300,400,6174,134,20200622,8885,3,0,0,Germany,德国
190862,503,175700,400,6267,93,20200623,8895,10,0,0,Germany,德国
191449,587,176300,600,6235,-32,20200624,8914,19,0,0,Germany,德国
192079,630,176800,500,6352,117,20200625,8927,13,0,0,Germany,德国
192556,477,177100,300,6508,156,20200626,8948,21,0,0,Germany,德国
193243,687,177500,400,6789,281,20200627,8954,6,0,0,Germany,德国
193499,256,177700,200,6842,53,20200628,8957,3,0,0,Germany,德国
193761,262,178100,400,6700,-142,20200629,8961,4,0,0,Germany,德国
194259,498,179100,1000,6186,-514,20200630,8973,12,0,0,Germany,德国
194725,466,179800,700,5940,-246,20200701,8985,12,0,0,Germany,德国
195228,503,180300,500,5934,-6,20200702,8994,9,0,0,Germany,德国
195674,446,181000,700,5671,-263,20200703,9003,9,0,0,Germany,德国
196096,422,181300,300,5786,115,20200704,9010,7,0,0,Germany,德国
196335,239,181700,400,5623,-163,20200705,9012,2,0,0,Germany,德国
196554,219,182200,500,5338,-285,20200706,9016,4,0,0,Germany,德国
196944,390,182200,0,5720,382,20200707,9024,8,0,0,Germany,德国
197341,397,182200,0,6105,385,20200708,9036,12,0,0,Germany,德国
