﻿confirmedCount,confirmedIncr,curedCount,curedIncr,currentConfirmedCount,currentConfirmedIncr,dateId,deadCount,deadIncr,suspectedCount,suspectedCountIncr,countryFullName,countryName
6,6,0,0,6,6,20200316,0,0,0,0,Guadeloupe,瓜德罗普岛
18,12,0,0,18,12,20200317,0,0,0,0,Guadeloupe,瓜德罗普岛
18,0,0,0,18,0,20200318,0,0,0,0,Guadeloupe,瓜德罗普岛
18,0,0,0,18,0,20200319,0,0,0,0,Guadeloupe,瓜德罗普岛
45,27,0,0,45,27,20200320,0,0,0,0,Guadeloupe,瓜德罗普岛
51,6,0,0,51,6,20200321,0,0,0,0,Guadeloupe,瓜德罗普岛
51,0,0,0,51,0,20200322,0,0,0,0,Guadeloupe,瓜德罗普岛
56,5,0,0,56,5,20200323,0,0,0,0,Guadeloupe,瓜德罗普岛
62,6,0,0,62,6,20200324,0,0,0,0,Guadeloupe,瓜德罗普岛
73,11,0,0,73,11,20200325,0,0,0,0,Guadeloupe,瓜德罗普岛
76,3,0,0,76,3,20200326,0,0,0,0,Guadeloupe,瓜德罗普岛
76,0,0,0,76,0,20200327,0,0,0,0,Guadeloupe,瓜德罗普岛
96,20,0,0,94,18,20200328,2,2,0,0,Guadeloupe,瓜德罗普岛
96,0,0,0,94,0,20200329,2,0,0,0,Guadeloupe,瓜德罗普岛
96,0,0,0,94,0,20200330,2,0,0,0,Guadeloupe,瓜德罗普岛
106,10,0,0,102,8,20200331,4,2,0,0,Guadeloupe,瓜德罗普岛
114,8,0,0,109,7,20200401,5,1,0,0,Guadeloupe,瓜德罗普岛
125,11,0,0,119,10,20200402,6,1,0,0,Guadeloupe,瓜德罗普岛
128,3,0,0,122,3,20200403,6,0,0,0,Guadeloupe,瓜德罗普岛
130,2,0,0,123,1,20200404,7,1,0,0,Guadeloupe,瓜德罗普岛
130,0,0,0,123,0,20200405,7,0,0,0,Guadeloupe,瓜德罗普岛
134,4,0,0,127,4,20200406,7,0,0,0,Guadeloupe,瓜德罗普岛
135,1,0,0,128,1,20200407,7,0,0,0,Guadeloupe,瓜德罗普岛
139,4,0,0,132,4,20200408,7,0,0,0,Guadeloupe,瓜德罗普岛
139,0,0,0,131,-1,20200409,8,1,0,0,Guadeloupe,瓜德罗普岛
141,2,0,0,133,2,20200410,8,0,0,0,Guadeloupe,瓜德罗普岛
143,2,0,0,135,2,20200411,8,0,0,0,Guadeloupe,瓜德罗普岛
143,0,0,0,135,0,20200412,8,0,0,0,Guadeloupe,瓜德罗普岛
143,0,0,0,135,0,20200413,8,0,0,0,Guadeloupe,瓜德罗普岛
143,0,0,0,135,0,20200414,8,0,0,0,Guadeloupe,瓜德罗普岛
145,2,0,0,137,2,20200415,8,0,0,0,Guadeloupe,瓜德罗普岛
145,0,0,0,137,0,20200416,8,0,0,0,Guadeloupe,瓜德罗普岛
145,0,0,0,137,0,20200417,8,0,0,0,Guadeloupe,瓜德罗普岛
145,0,0,0,137,0,20200418,8,0,0,0,Guadeloupe,瓜德罗普岛
145,0,0,0,134,-3,20200419,11,3,0,0,Guadeloupe,瓜德罗普岛
148,3,0,0,137,3,20200420,11,0,0,0,Guadeloupe,瓜德罗普岛
148,0,0,0,137,0,20200421,11,0,0,0,Guadeloupe,瓜德罗普岛
148,0,0,0,136,-1,20200422,12,1,0,0,Guadeloupe,瓜德罗普岛
148,0,0,0,136,0,20200423,12,0,0,0,Guadeloupe,瓜德罗普岛
148,0,0,0,136,0,20200424,12,0,0,0,Guadeloupe,瓜德罗普岛
149,1,0,0,137,1,20200425,12,0,0,0,Guadeloupe,瓜德罗普岛
149,0,0,0,137,0,20200426,12,0,0,0,Guadeloupe,瓜德罗普岛
149,0,0,0,136,-1,20200427,13,1,0,0,Guadeloupe,瓜德罗普岛
149,0,0,0,136,0,20200428,13,0,0,0,Guadeloupe,瓜德罗普岛
149,0,0,0,136,0,20200429,13,0,0,0,Guadeloupe,瓜德罗普岛
151,2,0,0,138,2,20200430,13,0,0,0,Guadeloupe,瓜德罗普岛
152,1,0,0,139,1,20200501,13,0,0,0,Guadeloupe,瓜德罗普岛
152,0,0,0,139,0,20200502,13,0,0,0,Guadeloupe,瓜德罗普岛
152,0,0,0,139,0,20200503,13,0,0,0,Guadeloupe,瓜德罗普岛
152,0,0,0,139,0,20200504,13,0,0,0,Guadeloupe,瓜德罗普岛
152,0,0,0,139,0,20200505,13,0,0,0,Guadeloupe,瓜德罗普岛
152,0,0,0,139,0,20200506,13,0,0,0,Guadeloupe,瓜德罗普岛
153,1,0,0,140,1,20200507,13,0,0,0,Guadeloupe,瓜德罗普岛
153,0,0,0,140,0,20200508,13,0,0,0,Guadeloupe,瓜德罗普岛
154,1,0,0,141,1,20200509,13,0,0,0,Guadeloupe,瓜德罗普岛
154,0,0,0,141,0,20200510,13,0,0,0,Guadeloupe,瓜德罗普岛
154,0,0,0,141,0,20200511,13,0,0,0,Guadeloupe,瓜德罗普岛
154,0,0,0,141,0,20200512,13,0,0,0,Guadeloupe,瓜德罗普岛
155,1,0,0,142,1,20200513,13,0,0,0,Guadeloupe,瓜德罗普岛
155,0,0,0,142,0,20200514,13,0,0,0,Guadeloupe,瓜德罗普岛
155,0,0,0,142,0,20200515,13,0,0,0,Guadeloupe,瓜德罗普岛
155,0,0,0,142,0,20200516,13,0,0,0,Guadeloupe,瓜德罗普岛
155,0,0,0,142,0,20200517,13,0,0,0,Guadeloupe,瓜德罗普岛
155,0,0,0,142,0,20200518,13,0,0,0,Guadeloupe,瓜德罗普岛
155,0,0,0,142,0,20200519,13,0,0,0,Guadeloupe,瓜德罗普岛
155,0,0,0,142,0,20200520,13,0,0,0,Guadeloupe,瓜德罗普岛
155,0,0,0,142,0,20200521,13,0,0,0,Guadeloupe,瓜德罗普岛
155,0,0,0,142,0,20200522,13,0,0,0,Guadeloupe,瓜德罗普岛
155,0,0,0,142,0,20200523,13,0,0,0,Guadeloupe,瓜德罗普岛
156,1,0,0,143,1,20200524,13,0,0,0,Guadeloupe,瓜德罗普岛
156,0,0,0,143,0,20200525,13,0,0,0,Guadeloupe,瓜德罗普岛
161,5,0,0,147,4,20200526,14,1,0,0,Guadeloupe,瓜德罗普岛
161,0,0,0,147,0,20200527,14,0,0,0,Guadeloupe,瓜德罗普岛
161,0,0,0,147,0,20200528,14,0,0,0,Guadeloupe,瓜德罗普岛
161,0,0,0,147,0,20200529,14,0,0,0,Guadeloupe,瓜德罗普岛
162,1,0,0,148,1,20200530,14,0,0,0,Guadeloupe,瓜德罗普岛
162,0,0,0,148,0,20200531,14,0,0,0,Guadeloupe,瓜德罗普岛
162,0,0,0,148,0,20200601,14,0,0,0,Guadeloupe,瓜德罗普岛
162,0,0,0,148,0,20200602,14,0,0,0,Guadeloupe,瓜德罗普岛
162,0,0,0,148,0,20200603,14,0,0,0,Guadeloupe,瓜德罗普岛
162,0,0,0,148,0,20200604,14,0,0,0,Guadeloupe,瓜德罗普岛
162,0,0,0,148,0,20200605,14,0,0,0,Guadeloupe,瓜德罗普岛
164,2,0,0,150,2,20200606,14,0,0,0,Guadeloupe,瓜德罗普岛
164,0,0,0,150,0,20200607,14,0,0,0,Guadeloupe,瓜德罗普岛
164,0,0,0,150,0,20200608,14,0,0,0,Guadeloupe,瓜德罗普岛
164,0,0,0,150,0,20200609,14,0,0,0,Guadeloupe,瓜德罗普岛
164,0,0,0,150,0,20200610,14,0,0,0,Guadeloupe,瓜德罗普岛
164,0,0,0,150,0,20200611,14,0,0,0,Guadeloupe,瓜德罗普岛
164,0,0,0,150,0,20200612,14,0,0,0,Guadeloupe,瓜德罗普岛
171,7,0,0,157,7,20200613,14,0,0,0,Guadeloupe,瓜德罗普岛
171,0,0,0,157,0,20200614,14,0,0,0,Guadeloupe,瓜德罗普岛
171,0,0,0,157,0,20200615,14,0,0,0,Guadeloupe,瓜德罗普岛
171,0,0,0,157,0,20200616,14,0,0,0,Guadeloupe,瓜德罗普岛
171,0,0,0,157,0,20200617,14,0,0,0,Guadeloupe,瓜德罗普岛
171,0,0,0,157,0,20200618,14,0,0,0,Guadeloupe,瓜德罗普岛
171,0,0,0,157,0,20200619,14,0,0,0,Guadeloupe,瓜德罗普岛
174,3,0,0,160,3,20200620,14,0,0,0,Guadeloupe,瓜德罗普岛
174,0,0,0,160,0,20200621,14,0,0,0,Guadeloupe,瓜德罗普岛
174,0,0,0,160,0,20200622,14,0,0,0,Guadeloupe,瓜德罗普岛
174,0,0,0,160,0,20200623,14,0,0,0,Guadeloupe,瓜德罗普岛
174,0,0,0,160,0,20200624,14,0,0,0,Guadeloupe,瓜德罗普岛
174,0,0,0,160,0,20200625,14,0,0,0,Guadeloupe,瓜德罗普岛
174,0,0,0,160,0,20200626,14,0,0,0,Guadeloupe,瓜德罗普岛
182,8,0,0,168,8,20200627,14,0,0,0,Guadeloupe,瓜德罗普岛
182,0,0,0,168,0,20200628,14,0,0,0,Guadeloupe,瓜德罗普岛
182,0,0,0,168,0,20200629,14,0,0,0,Guadeloupe,瓜德罗普岛
182,0,0,0,168,0,20200630,14,0,0,0,Guadeloupe,瓜德罗普岛
182,0,0,0,168,0,20200701,14,0,0,0,Guadeloupe,瓜德罗普岛
182,0,0,0,168,0,20200702,14,0,0,0,Guadeloupe,瓜德罗普岛
182,0,0,0,168,0,20200703,14,0,0,0,Guadeloupe,瓜德罗普岛
182,0,0,0,168,0,20200704,14,0,0,0,Guadeloupe,瓜德罗普岛
184,2,0,0,168,0,20200705,16,2,0,0,Guadeloupe,瓜德罗普岛
184,0,0,0,168,0,20200706,16,0,0,0,Guadeloupe,瓜德罗普岛
184,0,0,0,168,0,20200707,16,0,0,0,Guadeloupe,瓜德罗普岛
184,0,0,0,168,0,20200708,16,0,0,0,Guadeloupe,瓜德罗普岛
