﻿confirmedCount,confirmedIncr,curedCount,curedIncr,currentConfirmedCount,currentConfirmedIncr,dateId,deadCount,deadIncr,suspectedCount,suspectedCountIncr,countryFullName,countryName
1,1,0,0,0,0,20200316,1,1,0,0,Guatemala,危地马拉
1,0,0,0,0,0,20200317,1,0,0,0,Guatemala,危地马拉
6,5,0,0,5,5,20200318,1,0,0,0,Guatemala,危地马拉
6,0,0,0,5,0,20200319,1,0,0,0,Guatemala,危地马拉
9,3,0,0,8,3,20200320,1,0,0,0,Guatemala,危地马拉
12,3,0,0,11,3,20200321,1,0,0,0,Guatemala,危地马拉
17,5,0,0,16,5,20200322,1,0,0,0,Guatemala,危地马拉
18,1,0,0,17,1,20200323,1,0,0,0,Guatemala,危地马拉
20,2,0,0,19,2,20200324,1,0,0,0,Guatemala,危地马拉
21,1,0,0,20,1,20200325,1,0,0,0,Guatemala,危地马拉
24,3,0,0,23,3,20200326,1,0,0,0,Guatemala,危地马拉
24,0,0,0,23,0,20200327,1,0,0,0,Guatemala,危地马拉
25,1,0,0,24,1,20200328,1,0,0,0,Guatemala,危地马拉
32,7,0,0,31,7,20200329,1,0,0,0,Guatemala,危地马拉
34,2,0,0,33,2,20200330,1,0,0,0,Guatemala,危地马拉
36,2,0,0,35,2,20200331,1,0,0,0,Guatemala,危地马拉
36,0,0,0,35,0,20200401,1,0,0,0,Guatemala,危地马拉
39,3,0,0,38,3,20200402,1,0,0,0,Guatemala,危地马拉
47,8,0,0,46,8,20200403,1,0,0,0,Guatemala,危地马拉
50,3,0,0,49,3,20200404,1,0,0,0,Guatemala,危地马拉
50,0,0,0,49,0,20200405,1,0,0,0,Guatemala,危地马拉
61,11,0,0,59,10,20200406,2,1,0,0,Guatemala,危地马拉
70,9,0,0,67,8,20200407,3,1,0,0,Guatemala,危地马拉
77,7,0,0,74,7,20200408,3,0,0,0,Guatemala,危地马拉
87,10,0,0,84,10,20200409,3,0,0,0,Guatemala,危地马拉
95,8,0,0,92,8,20200410,3,0,0,0,Guatemala,危地马拉
126,31,0,0,123,31,20200411,3,0,0,0,Guatemala,危地马拉
137,11,0,0,134,11,20200412,3,0,0,0,Guatemala,危地马拉
153,16,0,0,150,16,20200413,3,0,0,0,Guatemala,危地马拉
156,3,0,0,151,1,20200414,5,2,0,0,Guatemala,危地马拉
167,11,0,0,162,11,20200415,5,0,0,0,Guatemala,危地马拉
180,13,0,0,175,13,20200416,5,0,0,0,Guatemala,危地马拉
196,16,0,0,191,16,20200417,5,0,0,0,Guatemala,危地马拉
214,18,0,0,207,16,20200418,7,2,0,0,Guatemala,危地马拉
235,21,0,0,228,21,20200419,7,0,0,0,Guatemala,危地马拉
257,22,0,0,250,22,20200420,7,0,0,0,Guatemala,危地马拉
289,32,0,0,282,32,20200421,7,0,0,0,Guatemala,危地马拉
294,5,0,0,285,3,20200422,9,2,0,0,Guatemala,危地马拉
316,22,0,0,307,22,20200423,9,0,0,0,Guatemala,危地马拉
342,26,0,0,332,25,20200424,10,1,0,0,Guatemala,危地马拉
384,42,0,0,373,41,20200425,11,1,0,0,Guatemala,危地马拉
430,46,0,0,417,44,20200426,13,2,0,0,Guatemala,危地马拉
473,43,0,0,458,41,20200427,15,2,0,0,Guatemala,危地马拉
500,27,0,0,485,27,20200428,15,0,0,0,Guatemala,危地马拉
530,30,0,0,515,30,20200429,15,0,0,0,Guatemala,危地马拉
557,27,0,0,541,26,20200430,16,1,0,0,Guatemala,危地马拉
585,28,0,0,569,28,20200501,16,0,0,0,Guatemala,危地马拉
599,14,0,0,583,14,20200502,16,0,0,0,Guatemala,危地马拉
644,45,0,0,626,43,20200503,18,2,0,0,Guatemala,危地马拉
688,44,0,0,669,43,20200504,19,1,0,0,Guatemala,危地马拉
703,15,0,0,684,15,20200505,19,0,0,0,Guatemala,危地马拉
730,27,0,0,711,27,20200506,19,0,0,0,Guatemala,危地马拉
763,33,0,0,744,33,20200507,19,0,0,0,Guatemala,危地马拉
798,35,0,0,777,33,20200508,21,2,0,0,Guatemala,危地马拉
832,34,0,0,809,32,20200509,23,2,0,0,Guatemala,危地马拉
900,68,0,0,876,67,20200510,24,1,0,0,Guatemala,危地马拉
967,67,0,0,943,67,20200511,24,0,0,0,Guatemala,危地马拉
1052,85,0,0,1026,83,20200512,26,2,0,0,Guatemala,危地马拉
1114,62,0,0,1088,62,20200513,26,0,0,0,Guatemala,危地马拉
1199,85,0,0,1172,84,20200514,27,1,0,0,Guatemala,危地马拉
1342,143,0,0,1313,141,20200515,29,2,0,0,Guatemala,危地马拉
1518,176,0,0,1489,176,20200516,29,0,0,0,Guatemala,危地马拉
1643,125,0,0,1613,124,20200517,30,1,0,0,Guatemala,危地马拉
1763,120,0,0,1730,117,20200518,33,3,0,0,Guatemala,危地马拉
1912,149,0,0,1877,147,20200519,35,2,0,0,Guatemala,危地马拉
2001,89,0,0,1963,86,20200520,38,3,0,0,Guatemala,危地马拉
2133,132,0,0,2090,127,20200521,43,5,0,0,Guatemala,危地马拉
2265,132,0,0,2220,130,20200522,45,2,0,0,Guatemala,危地马拉
2512,247,0,0,2464,244,20200523,48,3,0,0,Guatemala,危地马拉
2743,231,0,0,2690,226,20200524,53,5,0,0,Guatemala,危地马拉
3054,311,0,0,2997,307,20200525,57,4,0,0,Guatemala,危地马拉
3424,370,0,0,3366,369,20200526,58,1,0,0,Guatemala,危地马拉
3760,336,0,0,3701,335,20200527,59,1,0,0,Guatemala,危地马拉
3954,194,0,0,3891,190,20200528,63,4,0,0,Guatemala,危地马拉
4145,191,0,0,4077,186,20200529,68,5,0,0,Guatemala,危地马拉
4348,203,0,0,4268,191,20200530,80,12,0,0,Guatemala,危地马拉
4607,259,0,0,4517,249,20200531,90,10,0,0,Guatemala,危地马拉
4739,132,0,0,4637,120,20200601,102,12,0,0,Guatemala,危地马拉
5087,348,0,0,4979,342,20200602,108,6,0,0,Guatemala,危地马拉
5336,249,0,0,5220,241,20200603,116,8,0,0,Guatemala,危地马拉
5586,250,0,0,5463,243,20200604,123,7,0,0,Guatemala,危地马拉
5760,174,0,0,5617,154,20200605,143,20,0,0,Guatemala,危地马拉
6154,394,0,0,5996,379,20200606,158,15,0,0,Guatemala,危地马拉
6485,331,0,0,6269,273,20200607,216,58,0,0,Guatemala,危地马拉
6792,307,0,0,6562,293,20200608,230,14,0,0,Guatemala,危地马拉
7055,263,0,0,6803,241,20200609,252,22,0,0,Guatemala,危地马拉
7502,447,0,0,7235,432,20200610,267,15,0,0,Guatemala,危地马拉
7866,364,0,0,7577,342,20200611,289,22,0,0,Guatemala,危地马拉
8221,355,0,0,7905,328,20200612,316,27,0,0,Guatemala,危地马拉
8561,340,0,0,8227,322,20200613,334,18,0,0,Guatemala,危地马拉
8982,421,0,0,8631,404,20200614,351,17,0,0,Guatemala,危地马拉
9491,509,0,0,9124,493,20200615,367,16,0,0,Guatemala,危地马拉
9845,354,0,0,9461,337,20200616,384,17,0,0,Guatemala,危地马拉
9845,0,0,0,9461,0,20200617,384,0,0,0,Guatemala,危地马拉
10706,861,0,0,10288,827,20200618,418,34,0,0,Guatemala,危地马拉
11251,545,0,0,10819,531,20200619,432,14,0,0,Guatemala,危地马拉
11868,617,0,0,11419,600,20200620,449,17,0,0,Guatemala,危地马拉
12509,641,0,0,12026,607,20200621,483,34,0,0,Guatemala,危地马拉
12755,246,0,0,12241,215,20200622,514,31,0,0,Guatemala,危地马拉
13145,390,0,0,12614,373,20200623,531,17,0,0,Guatemala,危地马拉
13769,624,0,0,13222,608,20200624,547,16,0,0,Guatemala,危地马拉
14540,771,0,0,13958,736,20200625,582,35,0,0,Guatemala,危地马拉
14819,279,0,0,14218,260,20200626,601,19,0,0,Guatemala,危地马拉
15619,800,0,0,14996,778,20200627,623,22,0,0,Guatemala,危地马拉
16397,778,3123,3123,12568,-2428,20200628,706,83,0,0,Guatemala,危地马拉
16397,0,3123,0,12568,0,20200629,706,0,0,0,Guatemala,危地马拉
16930,533,3123,0,13080,512,20200630,727,21,0,0,Guatemala,危地马拉
17409,479,3123,0,13540,460,20200701,746,19,0,0,Guatemala,危地马拉
18096,687,3123,0,14200,660,20200702,773,27,0,0,Guatemala,危地马拉
19011,915,3123,0,15071,871,20200703,817,44,0,0,Guatemala,危地马拉
20072,1061,3123,0,16106,1035,20200704,843,26,0,0,Guatemala,危地马拉
21293,1221,3123,0,17290,1184,20200705,880,37,0,0,Guatemala,危地马拉
22501,1208,3123,0,18458,1168,20200706,920,40,0,0,Guatemala,危地马拉
23248,747,3123,0,19178,720,20200707,947,27,0,0,Guatemala,危地马拉
24787,1539,3123,0,20660,1482,20200708,1004,57,0,0,Guatemala,危地马拉
