﻿confirmedCount,confirmedIncr,curedCount,curedIncr,currentConfirmedCount,currentConfirmedIncr,dateId,deadCount,deadIncr,suspectedCount,suspectedCountIncr,countryFullName,countryName
1,1,0,0,1,1,20200314,0,0,0,0,Guinea,几内亚
1,0,0,0,1,0,20200315,0,0,0,0,Guinea,几内亚
1,0,0,0,1,0,20200316,0,0,0,0,Guinea,几内亚
1,0,0,0,1,0,20200317,0,0,0,0,Guinea,几内亚
1,0,0,0,1,0,20200318,0,0,0,0,Guinea,几内亚
1,0,0,0,1,0,20200319,0,0,0,0,Guinea,几内亚
2,1,0,0,2,1,20200320,0,0,0,0,Guinea,几内亚
2,0,0,0,2,0,20200321,0,0,0,0,Guinea,几内亚
2,0,0,0,2,0,20200322,0,0,0,0,Guinea,几内亚
2,0,0,0,2,0,20200323,0,0,0,0,Guinea,几内亚
4,2,0,0,4,2,20200324,0,0,0,0,Guinea,几内亚
4,0,0,0,4,0,20200325,0,0,0,0,Guinea,几内亚
12,8,0,0,12,8,20200326,0,0,0,0,Guinea,几内亚
12,0,0,0,12,0,20200327,0,0,0,0,Guinea,几内亚
12,0,0,0,12,0,20200328,0,0,0,0,Guinea,几内亚
16,4,1,1,15,3,20200329,0,0,0,0,Guinea,几内亚
22,6,1,0,21,6,20200330,0,0,0,0,Guinea,几内亚
22,0,1,0,21,0,20200331,0,0,0,0,Guinea,几内亚
30,8,1,0,29,8,20200401,0,0,0,0,Guinea,几内亚
52,22,1,0,51,22,20200402,0,0,0,0,Guinea,几内亚
73,21,2,1,71,20,20200403,0,0,0,0,Guinea,几内亚
111,38,5,3,106,35,20200404,0,0,0,0,Guinea,几内亚
121,10,5,0,116,10,20200405,0,0,0,0,Guinea,几内亚
128,7,5,0,123,7,20200406,0,0,0,0,Guinea,几内亚
144,16,5,0,139,16,20200407,0,0,0,0,Guinea,几内亚
164,20,5,0,159,20,20200408,0,0,0,0,Guinea,几内亚
194,30,11,6,183,24,20200409,0,0,0,0,Guinea,几内亚
212,18,15,4,197,14,20200410,0,0,0,0,Guinea,几内亚
250,38,17,2,233,36,20200411,0,0,0,0,Guinea,几内亚
250,0,17,0,233,0,20200412,0,0,0,0,Guinea,几内亚
319,69,17,0,302,69,20200413,0,0,0,0,Guinea,几内亚
363,44,31,14,332,30,20200414,0,0,0,0,Guinea,几内亚
404,41,41,10,362,30,20200415,1,1,0,0,Guinea,几内亚
404,0,41,0,362,0,20200416,1,0,0,0,Guinea,几内亚
477,73,59,18,415,53,20200417,3,2,0,0,Guinea,几内亚
518,41,65,6,450,35,20200418,3,0,0,0,Guinea,几内亚
579,61,87,22,487,37,20200419,5,2,0,0,Guinea,几内亚
622,43,122,35,495,8,20200420,5,0,0,0,Guinea,几内亚
688,66,127,5,555,60,20200421,6,1,0,0,Guinea,几内亚
761,73,164,37,591,36,20200422,6,0,0,0,Guinea,几内亚
862,101,170,6,686,95,20200423,6,0,0,0,Guinea,几内亚
954,92,191,21,757,71,20200424,6,0,0,0,Guinea,几内亚
996,42,208,17,781,24,20200425,7,1,0,0,Guinea,几内亚
996,0,208,0,781,0,20200426,7,0,0,0,Guinea,几内亚
1163,167,246,38,910,129,20200427,7,0,0,0,Guinea,几内亚
1163,0,246,0,910,0,20200428,7,0,0,0,Guinea,几内亚
1351,188,313,67,1031,121,20200429,7,0,0,0,Guinea,几内亚
1495,144,329,16,1159,128,20200430,7,0,0,0,Guinea,几内亚
1495,0,329,0,1159,0,20200501,7,0,0,0,Guinea,几内亚
1586,91,405,76,1174,15,20200502,7,0,0,0,Guinea,几内亚
1586,0,405,0,1174,0,20200503,7,0,0,0,Guinea,几内亚
1710,124,450,45,1251,77,20200504,9,2,0,0,Guinea,几内亚
1710,0,450,0,1251,0,20200505,9,0,0,0,Guinea,几内亚
1856,146,597,147,1248,-3,20200506,11,2,0,0,Guinea,几内亚
1927,71,629,32,1287,39,20200507,11,0,0,0,Guinea,几内亚
1927,0,629,0,1287,0,20200508,11,0,0,0,Guinea,几内亚
2042,115,698,69,1333,46,20200509,11,0,0,0,Guinea,几内亚
2146,104,714,16,1421,88,20200510,11,0,0,0,Guinea,几内亚
2146,0,714,0,1421,0,20200511,11,0,0,0,Guinea,几内亚
2298,152,816,102,1471,50,20200512,11,0,0,0,Guinea,几内亚
2298,0,816,0,1471,0,20200513,11,0,0,0,Guinea,几内亚
2473,175,895,79,1564,93,20200514,14,3,0,0,Guinea,几内亚
2473,0,895,0,1564,0,20200515,14,0,0,0,Guinea,几内亚
2531,58,895,0,1621,57,20200516,15,1,0,0,Guinea,几内亚
2658,127,895,0,1747,126,20200517,16,1,0,0,Guinea,几内亚
2796,138,1263,368,1517,-230,20200518,16,0,0,0,Guinea,几内亚
2863,67,1525,262,1320,-197,20200519,18,2,0,0,Guinea,几内亚
2863,0,1525,0,1320,0,20200520,18,0,0,0,Guinea,几内亚
3067,204,1575,50,1473,153,20200521,19,1,0,0,Guinea,几内亚
3067,0,1575,0,1473,0,20200522,19,0,0,0,Guinea,几内亚
3114,47,1575,0,1520,47,20200523,19,0,0,0,Guinea,几内亚
3176,62,1575,0,1581,61,20200524,20,1,0,0,Guinea,几内亚
3275,99,1575,0,1680,99,20200525,20,0,0,0,Guinea,几内亚
3358,83,1783,208,1555,-125,20200526,20,0,0,0,Guinea,几内亚
3358,0,1783,0,1555,0,20200527,20,0,0,0,Guinea,几内亚
3446,88,1783,0,1642,87,20200528,21,1,0,0,Guinea,几内亚
3656,210,2000,217,1634,-8,20200529,22,1,0,0,Guinea,几内亚
3656,0,2000,0,1634,0,20200530,22,0,0,0,Guinea,几内亚
3771,115,2112,112,1636,2,20200531,23,1,0,0,Guinea,几内亚
3771,0,2112,0,1636,0,20200601,23,0,0,0,Guinea,几内亚
3886,115,2267,155,1596,-40,20200602,23,0,0,0,Guinea,几内亚
3933,47,2332,65,1578,-18,20200603,23,0,0,0,Guinea,几内亚
3933,0,2332,0,1578,0,20200604,23,0,0,0,Guinea,几内亚
4060,127,2667,335,1370,-208,20200605,23,0,0,0,Guinea,几内亚
4060,0,2667,0,1370,0,20200606,23,0,0,0,Guinea,几内亚
4117,57,2667,0,1427,57,20200607,23,0,0,0,Guinea,几内亚
4216,99,2918,251,1275,-152,20200608,23,0,0,0,Guinea,几内亚
4216,0,2918,0,1275,0,20200609,23,0,0,0,Guinea,几内亚
4291,75,3009,91,1259,-16,20200610,23,0,0,0,Guinea,几内亚
4291,0,3009,0,1259,0,20200611,23,0,0,0,Guinea,几内亚
4426,135,3106,97,1296,37,20200612,24,1,0,0,Guinea,几内亚
4484,58,3213,107,1246,-50,20200613,25,1,0,0,Guinea,几内亚
4534,50,3234,21,1275,29,20200614,25,0,0,0,Guinea,几内亚
4572,38,3259,25,1287,12,20200615,26,1,0,0,Guinea,几内亚
4639,67,3327,68,1286,-1,20200616,26,0,0,0,Guinea,几内亚
4639,0,3327,0,1286,0,20200617,26,0,0,0,Guinea,几内亚
4841,202,3467,140,1348,62,20200618,26,0,0,0,Guinea,几内亚
4841,0,3467,0,1348,0,20200619,26,0,0,0,Guinea,几内亚
4904,63,3467,0,1410,62,20200620,27,1,0,0,Guinea,几内亚
4960,56,3467,0,1466,56,20200621,27,0,0,0,Guinea,几内亚
4998,38,3467,0,1504,38,20200622,27,0,0,0,Guinea,几内亚
4998,0,3467,0,1504,0,20200623,27,0,0,0,Guinea,几内亚
5104,106,3467,0,1608,104,20200624,29,2,0,0,Guinea,几内亚
5174,70,3467,0,1678,70,20200625,29,0,0,0,Guinea,几内亚
5260,86,4155,688,1076,-602,20200626,29,0,0,0,Guinea,几内亚
5260,0,4155,0,1076,0,20200627,29,0,0,0,Guinea,几内亚
5342,82,4282,127,1029,-47,20200628,31,2,0,0,Guinea,几内亚
5342,0,4282,0,1029,0,20200629,31,0,0,0,Guinea,几内亚
5351,9,4282,0,1038,9,20200630,31,0,0,0,Guinea,几内亚
5391,40,4282,0,1076,38,20200701,33,2,0,0,Guinea,几内亚
5404,13,4282,0,1089,13,20200702,33,0,0,0,Guinea,几内亚
5450,46,4282,0,1122,33,20200703,46,13,0,0,Guinea,几内亚
5521,71,4282,0,1193,71,20200704,46,0,0,0,Guinea,几内亚
5610,89,4522,240,1042,-151,20200705,46,0,0,0,Guinea,几内亚
5610,0,4522,0,1042,0,20200706,46,0,0,0,Guinea,几内亚
5610,0,4522,0,1042,0,20200707,46,0,0,0,Guinea,几内亚
5636,26,4522,0,1068,26,20200708,46,0,0,0,Guinea,几内亚
