﻿confirmedCount,confirmedIncr,curedCount,curedIncr,currentConfirmedCount,currentConfirmedIncr,dateId,deadCount,deadIncr,suspectedCount,suspectedCountIncr,countryFullName,countryName
1,1,0,0,0,0,20200313,1,1,0,0,Guyana,圭亚那
6,5,0,0,5,5,20200314,1,0,0,0,Guyana,圭亚那
1,-5,0,0,0,-5,20200315,1,0,0,0,Guyana,圭亚那
4,3,0,0,3,3,20200316,1,0,0,0,Guyana,圭亚那
4,0,0,0,3,0,20200317,1,0,0,0,Guyana,圭亚那
4,0,0,0,3,0,20200318,1,0,0,0,Guyana,圭亚那
5,1,0,0,4,1,20200319,1,0,0,0,Guyana,圭亚那
5,0,0,0,4,0,20200320,1,0,0,0,Guyana,圭亚那
5,0,0,0,4,0,20200321,1,0,0,0,Guyana,圭亚那
5,0,0,0,4,0,20200322,1,0,0,0,Guyana,圭亚那
5,0,0,0,4,0,20200323,1,0,0,0,Guyana,圭亚那
5,0,0,0,4,0,20200324,1,0,0,0,Guyana,圭亚那
5,0,0,0,4,0,20200325,1,0,0,0,Guyana,圭亚那
5,0,0,0,4,0,20200326,1,0,0,0,Guyana,圭亚那
5,0,0,0,4,0,20200327,1,0,0,0,Guyana,圭亚那
5,0,0,0,4,0,20200328,1,0,0,0,Guyana,圭亚那
5,0,0,0,4,0,20200329,1,0,0,0,Guyana,圭亚那
5,0,0,0,4,0,20200330,1,0,0,0,Guyana,圭亚那
8,3,0,0,7,3,20200331,1,0,0,0,Guyana,圭亚那
12,4,0,0,10,3,20200401,2,1,0,0,Guyana,圭亚那
19,7,0,0,17,7,20200402,2,0,0,0,Guyana,圭亚那
19,0,0,0,15,-2,20200403,4,2,0,0,Guyana,圭亚那
23,4,0,0,19,4,20200404,4,0,0,0,Guyana,圭亚那
23,0,0,0,19,0,20200405,4,0,0,0,Guyana,圭亚那
29,6,0,0,25,6,20200406,4,0,0,0,Guyana,圭亚那
31,2,0,0,26,1,20200407,5,1,0,0,Guyana,圭亚那
33,2,0,0,28,2,20200408,5,0,0,0,Guyana,圭亚那
37,4,0,0,31,3,20200409,6,1,0,0,Guyana,圭亚那
40,3,0,0,34,3,20200410,6,0,0,0,Guyana,圭亚那
45,5,8,8,31,-3,20200411,6,0,0,0,Guyana,圭亚那
45,0,8,0,31,0,20200412,6,0,0,0,Guyana,圭亚那
45,0,8,0,31,0,20200413,6,0,0,0,Guyana,圭亚那
47,2,8,0,33,2,20200414,6,0,0,0,Guyana,圭亚那
48,1,8,0,34,1,20200415,6,0,0,0,Guyana,圭亚那
57,9,8,0,43,9,20200416,6,0,0,0,Guyana,圭亚那
63,6,8,0,49,6,20200417,6,0,0,0,Guyana,圭亚那
63,0,8,0,49,0,20200418,6,0,0,0,Guyana,圭亚那
65,2,9,1,49,0,20200419,7,1,0,0,Guyana,圭亚那
65,0,9,0,49,0,20200420,7,0,0,0,Guyana,圭亚那
67,2,9,0,51,2,20200421,7,0,0,0,Guyana,圭亚那
67,0,9,0,51,0,20200422,7,0,0,0,Guyana,圭亚那
70,3,9,0,54,3,20200423,7,0,0,0,Guyana,圭亚那
73,3,9,0,56,2,20200424,8,1,0,0,Guyana,圭亚那
73,0,9,0,56,0,20200425,8,0,0,0,Guyana,圭亚那
73,0,9,0,56,0,20200426,8,0,0,0,Guyana,圭亚那
74,1,9,0,57,1,20200427,8,0,0,0,Guyana,圭亚那
75,1,15,6,52,-5,20200428,8,0,0,0,Guyana,圭亚那
78,3,15,0,55,3,20200429,8,0,0,0,Guyana,圭亚那
78,0,15,0,55,0,20200430,8,0,0,0,Guyana,圭亚那
82,4,15,0,58,3,20200501,9,1,0,0,Guyana,圭亚那
82,0,15,0,58,0,20200502,9,0,0,0,Guyana,圭亚那
82,0,15,0,58,0,20200503,9,0,0,0,Guyana,圭亚那
82,0,15,0,58,0,20200504,9,0,0,0,Guyana,圭亚那
93,11,27,12,56,-2,20200505,10,1,0,0,Guyana,圭亚那
93,0,27,0,56,0,20200506,10,0,0,0,Guyana,圭亚那
93,0,27,0,56,0,20200507,10,0,0,0,Guyana,圭亚那
93,0,27,0,56,0,20200508,10,0,0,0,Guyana,圭亚那
93,0,27,0,56,0,20200509,10,0,0,0,Guyana,圭亚那
93,0,27,0,56,0,20200510,10,0,0,0,Guyana,圭亚那
104,11,27,0,67,11,20200511,10,0,0,0,Guyana,圭亚那
113,9,27,0,76,9,20200512,10,0,0,0,Guyana,圭亚那
113,0,27,0,76,0,20200513,10,0,0,0,Guyana,圭亚那
113,0,27,0,76,0,20200514,10,0,0,0,Guyana,圭亚那
114,1,27,0,77,1,20200515,10,0,0,0,Guyana,圭亚那
116,2,27,0,79,2,20200516,10,0,0,0,Guyana,圭亚那
116,0,27,0,79,0,20200517,10,0,0,0,Guyana,圭亚那
117,1,27,0,80,1,20200518,10,0,0,0,Guyana,圭亚那
117,0,27,0,80,0,20200519,10,0,0,0,Guyana,圭亚那
124,7,27,0,87,7,20200520,10,0,0,0,Guyana,圭亚那
125,1,27,0,88,1,20200521,10,0,0,0,Guyana,圭亚那
125,0,27,0,88,0,20200522,10,0,0,0,Guyana,圭亚那
127,2,27,0,90,2,20200523,10,0,0,0,Guyana,圭亚那
127,0,27,0,90,0,20200524,10,0,0,0,Guyana,圭亚那
127,0,27,0,90,0,20200525,10,0,0,0,Guyana,圭亚那
135,8,27,0,98,8,20200526,10,0,0,0,Guyana,圭亚那
139,4,27,0,101,3,20200527,11,1,0,0,Guyana,圭亚那
139,0,27,0,101,0,20200528,11,0,0,0,Guyana,圭亚那
139,0,27,0,101,0,20200529,11,0,0,0,Guyana,圭亚那
150,11,27,0,112,11,20200530,11,0,0,0,Guyana,圭亚那
150,0,27,0,112,0,20200531,11,0,0,0,Guyana,圭亚那
152,2,27,0,113,1,20200601,12,1,0,0,Guyana,圭亚那
153,1,27,0,114,1,20200602,12,0,0,0,Guyana,圭亚那
153,0,27,0,114,0,20200603,12,0,0,0,Guyana,圭亚那
153,0,27,0,114,0,20200604,12,0,0,0,Guyana,圭亚那
153,0,27,0,114,0,20200605,12,0,0,0,Guyana,圭亚那
153,0,27,0,114,0,20200606,12,0,0,0,Guyana,圭亚那
153,0,27,0,114,0,20200607,12,0,0,0,Guyana,圭亚那
154,1,27,0,115,1,20200608,12,0,0,0,Guyana,圭亚那
154,0,27,0,115,0,20200609,12,0,0,0,Guyana,圭亚那
154,0,27,0,115,0,20200610,12,0,0,0,Guyana,圭亚那
156,2,27,0,117,2,20200611,12,0,0,0,Guyana,圭亚那
156,0,27,0,117,0,20200612,12,0,0,0,Guyana,圭亚那
158,2,27,0,119,2,20200613,12,0,0,0,Guyana,圭亚那
159,1,27,0,120,1,20200614,12,0,0,0,Guyana,圭亚那
159,0,27,0,120,0,20200615,12,0,0,0,Guyana,圭亚那
159,0,27,0,120,0,20200616,12,0,0,0,Guyana,圭亚那
159,0,27,0,120,0,20200617,12,0,0,0,Guyana,圭亚那
171,12,27,0,132,12,20200618,12,0,0,0,Guyana,圭亚那
183,12,27,0,144,12,20200619,12,0,0,0,Guyana,圭亚那
183,0,27,0,144,0,20200620,12,0,0,0,Guyana,圭亚那
183,0,27,0,144,0,20200621,12,0,0,0,Guyana,圭亚那
183,0,27,0,144,0,20200622,12,0,0,0,Guyana,圭亚那
184,1,27,0,145,1,20200623,12,0,0,0,Guyana,圭亚那
205,21,27,0,166,21,20200624,12,0,0,0,Guyana,圭亚那
206,1,27,0,167,1,20200625,12,0,0,0,Guyana,圭亚那
209,3,27,0,170,3,20200626,12,0,0,0,Guyana,圭亚那
215,6,27,0,176,6,20200627,12,0,0,0,Guyana,圭亚那
230,15,27,0,191,15,20200628,12,0,0,0,Guyana,圭亚那
230,0,27,0,191,0,20200629,12,0,0,0,Guyana,圭亚那
230,0,27,0,191,0,20200630,12,0,0,0,Guyana,圭亚那
235,5,27,0,196,5,20200701,12,0,0,0,Guyana,圭亚那
245,10,27,0,206,10,20200702,12,0,0,0,Guyana,圭亚那
248,3,27,0,209,3,20200703,12,0,0,0,Guyana,圭亚那
250,2,27,0,209,0,20200704,14,2,0,0,Guyana,圭亚那
256,6,27,0,215,6,20200705,14,0,0,0,Guyana,圭亚那
272,16,27,0,231,16,20200706,14,0,0,0,Guyana,圭亚那
278,6,27,0,236,5,20200707,15,1,0,0,Guyana,圭亚那
278,0,27,0,235,-1,20200708,16,1,0,0,Guyana,圭亚那
