﻿confirmedCount,confirmedIncr,curedCount,curedIncr,currentConfirmedCount,currentConfirmedIncr,dateId,deadCount,deadIncr,suspectedCount,suspectedCountIncr,countryFullName,countryName
2,2,0,0,2,2,20200302,0,0,0,0,Iceland,冰岛
9,7,0,0,9,7,20200303,0,0,0,0,Iceland,冰岛
16,7,0,0,16,7,20200304,0,0,0,0,Iceland,冰岛
26,10,0,0,26,10,20200305,0,0,0,0,Iceland,冰岛
26,0,0,0,26,0,20200306,0,0,0,0,Iceland,冰岛
45,19,0,0,45,19,20200307,0,0,0,0,Iceland,冰岛
45,0,0,0,45,0,20200308,0,0,0,0,Iceland,冰岛
55,10,0,0,55,10,20200309,0,0,0,0,Iceland,冰岛
55,0,0,0,55,0,20200310,0,0,0,0,Iceland,冰岛
61,6,0,0,61,6,20200311,0,0,0,0,Iceland,冰岛
61,0,0,0,61,0,20200312,0,0,0,0,Iceland,冰岛
61,0,0,0,61,0,20200313,0,0,0,0,Iceland,冰岛
61,0,0,0,61,0,20200314,0,0,0,0,Iceland,冰岛
138,77,0,0,138,77,20200315,0,0,0,0,Iceland,冰岛
138,0,0,0,138,0,20200316,0,0,0,0,Iceland,冰岛
199,61,0,0,199,61,20200317,0,0,0,0,Iceland,冰岛
225,26,0,0,225,26,20200318,0,0,0,0,Iceland,冰岛
330,105,0,0,330,105,20200319,0,0,0,0,Iceland,冰岛
409,79,0,0,409,79,20200320,0,0,0,0,Iceland,冰岛
473,64,0,0,472,63,20200321,1,1,0,0,Iceland,冰岛
568,95,0,0,567,95,20200322,1,0,0,0,Iceland,冰岛
588,20,0,0,587,20,20200323,1,0,0,0,Iceland,冰岛
648,60,0,0,646,59,20200324,2,1,0,0,Iceland,冰岛
739,91,0,0,737,91,20200325,2,0,0,0,Iceland,冰岛
802,63,0,0,800,63,20200326,2,0,0,0,Iceland,冰岛
890,88,82,82,806,6,20200327,2,0,0,0,Iceland,冰岛
963,73,97,15,864,58,20200328,2,0,0,0,Iceland,冰岛
1020,57,124,27,894,30,20200329,2,0,0,0,Iceland,冰岛
1086,66,157,33,927,33,20200330,2,0,0,0,Iceland,冰岛
1135,49,198,41,935,8,20200331,2,0,0,0,Iceland,冰岛
1220,85,236,38,982,47,20200401,2,0,0,0,Iceland,冰岛
1319,99,284,48,1031,49,20200402,4,2,0,0,Iceland,冰岛
1364,45,336,52,1024,-7,20200403,4,0,0,0,Iceland,冰岛
1417,53,396,60,1017,-7,20200404,4,0,0,0,Iceland,冰岛
1486,69,428,32,1054,37,20200405,4,0,0,0,Iceland,冰岛
1562,76,460,32,1096,42,20200406,6,2,0,0,Iceland,冰岛
1586,24,460,0,1120,24,20200407,6,0,0,0,Iceland,冰岛
1586,0,460,0,1120,0,20200408,6,0,0,0,Iceland,冰岛
1648,62,688,228,954,-166,20200409,6,0,0,0,Iceland,冰岛
1675,27,751,63,917,-37,20200410,7,1,0,0,Iceland,冰岛
1689,14,841,90,840,-77,20200411,8,1,0,0,Iceland,冰岛
1701,12,889,48,804,-36,20200412,8,0,0,0,Iceland,冰岛
1711,10,933,44,770,-34,20200413,8,0,0,0,Iceland,冰岛
1720,9,989,56,723,-47,20200414,8,0,0,0,Iceland,冰岛
1727,7,1077,88,642,-81,20200415,8,0,0,0,Iceland,冰岛
1739,12,1144,67,587,-55,20200416,8,0,0,0,Iceland,冰岛
1754,15,1224,80,521,-66,20200417,9,1,0,0,Iceland,冰岛
1760,6,1291,67,460,-61,20200418,9,0,0,0,Iceland,冰岛
1771,11,1328,37,434,-26,20200419,9,0,0,0,Iceland,冰岛
1773,2,1362,34,401,-33,20200420,10,1,0,0,Iceland,冰岛
1778,5,1417,55,351,-50,20200421,10,0,0,0,Iceland,冰岛
1785,7,1462,45,313,-38,20200422,10,0,0,0,Iceland,冰岛
1789,4,1509,47,270,-43,20200423,10,0,0,0,Iceland,冰岛
1789,0,1542,33,237,-33,20200424,10,0,0,0,Iceland,冰岛
1789,0,1542,0,237,0,20200425,10,0,0,0,Iceland,冰岛
1790,1,1542,0,238,1,20200426,10,0,0,0,Iceland,冰岛
1792,2,1624,82,158,-80,20200427,10,0,0,0,Iceland,冰岛
1795,3,1636,12,149,-9,20200428,10,0,0,0,Iceland,冰岛
1797,2,1656,20,131,-18,20200429,10,0,0,0,Iceland,冰岛
1797,0,1656,0,131,0,20200430,10,0,0,0,Iceland,冰岛
1798,1,1689,33,99,-32,20200501,10,0,0,0,Iceland,冰岛
1798,0,1706,17,82,-17,20200502,10,0,0,0,Iceland,冰岛
1798,0,1706,0,82,0,20200503,10,0,0,0,Iceland,冰岛
1798,0,1706,0,82,0,20200504,10,0,0,0,Iceland,冰岛
1799,1,1706,0,83,1,20200505,10,0,0,0,Iceland,冰岛
1799,0,1706,0,83,0,20200506,10,0,0,0,Iceland,冰岛
1801,2,1755,49,36,-47,20200507,10,0,0,0,Iceland,冰岛
1801,0,1755,0,36,0,20200508,10,0,0,0,Iceland,冰岛
1801,0,1755,0,36,0,20200509,10,0,0,0,Iceland,冰岛
1801,0,1755,0,36,0,20200510,10,0,0,0,Iceland,冰岛
1801,0,1755,0,36,0,20200511,10,0,0,0,Iceland,冰岛
1801,0,1755,0,36,0,20200512,10,0,0,0,Iceland,冰岛
1801,0,1755,0,36,0,20200513,10,0,0,0,Iceland,冰岛
1802,1,1755,0,37,1,20200514,10,0,0,0,Iceland,冰岛
1802,0,1755,0,37,0,20200515,10,0,0,0,Iceland,冰岛
1802,0,1755,0,37,0,20200516,10,0,0,0,Iceland,冰岛
1802,0,1755,0,37,0,20200517,10,0,0,0,Iceland,冰岛
1802,0,1755,0,37,0,20200518,10,0,0,0,Iceland,冰岛
1802,0,1755,0,37,0,20200519,10,0,0,0,Iceland,冰岛
1802,0,1755,0,37,0,20200520,10,0,0,0,Iceland,冰岛
1803,1,1755,0,38,1,20200521,10,0,0,0,Iceland,冰岛
1803,0,1755,0,38,0,20200522,10,0,0,0,Iceland,冰岛
1803,0,1755,0,38,0,20200523,10,0,0,0,Iceland,冰岛
1804,1,1755,0,39,1,20200524,10,0,0,0,Iceland,冰岛
1804,0,1755,0,39,0,20200525,10,0,0,0,Iceland,冰岛
1804,0,1755,0,39,0,20200526,10,0,0,0,Iceland,冰岛
1804,0,1755,0,39,0,20200527,10,0,0,0,Iceland,冰岛
1805,1,1755,0,40,1,20200528,10,0,0,0,Iceland,冰岛
1805,0,1755,0,40,0,20200529,10,0,0,0,Iceland,冰岛
1805,0,1755,0,40,0,20200530,10,0,0,0,Iceland,冰岛
1806,1,1755,0,41,1,20200531,10,0,0,0,Iceland,冰岛
1806,0,1755,0,41,0,20200601,10,0,0,0,Iceland,冰岛
1806,0,1755,0,41,0,20200602,10,0,0,0,Iceland,冰岛
1806,0,1755,0,41,0,20200603,10,0,0,0,Iceland,冰岛
1806,0,1755,0,41,0,20200604,10,0,0,0,Iceland,冰岛
1806,0,1755,0,41,0,20200605,10,0,0,0,Iceland,冰岛
1806,0,1755,0,41,0,20200606,10,0,0,0,Iceland,冰岛
1806,0,1755,0,41,0,20200607,10,0,0,0,Iceland,冰岛
1807,1,1755,0,42,1,20200608,10,0,0,0,Iceland,冰岛
1807,0,1755,0,42,0,20200609,10,0,0,0,Iceland,冰岛
1807,0,1755,0,42,0,20200610,10,0,0,0,Iceland,冰岛
1807,0,1755,0,42,0,20200611,10,0,0,0,Iceland,冰岛
1807,0,1755,0,42,0,20200612,10,0,0,0,Iceland,冰岛
1807,0,1755,0,42,0,20200613,10,0,0,0,Iceland,冰岛
1808,1,1755,0,43,1,20200614,10,0,0,0,Iceland,冰岛
1810,2,1755,0,45,2,20200615,10,0,0,0,Iceland,冰岛
1810,0,1755,0,45,0,20200616,10,0,0,0,Iceland,冰岛
1810,0,1755,0,45,0,20200617,10,0,0,0,Iceland,冰岛
1815,5,1755,0,50,5,20200618,10,0,0,0,Iceland,冰岛
1816,1,1755,0,51,1,20200619,10,0,0,0,Iceland,冰岛
1819,3,1755,0,54,3,20200620,10,0,0,0,Iceland,冰岛
1822,3,1755,0,57,3,20200621,10,0,0,0,Iceland,冰岛
1823,1,1755,0,58,1,20200622,10,0,0,0,Iceland,冰岛
1823,0,1755,0,58,0,20200623,10,0,0,0,Iceland,冰岛
1824,1,1755,0,59,1,20200624,10,0,0,0,Iceland,冰岛
1827,3,1755,0,62,3,20200625,10,0,0,0,Iceland,冰岛
1830,3,1755,0,65,3,20200626,10,0,0,0,Iceland,冰岛
1832,2,1755,0,67,2,20200627,10,0,0,0,Iceland,冰岛
1836,4,1755,0,71,4,20200628,10,0,0,0,Iceland,冰岛
1838,2,1755,0,73,2,20200629,10,0,0,0,Iceland,冰岛
1840,2,1755,0,75,2,20200630,10,0,0,0,Iceland,冰岛
1842,2,1755,0,77,2,20200701,10,0,0,0,Iceland,冰岛
1847,5,1755,0,82,5,20200702,10,0,0,0,Iceland,冰岛
1850,3,1755,0,85,3,20200703,10,0,0,0,Iceland,冰岛
1855,5,1755,0,90,5,20200704,10,0,0,0,Iceland,冰岛
1860,5,1755,0,95,5,20200705,10,0,0,0,Iceland,冰岛
1863,3,1755,0,98,3,20200706,10,0,0,0,Iceland,冰岛
1866,3,1755,0,101,3,20200707,10,0,0,0,Iceland,冰岛
1873,7,1755,0,108,7,20200708,10,0,0,0,Iceland,冰岛
