﻿confirmedCount,confirmedIncr,curedCount,curedIncr,currentConfirmedCount,currentConfirmedIncr,dateId,deadCount,deadIncr,suspectedCount,suspectedCountIncr,countryFullName,countryName
2,2,0,0,0,0,20200220,2,2,0,0,Iran (Islamic Republic of),伊朗
5,3,0,0,3,3,20200221,2,0,0,0,Iran (Islamic Republic of),伊朗
18,13,0,0,14,11,20200222,4,2,0,0,Iran (Islamic Republic of),伊朗
28,10,0,0,23,9,20200223,5,1,0,0,Iran (Islamic Republic of),伊朗
43,15,0,0,35,12,20200224,8,3,0,0,Iran (Islamic Republic of),伊朗
61,18,0,0,49,14,20200225,12,4,0,0,Iran (Islamic Republic of),伊朗
95,34,0,0,80,31,20200226,15,3,0,0,Iran (Islamic Republic of),伊朗
141,46,0,0,119,39,20200227,22,7,0,0,Iran (Islamic Republic of),伊朗
245,104,0,0,219,100,20200228,26,4,0,0,Iran (Islamic Republic of),伊朗
388,143,0,0,354,135,20200229,34,8,0,0,Iran (Islamic Republic of),伊朗
593,205,0,0,550,196,20200301,43,9,0,0,Iran (Islamic Republic of),伊朗
978,385,0,0,924,374,20200302,54,11,0,0,Iran (Islamic Republic of),伊朗
1501,523,0,0,1435,511,20200303,66,12,0,0,Iran (Islamic Republic of),伊朗
2336,835,0,0,2259,824,20200304,77,11,0,0,Iran (Islamic Republic of),伊朗
2922,586,0,0,2830,571,20200305,92,15,0,0,Iran (Islamic Republic of),伊朗
3513,591,0,0,3406,576,20200306,107,15,0,0,Iran (Islamic Republic of),伊朗
4747,1234,0,0,4623,1217,20200307,124,17,0,0,Iran (Islamic Republic of),伊朗
5823,1076,0,0,5678,1055,20200308,145,21,0,0,Iran (Islamic Republic of),伊朗
6566,743,0,0,6372,694,20200309,194,49,0,0,Iran (Islamic Republic of),伊朗
7161,595,0,0,6924,552,20200310,237,43,0,0,Iran (Islamic Republic of),伊朗
8042,881,0,0,7751,827,20200311,291,54,0,0,Iran (Islamic Republic of),伊朗
9000,958,0,0,8646,895,20200312,354,63,0,0,Iran (Islamic Republic of),伊朗
10075,1075,0,0,9646,1000,20200313,429,75,0,0,Iran (Islamic Republic of),伊朗
11364,1289,0,0,10850,1204,20200314,514,85,0,0,Iran (Islamic Republic of),伊朗
12729,1365,4590,4590,7531,-3319,20200315,608,94,0,0,Iran (Islamic Republic of),伊朗
14991,2262,4996,406,9142,1611,20200316,853,245,0,0,Iran (Islamic Republic of),伊朗
16169,1178,5389,393,9792,650,20200317,988,135,0,0,Iran (Islamic Republic of),伊朗
17361,1192,5710,321,10516,724,20200318,1135,147,0,0,Iran (Islamic Republic of),伊朗
18407,1046,5979,269,11144,628,20200319,1284,149,0,0,Iran (Islamic Republic of),伊朗
19644,1237,6745,766,11466,322,20200320,1433,149,0,0,Iran (Islamic Republic of),伊朗
20610,966,7635,890,11419,-47,20200321,1556,123,0,0,Iran (Islamic Republic of),伊朗
21638,1028,7913,278,12040,621,20200322,1685,129,0,0,Iran (Islamic Republic of),伊朗
23049,1411,7913,0,13324,1284,20200323,1812,127,0,0,Iran (Islamic Republic of),伊朗
24811,1762,8913,1000,13964,640,20200324,1934,122,0,0,Iran (Islamic Republic of),伊朗
27017,2206,9625,712,15315,1351,20200325,2077,143,0,0,Iran (Islamic Republic of),伊朗
29406,2389,10457,832,16715,1400,20200326,2234,157,0,0,Iran (Islamic Republic of),伊朗
32332,2926,11133,676,18821,2106,20200327,2378,144,0,0,Iran (Islamic Republic of),伊朗
35408,3076,11679,546,21212,2391,20200328,2517,139,0,0,Iran (Islamic Republic of),伊朗
38309,2901,12391,712,23278,2066,20200329,2640,123,0,0,Iran (Islamic Republic of),伊朗
41495,3186,12391,0,26464,3186,20200330,2640,0,0,0,Iran (Islamic Republic of),伊朗
44606,3111,14656,2265,27052,588,20200331,2898,258,0,0,Iran (Islamic Republic of),伊朗
47593,2987,15473,817,29084,2032,20200401,3036,138,0,0,Iran (Islamic Republic of),伊朗
50468,2875,16711,1238,30597,1513,20200402,3160,124,0,0,Iran (Islamic Republic of),伊朗
53183,2715,17935,1224,31954,1357,20200403,3294,134,0,0,Iran (Islamic Republic of),伊朗
55743,2560,19736,1801,32555,601,20200404,3452,158,0,0,Iran (Islamic Republic of),伊朗
58226,2483,22011,2275,32612,57,20200405,3603,151,0,0,Iran (Islamic Republic of),伊朗
60500,2274,24236,2225,32525,-87,20200406,3739,136,0,0,Iran (Islamic Republic of),伊朗
62589,2089,27039,2803,31678,-847,20200407,3872,133,0,0,Iran (Islamic Republic of),伊朗
67286,4697,29812,2773,33471,1793,20200408,4003,131,0,0,Iran (Islamic Republic of),伊朗
67286,0,32309,2497,30867,-2604,20200409,4110,107,0,0,Iran (Islamic Republic of),伊朗
68192,906,35465,3156,28495,-2372,20200410,4232,122,0,0,Iran (Islamic Republic of),伊朗
70029,1837,41947,6482,23725,-4770,20200411,4357,125,0,0,Iran (Islamic Republic of),伊朗
71686,1657,43894,1947,23318,-407,20200412,4474,117,0,0,Iran (Islamic Republic of),伊朗
73303,1617,45983,2089,22735,-583,20200413,4585,111,0,0,Iran (Islamic Republic of),伊朗
74877,1574,48129,2146,22065,-670,20200414,4683,98,0,0,Iran (Islamic Republic of),伊朗
76389,1512,49933,1804,21679,-386,20200415,4777,94,0,0,Iran (Islamic Republic of),伊朗
77995,1606,52229,2296,20897,-782,20200416,4869,92,0,0,Iran (Islamic Republic of),伊朗
79494,1499,54064,1835,20472,-425,20200417,4958,89,0,0,Iran (Islamic Republic of),伊朗
80868,1374,55987,1923,19850,-622,20200418,5031,73,0,0,Iran (Islamic Republic of),伊朗
82211,1343,57023,1036,20070,220,20200419,5118,87,0,0,Iran (Islamic Republic of),伊朗
83505,1294,59273,2250,19023,-1047,20200420,5209,91,0,0,Iran (Islamic Republic of),伊朗
84802,1297,60965,1692,18540,-483,20200421,5297,88,0,0,Iran (Islamic Republic of),伊朗
85996,1194,63113,2148,17492,-1048,20200422,5391,94,0,0,Iran (Islamic Republic of),伊朗
87026,1030,64843,1730,16702,-790,20200423,5481,90,0,0,Iran (Islamic Republic of),伊朗
88194,1168,66599,1756,16021,-681,20200424,5574,93,0,0,Iran (Islamic Republic of),伊朗
89328,1134,68193,1594,15485,-536,20200425,5650,76,0,0,Iran (Islamic Republic of),伊朗
90481,1153,69657,1464,15114,-371,20200426,5710,60,0,0,Iran (Islamic Republic of),伊朗
91472,991,70933,1276,14733,-381,20200427,5806,96,0,0,Iran (Islamic Republic of),伊朗
92584,1112,72439,1506,14268,-465,20200428,5877,71,0,0,Iran (Islamic Republic of),伊朗
93657,1073,73791,1352,13909,-359,20200429,5957,80,0,0,Iran (Islamic Republic of),伊朗
94640,983,75103,1312,13509,-400,20200430,6028,71,0,0,Iran (Islamic Republic of),伊朗
95646,1006,76318,1215,13237,-272,20200501,6091,63,0,0,Iran (Islamic Republic of),伊朗
96448,802,77350,1032,12942,-295,20200502,6156,65,0,0,Iran (Islamic Republic of),伊朗
97424,976,78422,1072,12799,-143,20200503,6203,47,0,0,Iran (Islamic Republic of),伊朗
98647,1223,79397,975,12973,174,20200504,6277,74,0,0,Iran (Islamic Republic of),伊朗
99970,1323,80475,1078,13155,182,20200505,6340,63,0,0,Iran (Islamic Republic of),伊朗
101650,1680,81587,1112,13645,490,20200506,6418,78,0,0,Iran (Islamic Republic of),伊朗
103135,1485,82744,1157,13905,260,20200507,6486,68,0,0,Iran (Islamic Republic of),伊朗
104691,1556,83837,1093,14313,408,20200508,6541,55,0,0,Iran (Islamic Republic of),伊朗
106220,1529,86064,2227,13567,-746,20200509,6589,48,0,0,Iran (Islamic Republic of),伊朗
107603,1383,86143,79,14820,1253,20200510,6640,51,0,0,Iran (Islamic Republic of),伊朗
109286,1683,87422,1279,15179,359,20200511,6685,45,0,0,Iran (Islamic Republic of),伊朗
110767,1481,88357,935,15677,498,20200512,6733,48,0,0,Iran (Islamic Republic of),伊朗
112725,1958,89428,1071,16514,837,20200513,6783,50,0,0,Iran (Islamic Republic of),伊朗
114533,1808,90539,1111,17140,626,20200514,6854,71,0,0,Iran (Islamic Republic of),伊朗
116635,2102,91836,1297,17897,757,20200515,6902,48,0,0,Iran (Islamic Republic of),伊朗
118392,1757,93147,1311,18308,411,20200516,6937,35,0,0,Iran (Islamic Republic of),伊朗
120198,1806,94464,1317,18746,438,20200517,6988,51,0,0,Iran (Islamic Republic of),伊朗
122492,2294,95661,1197,19774,1028,20200518,7057,69,0,0,Iran (Islamic Republic of),伊朗
124603,2111,97173,1512,20311,537,20200519,7119,62,0,0,Iran (Islamic Republic of),伊朗
126949,2346,98808,1635,20958,647,20200520,7183,64,0,0,Iran (Islamic Republic of),伊朗
129341,2392,100564,1756,21528,570,20200521,7249,66,0,0,Iran (Islamic Republic of),伊朗
131652,2311,102276,1712,22076,548,20200522,7300,51,0,0,Iran (Islamic Republic of),伊朗
133521,1869,104072,1796,22090,14,20200523,7359,59,0,0,Iran (Islamic Republic of),伊朗
135701,2180,105801,1729,22483,393,20200524,7417,58,0,0,Iran (Islamic Republic of),伊朗
137724,2023,107713,1912,22560,77,20200525,7451,34,0,0,Iran (Islamic Republic of),伊朗
139511,1787,109437,1724,22566,6,20200526,7508,57,0,0,Iran (Islamic Republic of),伊朗
141591,2080,111176,1739,22851,285,20200527,7564,56,0,0,Iran (Islamic Republic of),伊朗
143849,2258,112988,1812,23234,383,20200528,7627,63,0,0,Iran (Islamic Republic of),伊朗
146668,2819,114931,1943,24060,826,20200529,7677,50,0,0,Iran (Islamic Republic of),伊朗
148950,2282,116827,1896,24389,329,20200530,7734,57,0,0,Iran (Islamic Republic of),伊朗
151466,2516,118848,2021,24821,432,20200531,7797,63,0,0,Iran (Islamic Republic of),伊朗
154445,2979,121004,2156,25563,742,20200601,7878,81,0,0,Iran (Islamic Republic of),伊朗
157562,3117,123077,2073,26543,980,20200602,7942,64,0,0,Iran (Islamic Republic of),伊朗
160696,3134,125206,2129,27478,935,20200603,8012,70,0,0,Iran (Islamic Republic of),伊朗
164270,3574,127485,2279,28714,1236,20200604,8071,59,0,0,Iran (Islamic Republic of),伊朗
167156,2886,129741,2256,29281,567,20200605,8134,63,0,0,Iran (Islamic Republic of),伊朗
169425,2269,132038,2297,29178,-103,20200606,8209,75,0,0,Iran (Islamic Republic of),伊朗
171789,2364,134349,2311,29149,-29,20200607,8291,82,0,0,Iran (Islamic Republic of),伊朗
173832,2043,136360,2011,29121,-28,20200608,8351,60,0,0,Iran (Islamic Republic of),伊朗
175927,2095,138457,2097,29045,-76,20200609,8425,74,0,0,Iran (Islamic Republic of),伊朗
177938,2011,140590,2133,28842,-203,20200610,8506,81,0,0,Iran (Islamic Republic of),伊朗
180156,2218,142663,2073,28909,67,20200611,8584,78,0,0,Iran (Islamic Republic of),伊朗
182545,2389,144649,1986,29237,328,20200612,8659,75,0,0,Iran (Islamic Republic of),伊朗
184955,2410,146748,2099,29477,240,20200613,8730,71,0,0,Iran (Islamic Republic of),伊朗
187427,2472,148674,1926,29916,439,20200614,8837,107,0,0,Iran (Islamic Republic of),伊朗
189876,2449,150590,1916,30336,420,20200615,8950,113,0,0,Iran (Islamic Republic of),伊朗
192439,2563,152675,2085,30699,363,20200616,9065,115,0,0,Iran (Islamic Republic of),伊朗
195051,2612,154812,2137,31054,355,20200617,9185,120,0,0,Iran (Islamic Republic of),伊朗
197674,2623,156991,2179,31411,357,20200618,9272,87,0,0,Iran (Islamic Republic of),伊朗
200262,2588,159192,2201,31678,267,20200619,9392,120,0,0,Iran (Islamic Republic of),伊朗
202584,2322,161384,2192,31693,15,20200620,9507,115,0,0,Iran (Islamic Republic of),伊朗
204952,2368,163591,2207,31738,45,20200621,9623,116,0,0,Iran (Islamic Republic of),伊朗
207525,2573,166427,2836,31356,-382,20200622,9742,119,0,0,Iran (Islamic Republic of),伊朗
209970,2445,169160,2733,30947,-409,20200623,9863,121,0,0,Iran (Islamic Republic of),伊朗
212501,2531,172096,2936,30409,-538,20200624,9996,133,0,0,Iran (Islamic Republic of),伊朗
215096,2595,175103,3007,29863,-546,20200625,10130,134,0,0,Iran (Islamic Republic of),伊朗
217724,2628,177852,2749,29633,-230,20200626,10239,109,0,0,Iran (Islamic Republic of),伊朗
220180,2456,180661,2809,29155,-478,20200627,10364,125,0,0,Iran (Islamic Republic of),伊朗
222669,2489,183301,2640,28860,-295,20200628,10508,144,0,0,Iran (Islamic Republic of),伊朗
225205,2536,186180,2879,28355,-505,20200629,10670,162,0,0,Iran (Islamic Republic of),伊朗
227662,2457,188758,2578,28087,-268,20200630,10817,147,0,0,Iran (Islamic Republic of),伊朗
230211,2549,191487,2729,27766,-321,20200701,10958,141,0,0,Iran (Islamic Republic of),伊朗
232863,2652,194098,2611,27659,-107,20200702,11106,148,0,0,Iran (Islamic Republic of),伊朗
235429,2566,196464,2366,27705,46,20200703,11260,154,0,0,Iran (Islamic Republic of),伊朗
237878,2449,198949,2485,27521,-184,20200704,11408,148,0,0,Iran (Islamic Republic of),伊朗
240438,2560,201330,2381,27537,16,20200705,11571,163,0,0,Iran (Islamic Republic of),伊朗
243051,2613,204083,2753,27237,-300,20200706,11731,160,0,0,Iran (Islamic Republic of),伊朗
245668,2617,207000,2917,26737,-500,20200707,11931,200,0,0,Iran (Islamic Republic of),伊朗
248379,2711,209463,2463,26832,95,20200708,12084,153,0,0,Iran (Islamic Republic of),伊朗
