﻿confirmedCount,confirmedIncr,curedCount,curedIncr,currentConfirmedCount,currentConfirmedIncr,dateId,deadCount,deadIncr,suspectedCount,suspectedCountIncr,countryFullName,countryName
1,1,0,0,1,1,20200225,0,0,0,0,Iraq,伊拉克
5,4,0,0,5,4,20200226,0,0,0,0,Iraq,伊拉克
6,1,0,0,6,1,20200227,0,0,0,0,Iraq,伊拉克
7,1,0,0,7,1,20200228,0,0,0,0,Iraq,伊拉克
8,1,0,0,8,1,20200229,0,0,0,0,Iraq,伊拉克
13,5,0,0,13,5,20200301,0,0,0,0,Iraq,伊拉克
19,6,0,0,19,6,20200302,0,0,0,0,Iraq,伊拉克
26,7,0,0,26,7,20200303,0,0,0,0,Iraq,伊拉克
31,5,0,0,31,5,20200304,0,0,0,0,Iraq,伊拉克
36,5,0,0,34,3,20200305,2,2,0,0,Iraq,伊拉克
36,0,0,0,34,0,20200306,2,0,0,0,Iraq,伊拉克
44,8,0,0,40,6,20200307,4,2,0,0,Iraq,伊拉克
54,10,0,0,50,10,20200308,4,0,0,0,Iraq,伊拉克
60,6,0,0,54,4,20200309,6,2,0,0,Iraq,伊拉克
61,1,0,0,55,1,20200310,6,0,0,0,Iraq,伊拉克
61,0,0,0,55,0,20200311,6,0,0,0,Iraq,伊拉克
70,9,0,0,63,8,20200312,7,1,0,0,Iraq,伊拉克
70,0,0,0,63,0,20200313,7,0,0,0,Iraq,伊拉克
93,23,0,0,84,21,20200314,9,2,0,0,Iraq,伊拉克
93,0,24,24,60,-24,20200315,9,0,0,0,Iraq,伊拉克
124,31,24,0,91,31,20200316,9,0,0,0,Iraq,伊拉克
124,0,41,17,74,-17,20200317,9,0,0,0,Iraq,伊拉克
154,30,43,2,100,26,20200318,11,2,0,0,Iraq,伊拉克
192,38,49,6,131,31,20200319,12,1,0,0,Iraq,伊拉克
208,16,49,0,142,11,20200320,17,5,0,0,Iraq,伊拉克
214,6,49,0,148,6,20200321,17,0,0,0,Iraq,伊拉克
233,19,57,8,156,8,20200322,20,3,0,0,Iraq,伊拉克
266,33,62,5,181,25,20200323,23,3,0,0,Iraq,伊拉克
316,50,75,13,214,33,20200324,27,4,0,0,Iraq,伊拉克
346,30,89,14,228,14,20200325,29,2,0,0,Iraq,伊拉克
382,36,107,18,239,11,20200326,36,7,0,0,Iraq,伊拉克
458,76,122,15,296,57,20200327,40,4,0,0,Iraq,伊拉克
506,48,131,9,333,37,20200328,42,2,0,0,Iraq,伊拉克
547,41,143,12,362,29,20200329,42,0,0,0,Iraq,伊拉克
630,83,152,9,432,70,20200330,46,4,0,0,Iraq,伊拉克
694,64,170,18,474,42,20200331,50,4,0,0,Iraq,伊拉克
728,34,182,12,494,20,20200401,52,2,0,0,Iraq,伊拉克
772,44,202,20,516,22,20200402,54,2,0,0,Iraq,伊拉克
820,48,202,0,564,48,20200403,54,0,0,0,Iraq,伊拉克
878,58,259,57,563,-1,20200404,56,2,0,0,Iraq,伊拉克
961,83,279,20,621,58,20200405,61,5,0,0,Iraq,伊拉克
1031,70,344,65,623,2,20200406,64,3,0,0,Iraq,伊拉克
1122,91,373,29,684,61,20200407,65,1,0,0,Iraq,伊拉克
1202,80,452,79,681,-3,20200408,69,4,0,0,Iraq,伊拉克
1232,30,496,44,667,-14,20200409,69,0,0,0,Iraq,伊拉克
1279,47,550,54,659,-8,20200410,70,1,0,0,Iraq,伊拉克
1318,39,601,51,645,-14,20200411,72,2,0,0,Iraq,伊拉克
1352,34,640,39,636,-9,20200412,76,4,0,0,Iraq,伊拉克
1378,26,717,77,583,-53,20200413,78,2,0,0,Iraq,伊拉克
1400,22,766,49,556,-27,20200414,78,0,0,0,Iraq,伊拉克
1415,15,812,46,524,-32,20200415,79,1,0,0,Iraq,伊拉克
1434,19,856,44,498,-26,20200416,80,1,0,0,Iraq,伊拉克
1482,48,906,50,495,-3,20200417,81,1,0,0,Iraq,伊拉克
1513,31,953,47,478,-17,20200418,82,1,0,0,Iraq,伊拉克
1539,26,1009,56,448,-30,20200419,82,0,0,0,Iraq,伊拉克
1574,35,1043,34,449,1,20200420,82,0,0,0,Iraq,伊拉克
1602,28,1096,53,423,-26,20200421,83,1,0,0,Iraq,伊拉克
1631,29,1146,50,402,-21,20200422,83,0,0,0,Iraq,伊拉克
1677,46,1171,25,423,21,20200423,83,0,0,0,Iraq,伊拉克
1708,31,1204,33,418,-5,20200424,86,3,0,0,Iraq,伊拉克
1763,55,1224,20,453,35,20200425,86,0,0,0,Iraq,伊拉克
1820,57,1263,39,470,17,20200426,87,1,0,0,Iraq,伊拉克
1847,27,1286,23,473,3,20200427,88,1,0,0,Iraq,伊拉克
1928,81,1319,33,519,46,20200428,90,2,0,0,Iraq,伊拉克
2003,75,1346,27,565,46,20200429,92,2,0,0,Iraq,伊拉克
2085,82,1375,29,617,52,20200430,93,1,0,0,Iraq,伊拉克
2153,68,1414,39,645,28,20200501,94,1,0,0,Iraq,伊拉克
2219,66,1473,59,651,6,20200502,95,1,0,0,Iraq,伊拉克
2296,77,1490,17,709,58,20200503,97,2,0,0,Iraq,伊拉克
2346,50,1544,54,704,-5,20200504,98,1,0,0,Iraq,伊拉克
2431,85,1571,27,758,54,20200505,102,4,0,0,Iraq,伊拉克
2480,49,1602,31,776,18,20200506,102,0,0,0,Iraq,伊拉克
2480,0,1602,0,776,0,20200507,102,0,0,0,Iraq,伊拉克
2603,123,1661,59,838,62,20200508,104,2,0,0,Iraq,伊拉克
2697,94,1702,41,888,50,20200509,107,3,0,0,Iraq,伊拉克
2767,70,1734,32,924,36,20200510,109,2,0,0,Iraq,伊拉克
2818,51,1790,56,918,-6,20200511,110,1,0,0,Iraq,伊拉克
2913,95,1903,113,898,-20,20200512,112,2,0,0,Iraq,伊拉克
3032,119,1966,63,951,53,20200513,115,3,0,0,Iraq,伊拉克
3143,111,2028,62,1000,49,20200514,115,0,0,0,Iraq,伊拉克
3193,50,2089,61,987,-13,20200515,117,2,0,0,Iraq,伊拉克
3260,67,2126,37,1013,26,20200516,121,4,0,0,Iraq,伊拉克
3404,144,2218,92,1063,50,20200517,123,2,0,0,Iraq,伊拉克
3554,150,2310,92,1117,54,20200518,127,4,0,0,Iraq,伊拉克
3611,57,2366,56,1114,-3,20200519,131,4,0,0,Iraq,伊拉克
3724,113,2438,72,1152,38,20200520,134,3,0,0,Iraq,伊拉克
3877,153,2483,45,1254,102,20200521,140,6,0,0,Iraq,伊拉克
3964,87,2532,49,1285,31,20200522,147,7,0,0,Iraq,伊拉克
4272,308,2585,53,1535,250,20200523,152,5,0,0,Iraq,伊拉克
4469,197,2738,153,1571,36,20200524,160,8,0,0,Iraq,伊拉克
4632,163,2811,73,1658,87,20200525,163,3,0,0,Iraq,伊拉克
4848,216,2852,41,1827,169,20200526,169,6,0,0,Iraq,伊拉克
4848,0,2852,0,1827,0,20200527,169,0,0,0,Iraq,伊拉克
5457,609,2971,119,2307,480,20200528,179,10,0,0,Iraq,伊拉克
5873,416,3044,73,2644,337,20200529,185,6,0,0,Iraq,伊拉克
6179,306,3110,66,2874,230,20200530,195,10,0,0,Iraq,伊拉克
6439,260,3156,46,3078,204,20200531,205,10,0,0,Iraq,伊拉克
6868,429,3275,119,3378,300,20200601,215,10,0,0,Iraq,伊拉克
7387,519,3508,233,3644,266,20200602,235,20,0,0,Iraq,伊拉克
8168,781,4095,587,3817,173,20200603,256,21,0,0,Iraq,伊拉克
8840,672,4338,243,4231,414,20200604,271,15,0,0,Iraq,伊拉克
9846,1006,4573,235,4988,757,20200605,285,14,0,0,Iraq,伊拉克
11098,1252,4904,331,5876,888,20200606,318,33,0,0,Iraq,伊拉克
12366,1268,5186,282,6834,958,20200607,346,28,0,0,Iraq,伊拉克
13481,1115,5572,386,7539,705,20200608,370,24,0,0,Iraq,伊拉克
14268,787,5831,259,8045,506,20200609,392,22,0,0,Iraq,伊拉克
15414,1146,6214,383,8774,729,20200610,426,34,0,0,Iraq,伊拉克
16675,1261,6568,354,9650,876,20200611,457,31,0,0,Iraq,伊拉克
17770,1095,6868,300,10406,756,20200612,496,39,0,0,Iraq,伊拉克
18950,1180,7515,647,10886,480,20200613,549,53,0,0,Iraq,伊拉克
20209,1259,8121,606,11481,595,20200614,607,58,0,0,Iraq,伊拉克
21315,1106,9271,1150,11392,-89,20200615,652,45,0,0,Iraq,伊拉克
22700,1385,9862,591,12126,734,20200616,712,60,0,0,Iraq,伊拉克
24254,1554,10770,908,12711,585,20200617,773,61,0,0,Iraq,伊拉克
25717,1463,11333,563,13528,817,20200618,856,83,0,0,Iraq,伊拉克
27352,1635,12205,872,14222,694,20200619,925,69,0,0,Iraq,伊拉克
29222,1870,13211,1006,14998,776,20200620,1013,88,0,0,Iraq,伊拉克
30868,1646,13935,724,15833,835,20200621,1100,87,0,0,Iraq,伊拉克
32676,1808,14785,850,16724,891,20200622,1167,67,0,0,Iraq,伊拉克
34502,1826,15753,968,17498,774,20200623,1251,84,0,0,Iraq,伊拉克
36702,2200,16814,1061,18558,1060,20200624,1330,79,0,0,Iraq,伊拉克
39139,2437,18051,1237,19651,1093,20200625,1437,107,0,0,Iraq,伊拉克
41193,2054,18859,808,20775,1124,20200626,1559,122,0,0,Iraq,伊拉克
43262,2069,19938,1079,21664,889,20200627,1660,101,0,0,Iraq,伊拉克
45402,2140,21122,1184,22524,860,20200628,1756,96,0,0,Iraq,伊拉克
47151,1749,22974,1852,22338,-186,20200629,1839,83,0,0,Iraq,伊拉克
49109,1958,24760,1786,22406,68,20200630,1943,104,0,0,Iraq,伊拉克
51524,2415,26267,1507,23207,801,20200701,2050,107,0,0,Iraq,伊拉克
53708,2184,27912,1645,23636,429,20200702,2160,110,0,0,Iraq,伊拉克
56020,2312,29600,1688,24158,522,20200703,2262,102,0,0,Iraq,伊拉克
58354,2334,31077,1477,24909,751,20200704,2368,106,0,0,Iraq,伊拉克
60479,2125,33017,1940,24989,80,20200705,2473,105,0,0,Iraq,伊拉克
62275,1796,34741,1724,24967,-22,20200706,2567,94,0,0,Iraq,伊拉克
64701,2426,36252,1511,25764,797,20200707,2685,118,0,0,Iraq,伊拉克
67442,2741,37879,1627,26784,1020,20200708,2779,94,0,0,Iraq,伊拉克
