﻿confirmedCount,confirmedIncr,curedCount,curedIncr,currentConfirmedCount,currentConfirmedIncr,dateId,deadCount,deadIncr,suspectedCount,suspectedCountIncr,countryFullName,countryName
1,1,0,0,1,1,20200301,0,0,0,0,Ireland,爱尔兰
1,0,0,0,1,0,20200302,0,0,0,0,Ireland,爱尔兰
1,0,0,0,1,0,20200303,0,0,0,0,Ireland,爱尔兰
2,1,0,0,2,1,20200304,0,0,0,0,Ireland,爱尔兰
2,0,0,0,2,0,20200305,0,0,0,0,Ireland,爱尔兰
14,12,0,0,14,12,20200306,0,0,0,0,Ireland,爱尔兰
18,4,0,0,18,4,20200307,0,0,0,0,Ireland,爱尔兰
19,1,0,0,19,1,20200308,0,0,0,0,Ireland,爱尔兰
21,2,0,0,21,2,20200309,0,0,0,0,Ireland,爱尔兰
24,3,0,0,24,3,20200310,0,0,0,0,Ireland,爱尔兰
34,10,0,0,34,10,20200311,0,0,0,0,Ireland,爱尔兰
43,9,0,0,42,8,20200312,1,1,0,0,Ireland,爱尔兰
70,27,0,0,69,27,20200313,1,0,0,0,Ireland,爱尔兰
90,20,0,0,89,20,20200314,1,0,0,0,Ireland,爱尔兰
129,39,0,0,127,38,20200315,2,1,0,0,Ireland,爱尔兰
169,40,0,0,167,40,20200316,2,0,0,0,Ireland,爱尔兰
223,54,0,0,221,54,20200317,2,0,0,0,Ireland,爱尔兰
292,69,0,0,290,69,20200318,2,0,0,0,Ireland,爱尔兰
557,265,0,0,555,265,20200319,2,0,0,0,Ireland,爱尔兰
683,126,0,0,680,125,20200320,3,1,0,0,Ireland,爱尔兰
785,102,0,0,782,102,20200321,3,0,0,0,Ireland,爱尔兰
906,121,0,0,902,120,20200322,4,1,0,0,Ireland,爱尔兰
1125,219,0,0,1119,217,20200323,6,2,0,0,Ireland,爱尔兰
1329,204,0,0,1322,203,20200324,7,1,0,0,Ireland,爱尔兰
1564,235,0,0,1555,233,20200325,9,2,0,0,Ireland,爱尔兰
1819,255,0,0,1800,245,20200326,19,10,0,0,Ireland,爱尔兰
2121,302,0,0,2099,299,20200327,22,3,0,0,Ireland,爱尔兰
2415,294,0,0,2379,280,20200328,36,14,0,0,Ireland,爱尔兰
2615,200,0,0,2569,190,20200329,46,10,0,0,Ireland,爱尔兰
2910,295,0,0,2856,287,20200330,54,8,0,0,Ireland,爱尔兰
3235,325,0,0,3164,308,20200331,71,17,0,0,Ireland,爱尔兰
3447,212,0,0,3362,198,20200401,85,14,0,0,Ireland,爱尔兰
3849,402,0,0,3751,389,20200402,98,13,0,0,Ireland,爱尔兰
4273,424,0,0,4153,402,20200403,120,22,0,0,Ireland,爱尔兰
4604,331,0,0,4467,314,20200404,137,17,0,0,Ireland,爱尔兰
4994,390,0,0,4836,369,20200405,158,21,0,0,Ireland,爱尔兰
5364,370,0,0,5190,354,20200406,174,16,0,0,Ireland,爱尔兰
5709,345,0,0,5499,309,20200407,210,36,0,0,Ireland,爱尔兰
6074,365,0,0,5839,340,20200408,235,25,0,0,Ireland,爱尔兰
6224,150,0,0,5989,150,20200409,235,0,0,0,Ireland,爱尔兰
7393,1169,62,62,7043,1054,20200410,288,53,0,0,Ireland,爱尔兰
8089,696,62,0,7707,664,20200411,320,32,0,0,Ireland,爱尔兰
9655,1566,62,0,9259,1552,20200412,334,14,0,0,Ireland,爱尔兰
10647,992,62,0,10220,961,20200413,365,31,0,0,Ireland,爱尔兰
11479,832,62,0,11011,791,20200414,406,41,0,0,Ireland,爱尔兰
12547,1068,62,0,12041,1030,20200415,444,38,0,0,Ireland,爱尔兰
13271,724,62,0,12722,681,20200416,487,43,0,0,Ireland,爱尔兰
13980,709,62,0,13388,666,20200417,530,43,0,0,Ireland,爱尔兰
14758,778,62,0,14125,737,20200418,571,41,0,0,Ireland,爱尔兰
15251,493,62,0,14579,454,20200419,610,39,0,0,Ireland,爱尔兰
15652,401,62,0,14903,324,20200420,687,77,0,0,Ireland,爱尔兰
16040,388,62,0,15248,345,20200421,730,43,0,0,Ireland,爱尔兰
16671,631,9233,9171,6669,-8579,20200422,769,39,0,0,Ireland,爱尔兰
17607,936,9233,0,7580,911,20200423,794,25,0,0,Ireland,爱尔兰
18184,577,9233,0,7937,357,20200424,1014,220,0,0,Ireland,爱尔兰
18561,377,9233,0,8265,328,20200425,1063,49,0,0,Ireland,爱尔兰
19262,701,9233,0,8942,677,20200426,1087,24,0,0,Ireland,爱尔兰
19648,386,9233,0,9313,371,20200427,1102,15,0,0,Ireland,爱尔兰
19877,229,9233,0,9485,172,20200428,1159,57,0,0,Ireland,爱尔兰
20253,376,9233,0,9830,345,20200429,1190,31,0,0,Ireland,爱尔兰
20612,359,9233,0,10147,317,20200430,1232,42,0,0,Ireland,爱尔兰
20833,221,9233,0,10335,188,20200501,1265,33,0,0,Ireland,爱尔兰
21176,343,13386,4153,6504,-3831,20200502,1286,21,0,0,Ireland,爱尔兰
21506,330,13386,0,6817,313,20200503,1303,17,0,0,Ireland,爱尔兰
21772,266,13386,0,7067,250,20200504,1319,16,0,0,Ireland,爱尔兰
21983,211,13386,0,7258,191,20200505,1339,20,0,0,Ireland,爱尔兰
22248,265,13386,0,7487,229,20200506,1375,36,0,0,Ireland,爱尔兰
22385,137,13386,0,7596,109,20200507,1403,28,0,0,Ireland,爱尔兰
22541,156,13386,0,7726,130,20200508,1429,26,0,0,Ireland,爱尔兰
22760,219,13386,0,7928,202,20200509,1446,17,0,0,Ireland,爱尔兰
22996,236,13386,0,8152,224,20200510,1458,12,0,0,Ireland,爱尔兰
23135,139,13386,0,8282,130,20200511,1467,9,0,0,Ireland,爱尔兰
23242,107,13386,0,8368,86,20200512,1488,21,0,0,Ireland,爱尔兰
23401,159,13386,0,8518,150,20200513,1497,9,0,0,Ireland,爱尔兰
23827,426,13386,0,8935,417,20200514,1506,9,0,0,Ireland,爱尔兰
23956,129,13386,0,9052,117,20200515,1518,12,0,0,Ireland,爱尔兰
23956,0,13386,0,9052,0,20200516,1518,0,0,0,Ireland,爱尔兰
24048,92,13386,0,9129,77,20200517,1533,15,0,0,Ireland,爱尔兰
24200,152,13386,0,9267,138,20200518,1547,14,0,0,Ireland,爱尔兰
24251,51,13386,0,9304,37,20200519,1561,14,0,0,Ireland,爱尔兰
24315,64,13386,0,9357,53,20200520,1572,11,0,0,Ireland,爱尔兰
24391,76,21060,7674,1748,-7609,20200521,1583,11,0,0,Ireland,爱尔兰
24506,115,21060,0,1854,106,20200522,1592,9,0,0,Ireland,爱尔兰
24582,76,21060,0,1918,64,20200523,1604,12,0,0,Ireland,爱尔兰
24639,57,21060,0,1971,53,20200524,1608,4,0,0,Ireland,爱尔兰
24698,59,21060,0,2030,59,20200525,1608,0,0,0,Ireland,爱尔兰
24735,37,21060,0,1760,-270,20200526,1915,307,0,0,Ireland,爱尔兰
24803,68,21060,0,2112,352,20200527,1631,-284,0,0,Ireland,爱尔兰
24803,0,21060,0,2112,0,20200528,1631,0,0,0,Ireland,爱尔兰
24876,73,21060,0,2171,59,20200529,1645,14,0,0,Ireland,爱尔兰
24929,53,21060,0,2218,47,20200530,1651,6,0,0,Ireland,爱尔兰
24990,61,21060,0,2278,60,20200531,1652,1,0,0,Ireland,爱尔兰
25062,72,21060,0,2352,74,20200601,1650,-2,0,0,Ireland,爱尔兰
25062,0,21060,0,2352,0,20200602,1650,0,0,0,Ireland,爱尔兰
25111,49,21060,0,2392,40,20200603,1659,9,0,0,Ireland,爱尔兰
25111,0,21060,0,2392,0,20200604,1659,0,0,0,Ireland,爱尔兰
25142,31,21060,0,2418,26,20200605,1664,5,0,0,Ireland,爱尔兰
25163,21,21060,0,2433,15,20200606,1670,6,0,0,Ireland,爱尔兰
25183,20,22698,1638,807,-1626,20200607,1678,8,0,0,Ireland,爱尔兰
25210,27,22698,0,829,22,20200608,1683,5,0,0,Ireland,爱尔兰
25210,0,22698,0,829,0,20200609,1683,0,0,0,Ireland,爱尔兰
25231,21,22698,0,838,9,20200610,1695,12,0,0,Ireland,爱尔兰
25238,7,22698,0,837,-1,20200611,1703,8,0,0,Ireland,爱尔兰
25238,0,22698,0,837,0,20200612,1703,0,0,0,Ireland,爱尔兰
25295,57,22698,0,892,55,20200613,1705,2,0,0,Ireland,爱尔兰
25295,0,22698,0,892,0,20200614,1705,0,0,0,Ireland,爱尔兰
25321,26,22698,0,917,25,20200615,1706,1,0,0,Ireland,爱尔兰
25321,0,22698,0,917,0,20200616,1706,0,0,0,Ireland,爱尔兰
25341,20,22698,0,933,16,20200617,1710,4,0,0,Ireland,爱尔兰
25341,0,22698,0,933,0,20200618,1710,0,0,0,Ireland,爱尔兰
25355,14,22698,0,943,10,20200619,1714,4,0,0,Ireland,爱尔兰
25368,13,22698,0,956,13,20200620,1714,0,0,0,Ireland,爱尔兰
25374,6,22698,0,961,5,20200621,1715,1,0,0,Ireland,爱尔兰
25379,5,22698,0,966,5,20200622,1715,0,0,0,Ireland,爱尔兰
25383,4,22698,0,968,2,20200623,1717,2,0,0,Ireland,爱尔兰
25391,8,22698,0,973,5,20200624,1720,3,0,0,Ireland,爱尔兰
25396,5,22698,0,972,-1,20200625,1726,6,0,0,Ireland,爱尔兰
25405,9,22698,0,980,8,20200626,1727,1,0,0,Ireland,爱尔兰
25414,9,22698,0,986,6,20200627,1730,3,0,0,Ireland,爱尔兰
25437,23,23349,651,354,-632,20200628,1734,4,0,0,Ireland,爱尔兰
25439,2,23349,0,355,1,20200629,1735,1,0,0,Ireland,爱尔兰
25462,23,23349,0,378,23,20200630,1735,0,0,0,Ireland,爱尔兰
25473,11,23349,0,388,10,20200701,1736,1,0,0,Ireland,爱尔兰
25477,4,23349,0,390,2,20200702,1738,2,0,0,Ireland,爱尔兰
25489,12,23349,0,402,12,20200703,1738,0,0,0,Ireland,爱尔兰
25498,9,23349,0,409,7,20200704,1740,2,0,0,Ireland,爱尔兰
25509,11,23349,0,419,10,20200705,1741,1,0,0,Ireland,爱尔兰
25527,18,23349,0,437,18,20200706,1741,0,0,0,Ireland,爱尔兰
25531,4,23349,0,441,4,20200707,1741,0,0,0,Ireland,爱尔兰
25538,7,23349,0,446,5,20200708,1743,2,0,0,Ireland,爱尔兰
