﻿confirmedCount,confirmedIncr,curedCount,curedIncr,currentConfirmedCount,currentConfirmedIncr,dateId,deadCount,deadIncr,suspectedCount,suspectedCountIncr,countryFullName,countryName
1,1,0,0,1,1,20200121,0,0,0,0,Japan,日本
1,0,0,0,1,0,20200122,0,0,0,0,Japan,日本
1,0,0,0,1,0,20200123,0,0,0,0,Japan,日本
1,0,0,0,1,0,20200124,0,0,0,0,Japan,日本
3,2,0,0,3,2,20200125,0,0,0,0,Japan,日本
3,0,0,0,3,0,20200126,0,0,0,0,Japan,日本
4,1,0,0,4,1,20200127,0,0,0,0,Japan,日本
6,2,0,0,6,2,20200128,0,0,0,0,Japan,日本
7,1,0,0,7,1,20200129,0,0,0,0,Japan,日本
11,4,0,0,11,4,20200130,0,0,0,0,Japan,日本
14,3,0,0,14,3,20200131,0,0,0,0,Japan,日本
17,3,0,0,17,3,20200201,0,0,0,0,Japan,日本
20,3,0,0,20,3,20200202,0,0,0,0,Japan,日本
20,0,0,0,20,0,20200203,0,0,0,0,Japan,日本
20,0,0,0,20,0,20200204,0,0,0,0,Japan,日本
33,13,0,0,33,13,20200205,0,0,0,0,Japan,日本
25,-8,0,0,25,-8,20200206,0,0,0,0,Japan,日本
25,0,0,0,25,0,20200207,0,0,0,0,Japan,日本
25,0,0,0,25,0,20200208,0,0,0,0,Japan,日本
26,1,0,0,26,1,20200209,0,0,0,0,Japan,日本
26,0,0,0,26,0,20200210,0,0,0,0,Japan,日本
26,0,0,0,26,0,20200211,0,0,0,0,Japan,日本
28,2,0,0,28,2,20200212,0,0,0,0,Japan,日本
29,1,0,0,29,1,20200213,0,0,0,0,Japan,日本
33,4,0,0,32,3,20200214,1,1,0,0,Japan,日本
41,8,0,0,40,8,20200215,1,0,0,0,Japan,日本
53,12,0,0,52,12,20200216,1,0,0,0,Japan,日本
59,6,0,0,58,6,20200217,1,0,0,0,Japan,日本
65,6,0,0,64,6,20200218,1,0,0,0,Japan,日本
73,8,0,0,72,8,20200219,1,0,0,0,Japan,日本
85,12,0,0,84,12,20200220,1,0,0,0,Japan,日本
93,8,0,0,92,8,20200221,1,0,0,0,Japan,日本
105,12,0,0,104,12,20200222,1,0,0,0,Japan,日本
132,27,0,0,131,27,20200223,1,0,0,0,Japan,日本
144,12,0,0,143,12,20200224,1,0,0,0,Japan,日本
157,13,0,0,156,13,20200225,1,0,0,0,Japan,日本
164,7,0,0,163,7,20200226,1,0,0,0,Japan,日本
186,22,0,0,183,20,20200227,3,2,0,0,Japan,日本
210,24,0,0,206,23,20200228,4,1,0,0,Japan,日本
230,20,0,0,225,19,20200229,5,1,0,0,Japan,日本
239,9,0,0,234,9,20200301,5,0,0,0,Japan,日本
254,15,0,0,248,14,20200302,6,1,0,0,Japan,日本
268,14,0,0,262,14,20200303,6,0,0,0,Japan,日本
284,16,0,0,278,16,20200304,6,0,0,0,Japan,日本
317,33,0,0,311,33,20200305,6,0,0,0,Japan,日本
349,32,0,0,343,32,20200306,6,0,0,0,Japan,日本
408,59,0,0,402,59,20200307,6,0,0,0,Japan,日本
455,47,0,0,449,47,20200308,6,0,0,0,Japan,日本
488,33,0,0,481,32,20200309,7,1,0,0,Japan,日本
514,26,0,0,505,24,20200310,9,2,0,0,Japan,日本
568,54,0,0,556,51,20200311,12,3,0,0,Japan,日本
620,52,0,0,605,49,20200312,15,3,0,0,Japan,日本
675,55,0,0,656,51,20200313,19,4,0,0,Japan,日本
716,41,0,0,695,39,20200314,21,2,0,0,Japan,日本
780,64,135,135,623,-72,20200315,22,1,0,0,Japan,日本
814,34,157,22,633,10,20200316,24,2,0,0,Japan,日本
829,15,157,0,644,11,20200317,28,4,0,0,Japan,日本
898,69,157,0,710,66,20200318,31,3,0,0,Japan,日本
959,61,157,0,769,59,20200319,33,2,0,0,Japan,日本
969,10,157,0,778,9,20200320,34,1,0,0,Japan,日本
1054,85,215,58,803,25,20200321,36,2,0,0,Japan,日本
1101,47,215,0,845,42,20200322,41,5,0,0,Japan,日本
1140,39,285,70,813,-32,20200323,42,1,0,0,Japan,日本
1209,69,285,0,881,68,20200324,43,1,0,0,Japan,日本
1277,68,285,0,948,67,20200325,44,1,0,0,Japan,日本
1398,121,359,74,992,44,20200326,47,3,0,0,Japan,日本
1503,105,359,0,1093,101,20200327,51,4,0,0,Japan,日本
1724,221,372,13,1298,205,20200328,54,3,0,0,Japan,日本
1893,169,404,32,1433,135,20200329,56,2,0,0,Japan,日本
1944,51,404,0,1482,49,20200330,58,2,0,0,Japan,日本
2217,273,404,0,1747,265,20200331,66,8,0,0,Japan,日本
2494,277,404,0,2022,275,20200401,68,2,0,0,Japan,日本
2526,32,404,0,2051,29,20200402,71,3,0,0,Japan,日本
3129,603,404,0,2648,597,20200403,77,6,0,0,Japan,日本
3497,368,404,0,3009,361,20200404,84,7,0,0,Japan,日本
3858,361,404,0,3361,352,20200405,93,9,0,0,Japan,日本
4083,225,404,0,3582,221,20200406,97,4,0,0,Japan,日本
4459,376,404,0,3957,375,20200407,98,1,0,0,Japan,日本
4953,494,404,0,4451,494,20200408,98,0,0,0,Japan,日本
5548,595,404,0,5036,585,20200409,108,10,0,0,Japan,日本
6134,586,404,0,5611,575,20200410,119,11,0,0,Japan,日本
6903,769,404,0,6379,768,20200411,120,1,0,0,Japan,日本
7423,520,404,0,6881,502,20200412,138,18,0,0,Japan,日本
7688,265,404,0,7141,260,20200413,143,5,0,0,Japan,日本
8173,485,404,0,7607,466,20200414,162,19,0,0,Japan,日本
8488,315,404,0,7915,308,20200415,169,7,0,0,Japan,日本
9296,808,404,0,8702,787,20200416,190,21,0,0,Japan,日本
9788,492,404,0,9187,485,20200417,197,7,0,0,Japan,日本
9795,7,404,0,9194,7,20200418,197,0,0,0,Japan,日本
10807,1012,404,0,10165,971,20200419,238,41,0,0,Japan,日本
11152,345,1069,665,9822,-343,20200420,261,23,0,0,Japan,日本
11543,391,1069,0,10193,371,20200421,281,20,0,0,Japan,日本
11581,38,1069,0,10229,36,20200422,283,2,0,0,Japan,日本
12429,848,1069,0,11036,807,20200423,324,41,0,0,Japan,日本
12859,430,1069,0,11445,409,20200424,345,21,0,0,Japan,日本
13231,372,1069,0,11802,357,20200425,360,15,0,0,Japan,日本
13441,210,1069,0,12000,198,20200426,372,12,0,0,Japan,日本
13585,144,1069,0,12133,133,20200427,383,11,0,0,Japan,日本
13585,0,1069,0,12133,0,20200428,383,0,0,0,Japan,日本
13852,267,1069,0,12394,261,20200429,389,6,0,0,Japan,日本
14088,236,1069,0,12604,210,20200430,415,26,0,0,Japan,日本
14571,483,3466,2397,10624,-1980,20200501,481,66,0,0,Japan,日本
14571,0,3466,0,10624,0,20200502,481,0,0,0,Japan,日本
15068,497,3466,0,11071,447,20200503,531,50,0,0,Japan,日本
15253,185,3466,0,11231,160,20200504,556,25,0,0,Japan,日本
15253,0,3466,0,11231,0,20200505,556,0,0,0,Japan,日本
15253,0,3466,0,11231,0,20200506,556,0,0,0,Japan,日本
15575,322,3466,0,11519,288,20200507,590,34,0,0,Japan,日本
15663,88,3466,0,11591,72,20200508,606,16,0,0,Japan,日本
15777,114,3466,0,11687,96,20200509,624,18,0,0,Japan,日本
15847,70,8127,4661,7087,-4600,20200510,633,9,0,0,Japan,日本
15847,0,8127,0,7087,0,20200511,633,0,0,0,Japan,日本
16049,202,8920,793,6451,-636,20200512,678,45,0,0,Japan,日本
16103,54,8920,0,6487,36,20200513,696,18,0,0,Japan,日本
16171,68,8920,0,6549,62,20200514,702,6,0,0,Japan,日本
16249,78,8920,0,6602,53,20200515,727,25,0,0,Japan,日本
16249,0,8920,0,6602,0,20200516,727,0,0,0,Japan,日本
16337,88,8920,0,6661,59,20200517,756,29,0,0,Japan,日本
16367,30,11415,2495,4184,-2477,20200518,768,12,0,0,Japan,日本
16391,24,11415,0,4203,19,20200519,773,5,0,0,Japan,日本
16433,42,11415,0,4234,31,20200520,784,11,0,0,Japan,日本
16433,0,11415,0,4234,0,20200521,784,0,0,0,Japan,日本
16541,108,11415,0,4324,90,20200522,802,18,0,0,Japan,日本
16569,28,11415,0,4329,5,20200523,825,23,0,0,Japan,日本
16611,42,11415,0,4357,28,20200524,839,14,0,0,Japan,日本
16623,12,11415,0,4365,8,20200525,843,4,0,0,Japan,日本
16623,0,11415,0,4362,-3,20200526,846,3,0,0,Japan,日本
16688,65,11415,0,4404,42,20200527,869,23,0,0,Japan,日本
16775,87,11415,0,4478,74,20200528,882,13,0,0,Japan,日本
16833,58,11415,0,4529,51,20200529,889,7,0,0,Japan,日本
16877,44,11415,0,4568,39,20200530,894,5,0,0,Japan,日本
16912,35,11415,0,4600,32,20200531,897,3,0,0,Japan,日本
16949,37,14406,2991,1645,-2955,20200601,898,1,0,0,Japan,日本
17000,51,14406,0,1693,48,20200602,901,3,0,0,Japan,日本
17031,31,14406,0,1720,27,20200603,905,4,0,0,Japan,日本
17078,47,14406,0,1762,42,20200604,910,5,0,0,Japan,日本
17118,40,14406,0,1798,36,20200605,914,4,0,0,Japan,日本
17164,46,14406,0,1842,44,20200606,916,2,0,0,Japan,日本
17202,38,14406,0,1880,38,20200607,916,0,0,0,Japan,日本
17223,21,14406,0,1898,18,20200608,919,3,0,0,Japan,日本
17223,0,14406,0,1898,0,20200609,919,0,0,0,Japan,日本
17306,83,14406,0,1978,80,20200610,922,3,0,0,Japan,日本
17348,42,14406,0,2020,42,20200611,922,0,0,0,Japan,日本
17409,61,14406,0,2078,58,20200612,925,3,0,0,Japan,日本
17454,45,14406,0,2121,43,20200613,927,2,0,0,Japan,日本
17529,75,14406,0,2196,75,20200614,927,0,0,0,Japan,日本
17601,72,14406,0,2266,70,20200615,929,2,0,0,Japan,日本
17601,0,14406,0,2266,0,20200616,929,0,0,0,Japan,日本
17689,88,14406,0,2348,82,20200617,935,6,0,0,Japan,日本
17759,70,15930,1524,892,-1456,20200618,937,2,0,0,Japan,日本
17759,0,15930,0,892,0,20200619,937,0,0,0,Japan,日本
17881,122,15930,0,997,105,20200620,954,17,0,0,Japan,日本
17881,0,15930,0,997,0,20200621,954,0,0,0,Japan,日本
17916,35,15930,0,1032,35,20200622,954,0,0,0,Japan,日本
18034,118,15930,0,1139,107,20200623,965,11,0,0,Japan,日本
18130,96,15930,0,1231,92,20200624,969,4,0,0,Japan,日本
18212,82,16320,390,921,-310,20200625,971,2,0,0,Japan,日本
18315,103,16392,72,952,31,20200626,971,0,0,0,Japan,日本
18315,0,16392,0,952,0,20200627,971,0,0,0,Japan,日本
18522,207,16392,0,1158,206,20200628,972,1,0,0,Japan,日本
18592,70,16392,0,1228,70,20200629,972,0,0,0,Japan,日本
18769,177,16392,0,1405,177,20200630,972,0,0,0,Japan,日本
18895,126,16392,0,1527,122,20200701,976,4,0,0,Japan,日本
19090,195,16392,0,1721,194,20200702,977,1,0,0,Japan,日本
19329,239,16731,339,1621,-100,20200703,977,0,0,0,Japan,日本
19329,0,16731,0,1621,0,20200704,977,0,0,0,Japan,日本
19821,492,16959,228,1885,264,20200705,977,0,0,0,Japan,日本
19998,177,16959,0,2061,176,20200706,978,1,0,0,Japan,日本
20209,211,16959,0,2271,210,20200707,979,1,0,0,Japan,日本
20413,204,16959,0,2472,201,20200708,982,3,0,0,Japan,日本
