﻿confirmedCount,confirmedIncr,curedCount,curedIncr,currentConfirmedCount,currentConfirmedIncr,dateId,deadCount,deadIncr,suspectedCount,suspectedCountIncr,countryFullName,countryName
2,2,0,0,2,2,20200316,0,0,0,0,Jersey,泽西岛
2,0,0,0,2,0,20200317,0,0,0,0,Jersey,泽西岛
5,3,0,0,5,3,20200318,0,0,0,0,Jersey,泽西岛
5,0,0,0,5,0,20200319,0,0,0,0,Jersey,泽西岛
12,7,0,0,12,7,20200320,0,0,0,0,Jersey,泽西岛
12,0,0,0,12,0,20200321,0,0,0,0,Jersey,泽西岛
15,3,0,0,15,3,20200322,0,0,0,0,Jersey,泽西岛
15,0,0,0,15,0,20200323,0,0,0,0,Jersey,泽西岛
18,3,0,0,18,3,20200324,0,0,0,0,Jersey,泽西岛
18,0,0,0,18,0,20200325,0,0,0,0,Jersey,泽西岛
18,0,0,0,18,0,20200326,0,0,0,0,Jersey,泽西岛
32,14,0,0,31,13,20200327,1,1,0,0,Jersey,泽西岛
52,20,0,0,51,20,20200328,1,0,0,0,Jersey,泽西岛
61,9,0,0,60,9,20200329,1,0,0,0,Jersey,泽西岛
63,2,0,0,61,1,20200330,2,1,0,0,Jersey,泽西岛
63,0,0,0,61,0,20200331,2,0,0,0,Jersey,泽西岛
63,0,0,0,61,0,20200401,2,0,0,0,Jersey,泽西岛
81,18,0,0,79,18,20200402,2,0,0,0,Jersey,泽西岛
81,0,0,0,79,0,20200403,2,0,0,0,Jersey,泽西岛
118,37,0,0,116,37,20200404,2,0,0,0,Jersey,泽西岛
123,5,0,0,120,4,20200405,3,1,0,0,Jersey,泽西岛
155,32,0,0,152,32,20200406,3,0,0,0,Jersey,泽西岛
155,0,0,0,152,0,20200407,3,0,0,0,Jersey,泽西岛
170,15,0,0,167,15,20200408,3,0,0,0,Jersey,泽西岛
170,0,0,0,167,0,20200409,3,0,0,0,Jersey,泽西岛
170,0,0,0,167,0,20200410,3,0,0,0,Jersey,泽西岛
183,13,0,0,179,12,20200411,4,1,0,0,Jersey,泽西岛
198,15,0,0,194,15,20200412,4,0,0,0,Jersey,泽西岛
198,0,0,0,194,0,20200413,4,0,0,0,Jersey,泽西岛
213,15,0,0,209,15,20200414,4,0,0,0,Jersey,泽西岛
217,4,0,0,213,4,20200415,4,0,0,0,Jersey,泽西岛
217,0,0,0,211,-2,20200416,6,2,0,0,Jersey,泽西岛
219,2,0,0,212,1,20200417,7,1,0,0,Jersey,泽西岛
223,4,0,0,213,1,20200418,10,3,0,0,Jersey,泽西岛
234,11,0,0,223,10,20200419,11,1,0,0,Jersey,泽西岛
245,11,0,0,233,10,20200420,12,1,0,0,Jersey,泽西岛
249,4,0,0,237,4,20200421,12,0,0,0,Jersey,泽西岛
250,1,0,0,236,-1,20200422,14,2,0,0,Jersey,泽西岛
255,5,0,0,241,5,20200423,14,0,0,0,Jersey,泽西岛
255,0,0,0,237,-4,20200424,18,4,0,0,Jersey,泽西岛
276,21,0,0,257,20,20200425,19,1,0,0,Jersey,泽西岛
278,2,0,0,259,2,20200426,19,0,0,0,Jersey,泽西岛
280,2,0,0,261,2,20200427,19,0,0,0,Jersey,泽西岛
281,1,0,0,262,1,20200428,19,0,0,0,Jersey,泽西岛
283,2,0,0,264,2,20200429,19,0,0,0,Jersey,泽西岛
284,1,0,0,264,0,20200430,20,1,0,0,Jersey,泽西岛
290,6,0,0,270,6,20200501,20,0,0,0,Jersey,泽西岛
290,0,0,0,268,-2,20200502,22,2,0,0,Jersey,泽西岛
290,0,0,0,267,-1,20200503,23,1,0,0,Jersey,泽西岛
291,1,0,0,267,0,20200504,24,1,0,0,Jersey,泽西岛
292,1,0,0,268,1,20200505,24,0,0,0,Jersey,泽西岛
293,1,0,0,269,1,20200506,24,0,0,0,Jersey,泽西岛
293,0,0,0,269,0,20200507,24,0,0,0,Jersey,泽西岛
293,0,0,0,268,-1,20200508,25,1,0,0,Jersey,泽西岛
293,0,0,0,268,0,20200509,25,0,0,0,Jersey,泽西岛
293,0,0,0,268,0,20200510,25,0,0,0,Jersey,泽西岛
293,0,0,0,268,0,20200511,25,0,0,0,Jersey,泽西岛
294,1,0,0,269,1,20200512,25,0,0,0,Jersey,泽西岛
294,0,0,0,269,0,20200513,25,0,0,0,Jersey,泽西岛
295,1,0,0,269,0,20200514,26,1,0,0,Jersey,泽西岛
295,0,0,0,269,0,20200515,26,0,0,0,Jersey,泽西岛
297,2,0,0,270,1,20200516,27,1,0,0,Jersey,泽西岛
297,0,0,0,270,0,20200517,27,0,0,0,Jersey,泽西岛
297,0,0,0,270,0,20200518,27,0,0,0,Jersey,泽西岛
302,5,0,0,275,5,20200519,27,0,0,0,Jersey,泽西岛
303,1,0,0,276,1,20200520,27,0,0,0,Jersey,泽西岛
303,0,0,0,275,-1,20200521,28,1,0,0,Jersey,泽西岛
306,3,0,0,277,2,20200522,29,1,0,0,Jersey,泽西岛
306,0,0,0,277,0,20200523,29,0,0,0,Jersey,泽西岛
306,0,0,0,277,0,20200524,29,0,0,0,Jersey,泽西岛
306,0,0,0,277,0,20200525,29,0,0,0,Jersey,泽西岛
306,0,0,0,277,0,20200526,29,0,0,0,Jersey,泽西岛
307,1,0,0,278,1,20200527,29,0,0,0,Jersey,泽西岛
307,0,0,0,278,0,20200528,29,0,0,0,Jersey,泽西岛
308,1,0,0,279,1,20200529,29,0,0,0,Jersey,泽西岛
308,0,0,0,279,0,20200530,29,0,0,0,Jersey,泽西岛
308,0,0,0,279,0,20200531,29,0,0,0,Jersey,泽西岛
308,0,0,0,279,0,20200601,29,0,0,0,Jersey,泽西岛
308,0,0,0,279,0,20200602,29,0,0,0,Jersey,泽西岛
308,0,0,0,279,0,20200603,29,0,0,0,Jersey,泽西岛
308,0,0,0,278,-1,20200604,30,1,0,0,Jersey,泽西岛
309,1,0,0,279,1,20200605,30,0,0,0,Jersey,泽西岛
309,0,0,0,279,0,20200606,30,0,0,0,Jersey,泽西岛
309,0,0,0,279,0,20200607,30,0,0,0,Jersey,泽西岛
311,2,0,0,281,2,20200608,30,0,0,0,Jersey,泽西岛
311,0,0,0,281,0,20200609,30,0,0,0,Jersey,泽西岛
313,2,0,0,283,2,20200610,30,0,0,0,Jersey,泽西岛
313,0,0,0,283,0,20200611,30,0,0,0,Jersey,泽西岛
313,0,0,0,283,0,20200612,30,0,0,0,Jersey,泽西岛
313,0,0,0,283,0,20200613,30,0,0,0,Jersey,泽西岛
313,0,0,0,283,0,20200614,30,0,0,0,Jersey,泽西岛
313,0,0,0,283,0,20200615,30,0,0,0,Jersey,泽西岛
313,0,0,0,283,0,20200616,30,0,0,0,Jersey,泽西岛
313,0,0,0,283,0,20200617,30,0,0,0,Jersey,泽西岛
316,3,0,0,286,3,20200618,30,0,0,0,Jersey,泽西岛
318,2,0,0,288,2,20200619,30,0,0,0,Jersey,泽西岛
318,0,0,0,288,0,20200620,30,0,0,0,Jersey,泽西岛
318,0,0,0,287,-1,20200621,31,1,0,0,Jersey,泽西岛
318,0,0,0,287,0,20200622,31,0,0,0,Jersey,泽西岛
318,0,0,0,287,0,20200623,31,0,0,0,Jersey,泽西岛
318,0,0,0,287,0,20200624,31,0,0,0,Jersey,泽西岛
318,0,0,0,287,0,20200625,31,0,0,0,Jersey,泽西岛
319,1,0,0,288,1,20200626,31,0,0,0,Jersey,泽西岛
319,0,0,0,288,0,20200627,31,0,0,0,Jersey,泽西岛
319,0,0,0,288,0,20200628,31,0,0,0,Jersey,泽西岛
319,0,0,0,288,0,20200629,31,0,0,0,Jersey,泽西岛
319,0,0,0,288,0,20200630,31,0,0,0,Jersey,泽西岛
319,0,0,0,288,0,20200701,31,0,0,0,Jersey,泽西岛
319,0,0,0,288,0,20200702,31,0,0,0,Jersey,泽西岛
319,0,0,0,288,0,20200703,31,0,0,0,Jersey,泽西岛
319,0,0,0,288,0,20200704,31,0,0,0,Jersey,泽西岛
320,1,0,0,289,1,20200705,31,0,0,0,Jersey,泽西岛
320,0,0,0,289,0,20200706,31,0,0,0,Jersey,泽西岛
320,0,0,0,289,0,20200707,31,0,0,0,Jersey,泽西岛
325,5,0,0,294,5,20200708,31,0,0,0,Jersey,泽西岛
