﻿confirmedCount,confirmedIncr,curedCount,curedIncr,currentConfirmedCount,currentConfirmedIncr,dateId,deadCount,deadIncr,suspectedCount,suspectedCountIncr,countryFullName,countryName
1,1,0,0,1,1,20200316,0,0,0,0,Kenya,肯尼亚
3,2,0,0,3,2,20200317,0,0,0,0,Kenya,肯尼亚
3,0,0,0,3,0,20200318,0,0,0,0,Kenya,肯尼亚
7,4,0,0,7,4,20200319,0,0,0,0,Kenya,肯尼亚
7,0,0,0,7,0,20200320,0,0,0,0,Kenya,肯尼亚
7,0,0,0,7,0,20200321,0,0,0,0,Kenya,肯尼亚
15,8,0,0,15,8,20200322,0,0,0,0,Kenya,肯尼亚
16,1,0,0,16,1,20200323,0,0,0,0,Kenya,肯尼亚
25,9,0,0,25,9,20200324,0,0,0,0,Kenya,肯尼亚
28,3,1,1,27,2,20200325,0,0,0,0,Kenya,肯尼亚
31,3,1,0,29,2,20200326,1,1,0,0,Kenya,肯尼亚
31,0,1,0,29,0,20200327,1,0,0,0,Kenya,肯尼亚
38,7,1,0,36,7,20200328,1,0,0,0,Kenya,肯尼亚
42,4,1,0,40,4,20200329,1,0,0,0,Kenya,肯尼亚
50,8,1,0,48,8,20200330,1,0,0,0,Kenya,肯尼亚
59,9,1,0,57,9,20200331,1,0,0,0,Kenya,肯尼亚
81,22,3,2,77,20,20200401,1,0,0,0,Kenya,肯尼亚
110,29,3,0,104,27,20200402,3,2,0,0,Kenya,肯尼亚
122,12,4,1,114,10,20200403,4,1,0,0,Kenya,肯尼亚
126,4,4,0,118,4,20200404,4,0,0,0,Kenya,肯尼亚
142,16,4,0,134,16,20200405,4,0,0,0,Kenya,肯尼亚
158,16,4,0,148,14,20200406,6,2,0,0,Kenya,肯尼亚
172,14,7,3,159,11,20200407,6,0,0,0,Kenya,肯尼亚
179,7,7,0,166,7,20200408,6,0,0,0,Kenya,肯尼亚
184,5,12,5,165,-1,20200409,7,1,0,0,Kenya,肯尼亚
189,5,22,10,160,-5,20200410,7,0,0,0,Kenya,肯尼亚
191,2,24,2,160,0,20200411,7,0,0,0,Kenya,肯尼亚
197,6,25,1,165,5,20200412,7,0,0,0,Kenya,肯尼亚
208,11,40,15,159,-6,20200413,9,2,0,0,Kenya,肯尼亚
216,8,40,0,167,8,20200414,9,0,0,0,Kenya,肯尼亚
225,9,53,13,162,-5,20200415,10,1,0,0,Kenya,肯尼亚
234,9,53,0,170,8,20200416,11,1,0,0,Kenya,肯尼亚
246,12,53,0,182,12,20200417,11,0,0,0,Kenya,肯尼亚
262,16,60,7,189,7,20200418,13,2,0,0,Kenya,肯尼亚
270,8,67,7,189,0,20200419,14,1,0,0,Kenya,肯尼亚
281,11,69,2,198,9,20200420,14,0,0,0,Kenya,肯尼亚
296,15,74,5,208,10,20200421,14,0,0,0,Kenya,肯尼亚
303,7,83,9,206,-2,20200422,14,0,0,0,Kenya,肯尼亚
320,17,89,6,217,11,20200423,14,0,0,0,Kenya,肯尼亚
336,16,94,5,228,11,20200424,14,0,0,0,Kenya,肯尼亚
343,7,98,4,231,3,20200425,14,0,0,0,Kenya,肯尼亚
343,0,98,0,231,0,20200426,14,0,0,0,Kenya,肯尼亚
363,20,114,16,235,4,20200427,14,0,0,0,Kenya,肯尼亚
374,11,124,10,236,1,20200428,14,0,0,0,Kenya,肯尼亚
384,10,129,5,241,5,20200429,14,0,0,0,Kenya,肯尼亚
396,12,144,15,235,-6,20200430,17,3,0,0,Kenya,肯尼亚
411,15,150,6,240,5,20200501,21,4,0,0,Kenya,肯尼亚
435,24,152,2,261,21,20200502,22,1,0,0,Kenya,肯尼亚
465,30,167,15,274,13,20200503,24,2,0,0,Kenya,肯尼亚
490,25,173,6,293,19,20200504,24,0,0,0,Kenya,肯尼亚
535,45,182,9,329,36,20200505,24,0,0,0,Kenya,肯尼亚
582,47,190,8,366,37,20200506,26,2,0,0,Kenya,肯尼亚
607,25,197,7,381,15,20200507,29,3,0,0,Kenya,肯尼亚
607,0,197,0,381,0,20200508,29,0,0,0,Kenya,肯尼亚
649,42,207,10,412,31,20200509,30,1,0,0,Kenya,肯尼亚
672,23,239,32,401,-11,20200510,32,2,0,0,Kenya,肯尼亚
700,28,251,12,416,15,20200511,33,1,0,0,Kenya,肯尼亚
715,15,259,8,420,4,20200512,36,3,0,0,Kenya,肯尼亚
737,22,281,22,416,-4,20200513,40,4,0,0,Kenya,肯尼亚
758,21,284,3,432,16,20200514,42,2,0,0,Kenya,肯尼亚
781,23,284,0,452,20,20200515,45,3,0,0,Kenya,肯尼亚
830,49,301,17,479,27,20200516,50,5,0,0,Kenya,肯尼亚
887,57,313,12,524,45,20200517,50,0,0,0,Kenya,肯尼亚
912,25,336,23,526,2,20200518,50,0,0,0,Kenya,肯尼亚
912,0,336,0,526,0,20200519,50,0,0,0,Kenya,肯尼亚
1029,117,358,22,621,95,20200520,50,0,0,0,Kenya,肯尼亚
1109,80,375,17,684,63,20200521,50,0,0,0,Kenya,肯尼亚
1161,52,380,5,731,47,20200522,50,0,0,0,Kenya,肯尼亚
1192,31,380,0,762,31,20200523,50,0,0,0,Kenya,肯尼亚
1214,22,383,3,780,18,20200524,51,1,0,0,Kenya,肯尼亚
1286,72,402,19,832,52,20200525,52,1,0,0,Kenya,肯尼亚
1348,62,405,3,891,59,20200526,52,0,0,0,Kenya,肯尼亚
1471,123,408,3,1008,117,20200527,55,3,0,0,Kenya,肯尼亚
1618,147,421,13,1139,131,20200528,58,3,0,0,Kenya,肯尼亚
1745,127,438,17,1245,106,20200529,62,4,0,0,Kenya,肯尼亚
1745,0,438,0,1245,0,20200530,62,0,0,0,Kenya,肯尼亚
1962,217,478,40,1420,175,20200531,64,2,0,0,Kenya,肯尼亚
1962,0,478,0,1420,0,20200601,64,0,0,0,Kenya,肯尼亚
2093,131,499,21,1523,103,20200602,71,7,0,0,Kenya,肯尼亚
2216,123,553,54,1589,66,20200603,74,3,0,0,Kenya,肯尼亚
2340,124,592,39,1670,81,20200604,78,4,0,0,Kenya,肯尼亚
2474,134,643,51,1752,82,20200605,79,1,0,0,Kenya,肯尼亚
2600,126,643,0,1874,122,20200606,83,4,0,0,Kenya,肯尼亚
2767,167,752,109,1931,57,20200607,84,1,0,0,Kenya,肯尼亚
2862,95,849,97,1928,-3,20200608,85,1,0,0,Kenya,肯尼亚
2989,127,873,24,2028,100,20200609,88,3,0,0,Kenya,肯尼亚
3094,105,1048,175,1957,-71,20200610,89,1,0,0,Kenya,肯尼亚
3215,121,1092,44,2031,74,20200611,92,3,0,0,Kenya,肯尼亚
3305,90,1164,72,2045,14,20200612,96,4,0,0,Kenya,肯尼亚
3457,152,1221,57,2136,91,20200613,100,4,0,0,Kenya,肯尼亚
3594,137,1221,0,2273,137,20200614,100,0,0,0,Kenya,肯尼亚
3727,133,1286,65,2337,64,20200615,104,4,0,0,Kenya,肯尼亚
3860,133,1326,40,2429,92,20200616,105,1,0,0,Kenya,肯尼亚
4044,184,1353,27,2584,155,20200617,107,2,0,0,Kenya,肯尼亚
4257,213,1459,106,2681,97,20200618,117,10,0,0,Kenya,肯尼亚
4374,117,1550,91,2705,24,20200619,119,2,0,0,Kenya,肯尼亚
4478,104,1586,36,2771,66,20200620,121,2,0,0,Kenya,肯尼亚
4738,260,1607,21,3008,237,20200621,123,2,0,0,Kenya,肯尼亚
4797,59,1680,73,2992,-16,20200622,125,2,0,0,Kenya,肯尼亚
4952,155,1782,102,3042,50,20200623,128,3,0,0,Kenya,肯尼亚
5206,254,1823,41,3253,211,20200624,130,2,0,0,Kenya,肯尼亚
5384,178,1857,34,3395,142,20200625,132,2,0,0,Kenya,肯尼亚
5533,149,1905,48,3491,96,20200626,137,5,0,0,Kenya,肯尼亚
5811,278,1936,31,3734,243,20200627,141,4,0,0,Kenya,肯尼亚
6070,259,1971,35,3956,222,20200628,143,2,0,0,Kenya,肯尼亚
6070,0,1971,0,3955,-1,20200629,144,1,0,0,Kenya,肯尼亚
6366,296,2039,68,4179,224,20200630,148,4,0,0,Kenya,肯尼亚
6673,307,2089,50,4435,256,20200701,149,1,0,0,Kenya,肯尼亚
6941,268,2109,20,4680,245,20200702,152,3,0,0,Kenya,肯尼亚
7188,247,2148,39,4886,206,20200703,154,2,0,0,Kenya,肯尼亚
7577,389,2236,88,5182,296,20200704,159,5,0,0,Kenya,肯尼亚
7886,309,2287,51,5439,257,20200705,160,1,0,0,Kenya,肯尼亚
8067,181,2414,127,5489,50,20200706,164,4,0,0,Kenya,肯尼亚
8250,183,2504,90,5579,90,20200707,167,3,0,0,Kenya,肯尼亚
8528,278,2593,89,5766,187,20200708,169,2,0,0,Kenya,肯尼亚
