﻿confirmedCount,confirmedIncr,curedCount,curedIncr,currentConfirmedCount,currentConfirmedIncr,dateId,deadCount,deadIncr,suspectedCount,suspectedCountIncr,countryFullName,countryName
3,3,0,0,3,3,20200319,0,0,0,0,Kyrgyzstan,吉尔吉斯斯坦
6,3,0,0,6,3,20200320,0,0,0,0,Kyrgyzstan,吉尔吉斯斯坦
12,6,0,0,12,6,20200321,0,0,0,0,Kyrgyzstan,吉尔吉斯斯坦
14,2,0,0,14,2,20200322,0,0,0,0,Kyrgyzstan,吉尔吉斯斯坦
16,2,0,0,16,2,20200323,0,0,0,0,Kyrgyzstan,吉尔吉斯斯坦
16,0,0,0,16,0,20200324,0,0,0,0,Kyrgyzstan,吉尔吉斯斯坦
42,26,0,0,42,26,20200325,0,0,0,0,Kyrgyzstan,吉尔吉斯斯坦
44,2,0,0,44,2,20200326,0,0,0,0,Kyrgyzstan,吉尔吉斯斯坦
58,14,0,0,58,14,20200327,0,0,0,0,Kyrgyzstan,吉尔吉斯斯坦
58,0,0,0,58,0,20200328,0,0,0,0,Kyrgyzstan,吉尔吉斯斯坦
84,26,0,0,84,26,20200329,0,0,0,0,Kyrgyzstan,吉尔吉斯斯坦
84,0,0,0,84,0,20200330,0,0,0,0,Kyrgyzstan,吉尔吉斯斯坦
107,23,0,0,107,23,20200331,0,0,0,0,Kyrgyzstan,吉尔吉斯斯坦
111,4,0,0,111,4,20200401,0,0,0,0,Kyrgyzstan,吉尔吉斯斯坦
116,5,0,0,116,5,20200402,0,0,0,0,Kyrgyzstan,吉尔吉斯斯坦
130,14,0,0,129,13,20200403,1,1,0,0,Kyrgyzstan,吉尔吉斯斯坦
144,14,0,0,143,14,20200404,1,0,0,0,Kyrgyzstan,吉尔吉斯斯坦
147,3,0,0,146,3,20200405,1,0,0,0,Kyrgyzstan,吉尔吉斯斯坦
216,69,16,16,196,50,20200406,4,3,0,0,Kyrgyzstan,吉尔吉斯斯坦
228,12,33,17,191,-5,20200407,4,0,0,0,Kyrgyzstan,吉尔吉斯斯坦
270,42,33,0,233,42,20200408,4,0,0,0,Kyrgyzstan,吉尔吉斯斯坦
280,10,33,0,243,10,20200409,4,0,0,0,Kyrgyzstan,吉尔吉斯斯坦
298,18,33,0,260,17,20200410,5,1,0,0,Kyrgyzstan,吉尔吉斯斯坦
339,41,33,0,301,41,20200411,5,0,0,0,Kyrgyzstan,吉尔吉斯斯坦
377,38,54,21,318,17,20200412,5,0,0,0,Kyrgyzstan,吉尔吉斯斯坦
419,42,67,13,347,29,20200413,5,0,0,0,Kyrgyzstan,吉尔吉斯斯坦
430,11,67,0,358,11,20200414,5,0,0,0,Kyrgyzstan,吉尔吉斯斯坦
449,19,67,0,377,19,20200415,5,0,0,0,Kyrgyzstan,吉尔吉斯斯坦
466,17,67,0,394,17,20200416,5,0,0,0,Kyrgyzstan,吉尔吉斯斯坦
489,23,114,47,370,-24,20200417,5,0,0,0,Kyrgyzstan,吉尔吉斯斯坦
506,17,130,16,371,1,20200418,5,0,0,0,Kyrgyzstan,吉尔吉斯斯坦
554,48,133,3,416,45,20200419,5,0,0,0,Kyrgyzstan,吉尔吉斯斯坦
568,14,201,68,360,-56,20200420,7,2,0,0,Kyrgyzstan,吉尔吉斯斯坦
590,22,201,0,382,22,20200421,7,0,0,0,Kyrgyzstan,吉尔吉斯斯坦
612,22,201,0,404,22,20200422,7,0,0,0,Kyrgyzstan,吉尔吉斯斯坦
631,19,201,0,422,18,20200423,8,1,0,0,Kyrgyzstan,吉尔吉斯斯坦
656,25,322,121,326,-96,20200424,8,0,0,0,Kyrgyzstan,吉尔吉斯斯坦
665,9,345,23,312,-14,20200425,8,0,0,0,Kyrgyzstan,吉尔吉斯斯坦
682,17,370,25,304,-8,20200426,8,0,0,0,Kyrgyzstan,吉尔吉斯斯坦
695,13,395,25,292,-12,20200427,8,0,0,0,Kyrgyzstan,吉尔吉斯斯坦
708,13,416,21,284,-8,20200428,8,0,0,0,Kyrgyzstan,吉尔吉斯斯坦
729,21,437,21,284,0,20200429,8,0,0,0,Kyrgyzstan,吉尔吉斯斯坦
746,17,437,0,301,17,20200430,8,0,0,0,Kyrgyzstan,吉尔吉斯斯坦
756,10,504,67,244,-57,20200501,8,0,0,0,Kyrgyzstan,吉尔吉斯斯坦
769,13,527,23,234,-10,20200502,8,0,0,0,Kyrgyzstan,吉尔吉斯斯坦
795,26,564,37,221,-13,20200503,10,2,0,0,Kyrgyzstan,吉尔吉斯斯坦
830,35,564,0,256,35,20200504,10,0,0,0,Kyrgyzstan,吉尔吉斯斯坦
843,13,564,0,269,13,20200505,10,0,0,0,Kyrgyzstan,吉尔吉斯斯坦
871,28,564,0,295,26,20200506,12,2,0,0,Kyrgyzstan,吉尔吉斯斯坦
895,24,564,0,319,24,20200507,12,0,0,0,Kyrgyzstan,吉尔吉斯斯坦
906,11,564,0,330,11,20200508,12,0,0,0,Kyrgyzstan,吉尔吉斯斯坦
931,25,564,0,355,25,20200509,12,0,0,0,Kyrgyzstan,吉尔吉斯斯坦
1002,71,675,111,315,-40,20200510,12,0,0,0,Kyrgyzstan,吉尔吉斯斯坦
1016,14,675,0,329,14,20200511,12,0,0,0,Kyrgyzstan,吉尔吉斯斯坦
1037,21,675,0,350,21,20200512,12,0,0,0,Kyrgyzstan,吉尔吉斯斯坦
1044,7,675,0,357,7,20200513,12,0,0,0,Kyrgyzstan,吉尔吉斯斯坦
1082,38,675,0,395,38,20200514,12,0,0,0,Kyrgyzstan,吉尔吉斯斯坦
1111,29,675,0,422,27,20200515,14,2,0,0,Kyrgyzstan,吉尔吉斯斯坦
1117,6,675,0,428,6,20200516,14,0,0,0,Kyrgyzstan,吉尔吉斯斯坦
1138,21,675,0,449,21,20200517,14,0,0,0,Kyrgyzstan,吉尔吉斯斯坦
1216,78,827,152,375,-74,20200518,14,0,0,0,Kyrgyzstan,吉尔吉斯斯坦
1243,27,827,0,402,27,20200519,14,0,0,0,Kyrgyzstan,吉尔吉斯斯坦
1270,27,827,0,429,27,20200520,14,0,0,0,Kyrgyzstan,吉尔吉斯斯坦
1313,43,827,0,472,43,20200521,14,0,0,0,Kyrgyzstan,吉尔吉斯斯坦
1350,37,827,0,509,37,20200522,14,0,0,0,Kyrgyzstan,吉尔吉斯斯坦
1365,15,827,0,524,15,20200523,14,0,0,0,Kyrgyzstan,吉尔吉斯斯坦
1403,38,980,153,409,-115,20200524,14,0,0,0,Kyrgyzstan,吉尔吉斯斯坦
1433,30,980,0,437,28,20200525,16,2,0,0,Kyrgyzstan,吉尔吉斯斯坦
1468,35,980,0,472,35,20200526,16,0,0,0,Kyrgyzstan,吉尔吉斯斯坦
1520,52,980,0,524,52,20200527,16,0,0,0,Kyrgyzstan,吉尔吉斯斯坦
1594,74,980,0,598,74,20200528,16,0,0,0,Kyrgyzstan,吉尔吉斯斯坦
1662,68,980,0,666,68,20200529,16,0,0,0,Kyrgyzstan,吉尔吉斯斯坦
1722,60,980,0,726,60,20200530,16,0,0,0,Kyrgyzstan,吉尔吉斯斯坦
1748,26,980,0,752,26,20200531,16,0,0,0,Kyrgyzstan,吉尔吉斯斯坦
1817,69,980,0,821,69,20200601,16,0,0,0,Kyrgyzstan,吉尔吉斯斯坦
1845,28,980,0,848,27,20200602,17,1,0,0,Kyrgyzstan,吉尔吉斯斯坦
1871,26,980,0,871,23,20200603,20,3,0,0,Kyrgyzstan,吉尔吉斯斯坦
1899,28,980,0,899,28,20200604,20,0,0,0,Kyrgyzstan,吉尔吉斯斯坦
1936,37,980,0,934,35,20200605,22,2,0,0,Kyrgyzstan,吉尔吉斯斯坦
1974,38,980,0,972,38,20200606,22,0,0,0,Kyrgyzstan,吉尔吉斯斯坦
2007,33,980,0,1005,33,20200607,22,0,0,0,Kyrgyzstan,吉尔吉斯斯坦
2032,25,980,0,1029,24,20200608,23,1,0,0,Kyrgyzstan,吉尔吉斯斯坦
2055,23,980,0,1051,22,20200609,24,1,0,0,Kyrgyzstan,吉尔吉斯斯坦
2093,38,980,0,1087,36,20200610,26,2,0,0,Kyrgyzstan,吉尔吉斯斯坦
2129,36,1630,650,473,-614,20200611,26,0,0,0,Kyrgyzstan,吉尔吉斯斯坦
2166,37,1630,0,510,37,20200612,26,0,0,0,Kyrgyzstan,吉尔吉斯斯坦
2207,41,1630,0,550,40,20200613,27,1,0,0,Kyrgyzstan,吉尔吉斯斯坦
2285,78,1791,161,467,-83,20200614,27,0,0,0,Kyrgyzstan,吉尔吉斯斯坦
2372,87,1791,0,554,87,20200615,27,0,0,0,Kyrgyzstan,吉尔吉斯斯坦
2472,100,1847,56,596,42,20200616,29,2,0,0,Kyrgyzstan,吉尔吉斯斯坦
2472,0,1847,0,596,0,20200617,29,0,0,0,Kyrgyzstan,吉尔吉斯斯坦
2657,185,1847,0,779,183,20200618,31,2,0,0,Kyrgyzstan,吉尔吉斯斯坦
2789,132,1847,0,910,131,20200619,32,1,0,0,Kyrgyzstan,吉尔吉斯斯坦
2981,192,1847,0,1099,189,20200620,35,3,0,0,Kyrgyzstan,吉尔吉斯斯坦
3151,170,1847,0,1269,170,20200621,35,0,0,0,Kyrgyzstan,吉尔吉斯斯坦
3356,205,1847,0,1469,200,20200622,40,5,0,0,Kyrgyzstan,吉尔吉斯斯坦
3519,163,1847,0,1631,162,20200623,41,1,0,0,Kyrgyzstan,吉尔吉斯斯坦
3726,207,1847,0,1837,206,20200624,42,1,0,0,Kyrgyzstan,吉尔吉斯斯坦
3954,228,1847,0,2064,227,20200625,43,1,0,0,Kyrgyzstan,吉尔吉斯斯坦
4204,250,1847,0,2314,250,20200626,43,0,0,0,Kyrgyzstan,吉尔吉斯斯坦
4204,0,1847,0,2314,0,20200627,43,0,0,0,Kyrgyzstan,吉尔吉斯斯坦
4748,544,2242,395,2459,145,20200628,47,4,0,0,Kyrgyzstan,吉尔吉斯斯坦
5017,269,2242,0,2725,266,20200629,50,3,0,0,Kyrgyzstan,吉尔吉斯斯坦
5296,279,2242,0,2997,272,20200630,57,7,0,0,Kyrgyzstan,吉尔吉斯斯坦
5735,439,2242,0,3431,434,20200701,62,5,0,0,Kyrgyzstan,吉尔吉斯斯坦
6261,526,2530,288,3665,234,20200702,66,4,0,0,Kyrgyzstan,吉尔吉斯斯坦
6767,506,2530,0,4161,496,20200703,76,10,0,0,Kyrgyzstan,吉尔吉斯斯坦
7094,327,2530,0,4486,325,20200704,78,2,0,0,Kyrgyzstan,吉尔吉斯斯坦
7377,283,2802,272,4487,1,20200705,88,10,0,0,Kyrgyzstan,吉尔吉斯斯坦
7691,314,2843,41,4756,269,20200706,92,4,0,0,Kyrgyzstan,吉尔吉斯斯坦
8141,450,2916,73,5126,370,20200707,99,7,0,0,Kyrgyzstan,吉尔吉斯斯坦
8486,345,2983,67,5391,265,20200708,112,13,0,0,Kyrgyzstan,吉尔吉斯斯坦
