﻿confirmedCount,confirmedIncr,curedCount,curedIncr,currentConfirmedCount,currentConfirmedIncr,dateId,deadCount,deadIncr,suspectedCount,suspectedCountIncr,countryFullName,countryName
1,1,0,0,1,1,20200303,0,0,0,0,Latvia,拉脱维亚
1,0,0,0,1,0,20200304,0,0,0,0,Latvia,拉脱维亚
1,0,0,0,1,0,20200305,0,0,0,0,Latvia,拉脱维亚
1,0,0,0,1,0,20200306,0,0,0,0,Latvia,拉脱维亚
1,0,0,0,1,0,20200307,0,0,0,0,Latvia,拉脱维亚
1,0,0,0,1,0,20200308,0,0,0,0,Latvia,拉脱维亚
3,2,0,0,3,2,20200309,0,0,0,0,Latvia,拉脱维亚
6,3,0,0,6,3,20200310,0,0,0,0,Latvia,拉脱维亚
8,2,0,0,8,2,20200311,0,0,0,0,Latvia,拉脱维亚
16,8,0,0,16,8,20200312,0,0,0,0,Latvia,拉脱维亚
16,0,0,0,16,0,20200313,0,0,0,0,Latvia,拉脱维亚
16,0,0,0,16,0,20200314,0,0,0,0,Latvia,拉脱维亚
30,14,0,0,30,14,20200315,0,0,0,0,Latvia,拉脱维亚
31,1,0,0,31,1,20200316,0,0,0,0,Latvia,拉脱维亚
36,5,0,0,36,5,20200317,0,0,0,0,Latvia,拉脱维亚
60,24,0,0,60,24,20200318,0,0,0,0,Latvia,拉脱维亚
86,26,0,0,86,26,20200319,0,0,0,0,Latvia,拉脱维亚
111,25,0,0,111,25,20200320,0,0,0,0,Latvia,拉脱维亚
124,13,0,0,124,13,20200321,0,0,0,0,Latvia,拉脱维亚
139,15,0,0,139,15,20200322,0,0,0,0,Latvia,拉脱维亚
180,41,0,0,180,41,20200323,0,0,0,0,Latvia,拉脱维亚
197,17,0,0,197,17,20200324,0,0,0,0,Latvia,拉脱维亚
221,24,0,0,221,24,20200325,0,0,0,0,Latvia,拉脱维亚
244,23,0,0,244,23,20200326,0,0,0,0,Latvia,拉脱维亚
280,36,0,0,280,36,20200327,0,0,0,0,Latvia,拉脱维亚
305,25,0,0,305,25,20200328,0,0,0,0,Latvia,拉脱维亚
347,42,0,0,347,42,20200329,0,0,0,0,Latvia,拉脱维亚
376,29,0,0,376,29,20200330,0,0,0,0,Latvia,拉脱维亚
398,22,0,0,398,22,20200331,0,0,0,0,Latvia,拉脱维亚
446,48,0,0,446,48,20200401,0,0,0,0,Latvia,拉脱维亚
458,12,0,0,458,12,20200402,0,0,0,0,Latvia,拉脱维亚
493,35,0,0,492,34,20200403,1,1,0,0,Latvia,拉脱维亚
509,16,0,0,508,16,20200404,1,0,0,0,Latvia,拉脱维亚
533,24,0,0,532,24,20200405,1,0,0,0,Latvia,拉脱维亚
542,9,0,0,541,9,20200406,1,0,0,0,Latvia,拉脱维亚
548,6,0,0,546,5,20200407,2,1,0,0,Latvia,拉脱维亚
577,29,0,0,575,29,20200408,2,0,0,0,Latvia,拉脱维亚
589,12,0,0,587,12,20200409,2,0,0,0,Latvia,拉脱维亚
589,0,0,0,587,0,20200410,2,0,0,0,Latvia,拉脱维亚
630,41,0,0,627,40,20200411,3,1,0,0,Latvia,拉脱维亚
651,21,0,0,646,19,20200412,5,2,0,0,Latvia,拉脱维亚
653,2,0,0,648,2,20200413,5,0,0,0,Latvia,拉脱维亚
657,4,0,0,652,4,20200414,5,0,0,0,Latvia,拉脱维亚
666,9,0,0,661,9,20200415,5,0,0,0,Latvia,拉脱维亚
675,9,57,57,613,-48,20200416,5,0,0,0,Latvia,拉脱维亚
682,7,88,31,589,-24,20200417,5,0,0,0,Latvia,拉脱维亚
682,0,88,0,589,0,20200418,5,0,0,0,Latvia,拉脱维亚
727,45,64,-24,658,69,20200419,5,0,0,0,Latvia,拉脱维亚
739,12,64,0,670,12,20200420,5,0,0,0,Latvia,拉脱维亚
748,9,67,3,676,6,20200421,5,0,0,0,Latvia,拉脱维亚
761,13,71,4,679,3,20200422,11,6,0,0,Latvia,拉脱维亚
778,17,133,62,634,-45,20200423,11,0,0,0,Latvia,拉脱维亚
784,6,133,0,639,5,20200424,12,1,0,0,Latvia,拉脱维亚
804,20,267,134,525,-114,20200425,12,0,0,0,Latvia,拉脱维亚
804,0,267,0,525,0,20200426,12,0,0,0,Latvia,拉脱维亚
812,8,267,0,533,8,20200427,12,0,0,0,Latvia,拉脱维亚
818,6,267,0,538,5,20200428,13,1,0,0,Latvia,拉脱维亚
849,31,348,81,486,-52,20200429,15,2,0,0,Latvia,拉脱维亚
858,9,348,0,495,9,20200430,15,0,0,0,Latvia,拉脱维亚
870,12,348,0,506,11,20200501,16,1,0,0,Latvia,拉脱维亚
871,1,348,0,507,1,20200502,16,0,0,0,Latvia,拉脱维亚
871,0,348,0,507,0,20200503,16,0,0,0,Latvia,拉脱维亚
871,0,348,0,507,0,20200504,16,0,0,0,Latvia,拉脱维亚
896,25,348,0,531,24,20200505,17,1,0,0,Latvia,拉脱维亚
900,4,102,-246,781,250,20200506,17,0,0,0,Latvia,拉脱维亚
909,9,105,3,786,5,20200507,18,1,0,0,Latvia,拉脱维亚
909,0,105,0,786,0,20200508,18,0,0,0,Latvia,拉脱维亚
928,19,105,0,805,19,20200509,18,0,0,0,Latvia,拉脱维亚
930,2,105,0,807,2,20200510,18,0,0,0,Latvia,拉脱维亚
946,16,464,359,464,-343,20200511,18,0,0,0,Latvia,拉脱维亚
950,4,464,0,468,4,20200512,18,0,0,0,Latvia,拉脱维亚
950,0,464,0,468,0,20200513,18,0,0,0,Latvia,拉脱维亚
951,1,464,0,468,0,20200514,19,1,0,0,Latvia,拉脱维亚
962,11,464,0,479,11,20200515,19,0,0,0,Latvia,拉脱维亚
970,8,464,0,487,8,20200516,19,0,0,0,Latvia,拉脱维亚
997,27,464,0,514,27,20200517,19,0,0,0,Latvia,拉脱维亚
1008,11,464,0,525,11,20200518,19,0,0,0,Latvia,拉脱维亚
1012,4,464,0,527,2,20200519,21,2,0,0,Latvia,拉脱维亚
1012,0,464,0,527,0,20200520,21,0,0,0,Latvia,拉脱维亚
1016,4,464,0,531,4,20200521,21,0,0,0,Latvia,拉脱维亚
1025,9,464,0,539,8,20200522,22,1,0,0,Latvia,拉脱维亚
1030,5,464,0,544,5,20200523,22,0,0,0,Latvia,拉脱维亚
1046,16,464,0,560,16,20200524,22,0,0,0,Latvia,拉脱维亚
1047,1,464,0,561,1,20200525,22,0,0,0,Latvia,拉脱维亚
1049,2,464,0,563,2,20200526,22,0,0,0,Latvia,拉脱维亚
1053,4,464,0,567,4,20200527,22,0,0,0,Latvia,拉脱维亚
1057,4,464,0,570,3,20200528,23,1,0,0,Latvia,拉脱维亚
1061,4,464,0,573,3,20200529,24,1,0,0,Latvia,拉脱维亚
1064,3,464,0,576,3,20200530,24,0,0,0,Latvia,拉脱维亚
1065,1,464,0,577,1,20200531,24,0,0,0,Latvia,拉脱维亚
1066,1,464,0,578,1,20200601,24,0,0,0,Latvia,拉脱维亚
1071,5,464,0,583,5,20200602,24,0,0,0,Latvia,拉脱维亚
1079,8,464,0,591,8,20200603,24,0,0,0,Latvia,拉脱维亚
1079,0,464,0,591,0,20200604,24,0,0,0,Latvia,拉脱维亚
1082,3,464,0,593,2,20200605,25,1,0,0,Latvia,拉脱维亚
1082,0,464,0,593,0,20200606,25,0,0,0,Latvia,拉脱维亚
1086,4,464,0,597,4,20200607,25,0,0,0,Latvia,拉脱维亚
1088,2,464,0,599,2,20200608,25,0,0,0,Latvia,拉脱维亚
1088,0,464,0,598,-1,20200609,26,1,0,0,Latvia,拉脱维亚
1092,4,464,0,602,4,20200610,26,0,0,0,Latvia,拉脱维亚
1092,0,464,0,602,0,20200611,26,0,0,0,Latvia,拉脱维亚
1094,2,464,0,604,2,20200612,26,0,0,0,Latvia,拉脱维亚
1096,2,464,0,605,1,20200613,27,1,0,0,Latvia,拉脱维亚
1097,1,464,0,605,0,20200614,28,1,0,0,Latvia,拉脱维亚
1097,0,464,0,605,0,20200615,28,0,0,0,Latvia,拉脱维亚
1097,0,464,0,605,0,20200616,28,0,0,0,Latvia,拉脱维亚
1097,0,464,0,605,0,20200617,28,0,0,0,Latvia,拉脱维亚
1104,7,464,0,610,5,20200618,30,2,0,0,Latvia,拉脱维亚
1108,4,464,0,614,4,20200619,30,0,0,0,Latvia,拉脱维亚
1110,2,464,0,616,2,20200620,30,0,0,0,Latvia,拉脱维亚
1111,1,464,0,617,1,20200621,30,0,0,0,Latvia,拉脱维亚
1111,0,464,0,617,0,20200622,30,0,0,0,Latvia,拉脱维亚
1111,0,464,0,617,0,20200623,30,0,0,0,Latvia,拉脱维亚
1111,0,464,0,617,0,20200624,30,0,0,0,Latvia,拉脱维亚
1111,0,464,0,617,0,20200625,30,0,0,0,Latvia,拉脱维亚
1111,0,464,0,617,0,20200626,30,0,0,0,Latvia,拉脱维亚
1112,1,464,0,618,1,20200627,30,0,0,0,Latvia,拉脱维亚
1115,3,464,0,621,3,20200628,30,0,0,0,Latvia,拉脱维亚
1116,1,464,0,622,1,20200629,30,0,0,0,Latvia,拉脱维亚
1117,1,464,0,623,1,20200630,30,0,0,0,Latvia,拉脱维亚
1118,1,464,0,624,1,20200701,30,0,0,0,Latvia,拉脱维亚
1121,3,464,0,627,3,20200702,30,0,0,0,Latvia,拉脱维亚
1122,1,464,0,628,1,20200703,30,0,0,0,Latvia,拉脱维亚
1122,0,464,0,628,0,20200704,30,0,0,0,Latvia,拉脱维亚
1123,1,464,0,629,1,20200705,30,0,0,0,Latvia,拉脱维亚
1124,1,464,0,630,1,20200706,30,0,0,0,Latvia,拉脱维亚
1127,3,464,0,633,3,20200707,30,0,0,0,Latvia,拉脱维亚
1134,7,464,0,640,7,20200708,30,0,0,0,Latvia,拉脱维亚
