﻿confirmedCount,confirmedIncr,curedCount,curedIncr,currentConfirmedCount,currentConfirmedIncr,dateId,deadCount,deadIncr,suspectedCount,suspectedCountIncr,countryFullName,countryName
1,1,0,0,1,1,20200222,0,0,0,0,Lebanon,黎巴嫩
1,0,0,0,1,0,20200223,0,0,0,0,Lebanon,黎巴嫩
1,0,0,0,1,0,20200224,0,0,0,0,Lebanon,黎巴嫩
1,0,0,0,1,0,20200225,0,0,0,0,Lebanon,黎巴嫩
1,0,0,0,1,0,20200226,0,0,0,0,Lebanon,黎巴嫩
2,1,0,0,2,1,20200227,0,0,0,0,Lebanon,黎巴嫩
2,0,0,0,2,0,20200228,0,0,0,0,Lebanon,黎巴嫩
2,0,0,0,2,0,20200229,0,0,0,0,Lebanon,黎巴嫩
2,0,0,0,2,0,20200301,0,0,0,0,Lebanon,黎巴嫩
10,8,0,0,10,8,20200302,0,0,0,0,Lebanon,黎巴嫩
13,3,0,0,13,3,20200303,0,0,0,0,Lebanon,黎巴嫩
13,0,0,0,13,0,20200304,0,0,0,0,Lebanon,黎巴嫩
13,0,0,0,13,0,20200305,0,0,0,0,Lebanon,黎巴嫩
16,3,0,0,16,3,20200306,0,0,0,0,Lebanon,黎巴嫩
22,6,0,0,22,6,20200307,0,0,0,0,Lebanon,黎巴嫩
28,6,0,0,28,6,20200308,0,0,0,0,Lebanon,黎巴嫩
32,4,0,0,32,4,20200309,0,0,0,0,Lebanon,黎巴嫩
41,9,0,0,41,9,20200310,0,0,0,0,Lebanon,黎巴嫩
41,0,0,0,40,-1,20200311,1,1,0,0,Lebanon,黎巴嫩
66,25,0,0,63,23,20200312,3,2,0,0,Lebanon,黎巴嫩
66,0,0,0,63,0,20200313,3,0,0,0,Lebanon,黎巴嫩
77,11,0,0,73,10,20200314,4,1,0,0,Lebanon,黎巴嫩
93,16,1,1,89,16,20200315,3,-1,0,0,Lebanon,黎巴嫩
99,6,1,0,95,6,20200316,3,0,0,0,Lebanon,黎巴嫩
109,10,1,0,105,10,20200317,3,0,0,0,Lebanon,黎巴嫩
120,11,1,0,116,11,20200318,3,0,0,0,Lebanon,黎巴嫩
158,38,1,0,154,38,20200319,3,0,0,0,Lebanon,黎巴嫩
177,19,1,0,172,18,20200320,4,1,0,0,Lebanon,黎巴嫩
230,53,8,7,218,46,20200321,4,0,0,0,Lebanon,黎巴嫩
245,15,8,0,233,15,20200322,4,0,0,0,Lebanon,黎巴嫩
267,22,8,0,255,22,20200323,4,0,0,0,Lebanon,黎巴嫩
304,37,8,0,292,37,20200324,4,0,0,0,Lebanon,黎巴嫩
333,29,8,0,321,29,20200325,4,0,0,0,Lebanon,黎巴嫩
368,35,20,12,342,21,20200326,6,2,0,0,Lebanon,黎巴嫩
391,23,23,3,362,20,20200327,6,0,0,0,Lebanon,黎巴嫩
412,21,27,4,377,15,20200328,8,2,0,0,Lebanon,黎巴嫩
438,26,30,3,398,21,20200329,10,2,0,0,Lebanon,黎巴嫩
446,8,32,2,403,5,20200330,11,1,0,0,Lebanon,黎巴嫩
463,17,35,3,416,13,20200331,12,1,0,0,Lebanon,黎巴嫩
479,16,37,2,430,14,20200401,12,0,0,0,Lebanon,黎巴嫩
494,15,43,6,435,5,20200402,16,4,0,0,Lebanon,黎巴嫩
508,14,46,3,445,10,20200403,17,1,0,0,Lebanon,黎巴嫩
520,12,50,4,453,8,20200404,17,0,0,0,Lebanon,黎巴嫩
527,7,54,4,455,2,20200405,18,1,0,0,Lebanon,黎巴嫩
541,14,55,1,467,12,20200406,19,1,0,0,Lebanon,黎巴嫩
548,7,60,5,469,2,20200407,19,0,0,0,Lebanon,黎巴嫩
575,27,62,2,494,25,20200408,19,0,0,0,Lebanon,黎巴嫩
582,7,62,0,501,7,20200409,19,0,0,0,Lebanon,黎巴嫩
609,27,67,5,522,21,20200410,20,1,0,0,Lebanon,黎巴嫩
619,10,76,9,523,1,20200411,20,0,0,0,Lebanon,黎巴嫩
630,11,77,1,533,10,20200412,20,0,0,0,Lebanon,黎巴嫩
632,2,80,3,532,-1,20200413,20,0,0,0,Lebanon,黎巴嫩
641,9,80,0,540,8,20200414,21,1,0,0,Lebanon,黎巴嫩
658,17,81,1,556,16,20200415,21,0,0,0,Lebanon,黎巴嫩
663,5,85,4,557,1,20200416,21,0,0,0,Lebanon,黎巴嫩
668,5,86,1,561,4,20200417,21,0,0,0,Lebanon,黎巴嫩
672,4,94,8,557,-4,20200418,21,0,0,0,Lebanon,黎巴嫩
673,1,99,5,553,-4,20200419,21,0,0,0,Lebanon,黎巴嫩
677,4,102,3,554,1,20200420,21,0,0,0,Lebanon,黎巴嫩
677,0,103,1,553,-1,20200421,21,0,0,0,Lebanon,黎巴嫩
682,5,108,5,552,-1,20200422,22,1,0,0,Lebanon,黎巴嫩
688,6,140,32,526,-26,20200423,22,0,0,0,Lebanon,黎巴嫩
696,8,140,0,534,8,20200424,22,0,0,0,Lebanon,黎巴嫩
704,8,143,3,537,3,20200425,24,2,0,0,Lebanon,黎巴嫩
707,3,145,2,538,1,20200426,24,0,0,0,Lebanon,黎巴嫩
710,3,145,0,541,3,20200427,24,0,0,0,Lebanon,黎巴嫩
717,7,145,0,548,7,20200428,24,0,0,0,Lebanon,黎巴嫩
721,4,150,5,547,-1,20200429,24,0,0,0,Lebanon,黎巴嫩
725,4,150,0,551,4,20200430,24,0,0,0,Lebanon,黎巴嫩
729,4,192,42,513,-38,20200501,24,0,0,0,Lebanon,黎巴嫩
733,4,197,5,511,-2,20200502,25,1,0,0,Lebanon,黎巴嫩
737,4,200,3,512,1,20200503,25,0,0,0,Lebanon,黎巴嫩
737,0,200,0,512,0,20200504,25,0,0,0,Lebanon,黎巴嫩
740,3,200,0,515,3,20200505,25,0,0,0,Lebanon,黎巴嫩
750,10,206,6,519,4,20200506,25,0,0,0,Lebanon,黎巴嫩
784,34,220,14,539,20,20200507,25,0,0,0,Lebanon,黎巴嫩
796,12,223,3,547,8,20200508,26,1,0,0,Lebanon,黎巴嫩
796,0,223,0,547,0,20200509,26,0,0,0,Lebanon,黎巴嫩
845,49,234,11,585,38,20200510,26,0,0,0,Lebanon,黎巴嫩
859,14,234,0,599,14,20200511,26,0,0,0,Lebanon,黎巴嫩
870,11,234,0,610,11,20200512,26,0,0,0,Lebanon,黎巴嫩
878,8,234,0,618,8,20200513,26,0,0,0,Lebanon,黎巴嫩
886,8,234,0,626,8,20200514,26,0,0,0,Lebanon,黎巴嫩
891,5,234,0,631,5,20200515,26,0,0,0,Lebanon,黎巴嫩
902,11,234,0,642,11,20200516,26,0,0,0,Lebanon,黎巴嫩
928,26,247,13,655,13,20200517,26,0,0,0,Lebanon,黎巴嫩
931,3,247,0,658,3,20200518,26,0,0,0,Lebanon,黎巴嫩
954,23,251,4,677,19,20200519,26,0,0,0,Lebanon,黎巴嫩
961,7,251,0,684,7,20200520,26,0,0,0,Lebanon,黎巴嫩
1024,63,663,412,335,-349,20200521,26,0,0,0,Lebanon,黎巴嫩
1086,62,663,0,397,62,20200522,26,0,0,0,Lebanon,黎巴嫩
1086,0,663,0,397,0,20200523,26,0,0,0,Lebanon,黎巴嫩
1114,28,688,25,400,3,20200524,26,0,0,0,Lebanon,黎巴嫩
1119,5,688,0,405,5,20200525,26,0,0,0,Lebanon,黎巴嫩
1140,21,688,0,426,21,20200526,26,0,0,0,Lebanon,黎巴嫩
1161,21,692,4,443,17,20200527,26,0,0,0,Lebanon,黎巴嫩
1161,0,692,0,443,0,20200528,26,0,0,0,Lebanon,黎巴嫩
1168,7,692,0,450,7,20200529,26,0,0,0,Lebanon,黎巴嫩
1172,4,692,0,454,4,20200530,26,0,0,0,Lebanon,黎巴嫩
1220,48,712,20,481,27,20200531,27,1,0,0,Lebanon,黎巴嫩
1220,0,712,0,481,0,20200601,27,0,0,0,Lebanon,黎巴嫩
1233,13,712,0,494,13,20200602,27,0,0,0,Lebanon,黎巴嫩
1242,9,712,0,503,9,20200603,27,0,0,0,Lebanon,黎巴嫩
1306,64,731,19,547,44,20200604,28,1,0,0,Lebanon,黎巴嫩
1306,0,731,0,547,0,20200605,28,0,0,0,Lebanon,黎巴嫩
1312,6,731,0,553,6,20200606,28,0,0,0,Lebanon,黎巴嫩
1320,8,731,0,560,7,20200607,29,1,0,0,Lebanon,黎巴嫩
1350,30,779,48,541,-19,20200608,30,1,0,0,Lebanon,黎巴嫩
1368,18,795,16,543,2,20200609,30,0,0,0,Lebanon,黎巴嫩
1388,20,832,37,526,-17,20200610,30,0,0,0,Lebanon,黎巴嫩
1388,0,832,0,526,0,20200611,30,0,0,0,Lebanon,黎巴嫩
1402,14,832,0,539,13,20200612,31,1,0,0,Lebanon,黎巴嫩
1422,20,832,0,559,20,20200613,31,0,0,0,Lebanon,黎巴嫩
1442,20,832,0,578,19,20200614,32,1,0,0,Lebanon,黎巴嫩
1464,22,875,43,557,-21,20200615,32,0,0,0,Lebanon,黎巴嫩
1464,0,875,0,557,0,20200616,32,0,0,0,Lebanon,黎巴嫩
1464,0,875,0,557,0,20200617,32,0,0,0,Lebanon,黎巴嫩
1489,25,875,0,582,25,20200618,32,0,0,0,Lebanon,黎巴嫩
1495,6,875,0,588,6,20200619,32,0,0,0,Lebanon,黎巴嫩
1510,15,875,0,603,15,20200620,32,0,0,0,Lebanon,黎巴嫩
1587,77,1006,131,549,-54,20200621,32,0,0,0,Lebanon,黎巴嫩
1587,0,1006,0,549,0,20200622,32,0,0,0,Lebanon,黎巴嫩
1603,16,1006,0,565,16,20200623,32,0,0,0,Lebanon,黎巴嫩
1622,19,1006,0,584,19,20200624,32,0,0,0,Lebanon,黎巴嫩
1644,22,1006,0,605,21,20200625,33,1,0,0,Lebanon,黎巴嫩
1662,18,1006,0,623,18,20200626,33,0,0,0,Lebanon,黎巴嫩
1719,57,1153,147,533,-90,20200627,33,0,0,0,Lebanon,黎巴嫩
1740,21,1153,0,553,20,20200628,34,1,0,0,Lebanon,黎巴嫩
1740,0,1153,0,553,0,20200629,34,0,0,0,Lebanon,黎巴嫩
1778,38,1183,30,561,8,20200630,34,0,0,0,Lebanon,黎巴嫩
1778,0,1183,0,561,0,20200701,34,0,0,0,Lebanon,黎巴嫩
1788,10,1183,0,571,10,20200702,34,0,0,0,Lebanon,黎巴嫩
1830,42,1292,109,503,-68,20200703,35,1,0,0,Lebanon,黎巴嫩
1855,25,1304,12,516,13,20200704,35,0,0,0,Lebanon,黎巴嫩
1855,0,1304,0,516,0,20200705,35,0,0,0,Lebanon,黎巴嫩
1873,18,1304,0,533,17,20200706,36,1,0,0,Lebanon,黎巴嫩
1885,12,1304,0,545,12,20200707,36,0,0,0,Lebanon,黎巴嫩
1907,22,1304,0,567,22,20200708,36,0,0,0,Lebanon,黎巴嫩
