﻿confirmedCount,confirmedIncr,curedCount,curedIncr,currentConfirmedCount,currentConfirmedIncr,dateId,deadCount,deadIncr,suspectedCount,suspectedCountIncr,countryFullName,countryName
1,1,0,0,1,1,20200325,0,0,0,0,Libya,利比亚
1,0,0,0,1,0,20200326,0,0,0,0,Libya,利比亚
1,0,0,0,1,0,20200327,0,0,0,0,Libya,利比亚
1,0,0,0,1,0,20200328,0,0,0,0,Libya,利比亚
3,2,0,0,3,2,20200329,0,0,0,0,Libya,利比亚
8,5,0,0,8,5,20200330,0,0,0,0,Libya,利比亚
8,0,0,0,8,0,20200331,0,0,0,0,Libya,利比亚
10,2,0,0,10,2,20200401,0,0,0,0,Libya,利比亚
11,1,0,0,10,0,20200402,1,1,0,0,Libya,利比亚
11,0,0,0,10,0,20200403,1,0,0,0,Libya,利比亚
17,6,0,0,16,6,20200404,1,0,0,0,Libya,利比亚
18,1,0,0,17,1,20200405,1,0,0,0,Libya,利比亚
19,1,0,0,18,1,20200406,1,0,0,0,Libya,利比亚
21,2,0,0,20,2,20200407,1,0,0,0,Libya,利比亚
21,0,0,0,20,0,20200408,1,0,0,0,Libya,利比亚
21,0,8,8,12,-8,20200409,1,0,0,0,Libya,利比亚
37,16,3,-5,29,17,20200410,5,4,0,0,Libya,利比亚
37,0,3,0,29,0,20200411,5,0,0,0,Libya,利比亚
25,-12,9,6,11,-18,20200412,5,0,0,0,Libya,利比亚
26,1,9,0,16,5,20200413,1,-4,0,0,Libya,利比亚
35,9,9,0,25,9,20200414,1,0,0,0,Libya,利比亚
35,0,9,0,25,0,20200415,1,0,0,0,Libya,利比亚
49,14,11,2,37,12,20200416,1,0,0,0,Libya,利比亚
49,0,11,0,37,0,20200417,1,0,0,0,Libya,利比亚
49,0,11,0,37,0,20200418,1,0,0,0,Libya,利比亚
51,2,11,0,39,2,20200419,1,0,0,0,Libya,利比亚
51,0,11,0,39,0,20200420,1,0,0,0,Libya,利比亚
51,0,14,3,36,-3,20200421,1,0,0,0,Libya,利比亚
59,8,15,1,43,7,20200422,1,0,0,0,Libya,利比亚
60,1,15,0,44,1,20200423,1,0,0,0,Libya,利比亚
60,0,15,0,43,-1,20200424,2,1,0,0,Libya,利比亚
61,1,18,3,41,-2,20200425,2,0,0,0,Libya,利比亚
61,0,18,0,41,0,20200426,2,0,0,0,Libya,利比亚
61,0,18,0,41,0,20200427,2,0,0,0,Libya,利比亚
61,0,18,0,41,0,20200428,2,0,0,0,Libya,利比亚
61,0,18,0,41,0,20200429,2,0,0,0,Libya,利比亚
61,0,18,0,41,0,20200430,2,0,0,0,Libya,利比亚
61,0,18,0,40,-1,20200501,3,1,0,0,Libya,利比亚
63,2,22,4,38,-2,20200502,3,0,0,0,Libya,利比亚
63,0,22,0,38,0,20200503,3,0,0,0,Libya,利比亚
63,0,22,0,38,0,20200504,3,0,0,0,Libya,利比亚
63,0,22,0,38,0,20200505,3,0,0,0,Libya,利比亚
64,1,24,2,37,-1,20200506,3,0,0,0,Libya,利比亚
64,0,24,0,37,0,20200507,3,0,0,0,Libya,利比亚
64,0,24,0,37,0,20200508,3,0,0,0,Libya,利比亚
64,0,24,0,37,0,20200509,3,0,0,0,Libya,利比亚
64,0,24,0,37,0,20200510,3,0,0,0,Libya,利比亚
64,0,24,0,37,0,20200511,3,0,0,0,Libya,利比亚
64,0,24,0,37,0,20200512,3,0,0,0,Libya,利比亚
64,0,24,0,37,0,20200513,3,0,0,0,Libya,利比亚
64,0,24,0,37,0,20200514,3,0,0,0,Libya,利比亚
64,0,24,0,37,0,20200515,3,0,0,0,Libya,利比亚
64,0,24,0,37,0,20200516,3,0,0,0,Libya,利比亚
65,1,24,0,38,1,20200517,3,0,0,0,Libya,利比亚
65,0,24,0,38,0,20200518,3,0,0,0,Libya,利比亚
68,3,35,11,30,-8,20200519,3,0,0,0,Libya,利比亚
68,0,35,0,30,0,20200520,3,0,0,0,Libya,利比亚
71,3,35,0,33,3,20200521,3,0,0,0,Libya,利比亚
71,0,35,0,33,0,20200522,3,0,0,0,Libya,利比亚
72,1,35,0,34,1,20200523,3,0,0,0,Libya,利比亚
75,3,35,0,37,3,20200524,3,0,0,0,Libya,利比亚
75,0,35,0,37,0,20200525,3,0,0,0,Libya,利比亚
75,0,35,0,37,0,20200526,3,0,0,0,Libya,利比亚
77,2,35,0,39,2,20200527,3,0,0,0,Libya,利比亚
99,22,35,0,60,21,20200528,4,1,0,0,Libya,利比亚
105,6,35,0,65,5,20200529,5,1,0,0,Libya,利比亚
118,13,35,0,78,13,20200530,5,0,0,0,Libya,利比亚
130,12,75,40,50,-28,20200531,5,0,0,0,Libya,利比亚
156,26,75,0,76,26,20200601,5,0,0,0,Libya,利比亚
168,12,75,0,88,12,20200602,5,0,0,0,Libya,利比亚
182,14,75,0,102,14,20200603,5,0,0,0,Libya,利比亚
196,14,75,0,116,14,20200604,5,0,0,0,Libya,利比亚
196,0,75,0,116,0,20200605,5,0,0,0,Libya,利比亚
239,43,75,0,159,43,20200606,5,0,0,0,Libya,利比亚
256,17,75,0,176,17,20200607,5,0,0,0,Libya,利比亚
270,14,53,-22,212,36,20200608,5,0,0,0,Libya,利比亚
332,62,57,4,270,58,20200609,5,0,0,0,Libya,利比亚
359,27,58,1,296,26,20200610,5,0,0,0,Libya,利比亚
378,19,58,0,315,19,20200611,5,0,0,0,Libya,利比亚
393,15,58,0,330,15,20200612,5,0,0,0,Libya,利比亚
409,16,58,0,345,15,20200613,6,1,0,0,Libya,利比亚
418,9,58,0,352,7,20200614,8,2,0,0,Libya,利比亚
418,0,58,0,352,0,20200615,8,0,0,0,Libya,利比亚
467,49,58,0,399,47,20200616,10,2,0,0,Libya,利比亚
467,0,58,0,399,0,20200617,10,0,0,0,Libya,利比亚
482,15,58,0,414,15,20200618,10,0,0,0,Libya,利比亚
510,28,58,0,442,28,20200619,10,0,0,0,Libya,利比亚
520,10,58,0,452,10,20200620,10,0,0,0,Libya,利比亚
544,24,98,40,436,-16,20200621,10,0,0,0,Libya,利比亚
571,27,98,0,463,27,20200622,10,0,0,0,Libya,利比亚
571,0,98,0,463,0,20200623,10,0,0,0,Libya,利比亚
639,68,98,0,524,61,20200624,17,7,0,0,Libya,利比亚
639,0,98,0,523,-1,20200625,18,1,0,0,Libya,利比亚
698,59,98,0,582,59,20200626,18,0,0,0,Libya,利比亚
713,15,98,0,597,15,20200627,18,0,0,0,Libya,利比亚
727,14,98,0,611,14,20200628,18,0,0,0,Libya,利比亚
762,35,196,98,545,-66,20200629,21,3,0,0,Libya,利比亚
762,0,196,0,545,0,20200630,21,0,0,0,Libya,利比亚
824,62,196,0,604,59,20200701,24,3,0,0,Libya,利比亚
824,0,196,0,604,0,20200702,24,0,0,0,Libya,利比亚
891,67,196,0,669,65,20200703,26,2,0,0,Libya,利比亚
918,27,196,0,695,26,20200704,27,1,0,0,Libya,利比亚
918,0,196,0,695,0,20200705,27,0,0,0,Libya,利比亚
1046,128,261,65,753,58,20200706,32,5,0,0,Libya,利比亚
1046,0,261,0,753,0,20200707,32,0,0,0,Libya,利比亚
1182,136,261,0,886,133,20200708,35,3,0,0,Libya,利比亚
