﻿confirmedCount,confirmedIncr,curedCount,curedIncr,currentConfirmedCount,currentConfirmedIncr,dateId,deadCount,deadIncr,suspectedCount,suspectedCountIncr,countryFullName,countryName
3,3,0,0,3,3,20200402,0,0,0,0,Malawi,马拉维
3,0,0,0,3,0,20200403,0,0,0,0,Malawi,马拉维
4,1,0,0,4,1,20200404,0,0,0,0,Malawi,马拉维
4,0,0,0,4,0,20200405,0,0,0,0,Malawi,马拉维
5,1,0,0,5,1,20200406,0,0,0,0,Malawi,马拉维
8,3,0,0,7,2,20200407,1,1,0,0,Malawi,马拉维
8,0,0,0,7,0,20200408,1,0,0,0,Malawi,马拉维
8,0,0,0,7,0,20200409,1,0,0,0,Malawi,马拉维
9,1,0,0,8,1,20200410,1,0,0,0,Malawi,马拉维
12,3,0,0,10,2,20200411,2,1,0,0,Malawi,马拉维
12,0,0,0,10,0,20200412,2,0,0,0,Malawi,马拉维
16,4,0,0,14,4,20200413,2,0,0,0,Malawi,马拉维
16,0,0,0,14,0,20200414,2,0,0,0,Malawi,马拉维
16,0,0,0,14,0,20200415,2,0,0,0,Malawi,马拉维
16,0,0,0,14,0,20200416,2,0,0,0,Malawi,马拉维
16,0,0,0,14,0,20200417,2,0,0,0,Malawi,马拉维
17,1,0,0,15,1,20200418,2,0,0,0,Malawi,马拉维
17,0,0,0,15,0,20200419,2,0,0,0,Malawi,马拉维
17,0,0,0,15,0,20200420,2,0,0,0,Malawi,马拉维
18,1,3,3,13,-2,20200421,2,0,0,0,Malawi,马拉维
23,5,3,0,18,5,20200422,2,0,0,0,Malawi,马拉维
33,10,3,0,27,9,20200423,3,1,0,0,Malawi,马拉维
33,0,3,0,27,0,20200424,3,0,0,0,Malawi,马拉维
33,0,3,0,27,0,20200425,3,0,0,0,Malawi,马拉维
33,0,3,0,27,0,20200426,3,0,0,0,Malawi,马拉维
36,3,4,1,29,2,20200427,3,0,0,0,Malawi,马拉维
36,0,4,0,29,0,20200428,3,0,0,0,Malawi,马拉维
36,0,4,0,29,0,20200429,3,0,0,0,Malawi,马拉维
37,1,7,3,27,-2,20200430,3,0,0,0,Malawi,马拉维
37,0,7,0,27,0,20200501,3,0,0,0,Malawi,马拉维
38,1,9,2,26,-1,20200502,3,0,0,0,Malawi,马拉维
38,0,9,0,26,0,20200503,3,0,0,0,Malawi,马拉维
39,1,9,0,27,1,20200504,3,0,0,0,Malawi,马拉维
41,2,9,0,29,2,20200505,3,0,0,0,Malawi,马拉维
43,2,9,0,31,2,20200506,3,0,0,0,Malawi,马拉维
43,0,9,0,31,0,20200507,3,0,0,0,Malawi,马拉维
43,0,9,0,31,0,20200508,3,0,0,0,Malawi,马拉维
56,13,14,5,39,8,20200509,3,0,0,0,Malawi,马拉维
56,0,14,0,39,0,20200510,3,0,0,0,Malawi,马拉维
57,1,24,10,30,-9,20200511,3,0,0,0,Malawi,马拉维
57,0,24,0,30,0,20200512,3,0,0,0,Malawi,马拉维
58,1,24,0,31,1,20200513,3,0,0,0,Malawi,马拉维
63,5,24,0,36,5,20200514,3,0,0,0,Malawi,马拉维
63,0,24,0,36,0,20200515,3,0,0,0,Malawi,马拉维
63,0,24,0,36,0,20200516,3,0,0,0,Malawi,马拉维
65,2,24,0,38,2,20200517,3,0,0,0,Malawi,马拉维
70,5,24,0,43,5,20200518,3,0,0,0,Malawi,马拉维
71,1,27,3,41,-2,20200519,3,0,0,0,Malawi,马拉维
71,0,27,0,41,0,20200520,3,0,0,0,Malawi,马拉维
72,1,27,0,42,1,20200521,3,0,0,0,Malawi,马拉维
72,0,27,0,42,0,20200522,3,0,0,0,Malawi,马拉维
82,10,27,0,52,10,20200523,3,0,0,0,Malawi,马拉维
83,1,27,0,52,0,20200524,4,1,0,0,Malawi,马拉维
83,0,27,0,52,0,20200525,4,0,0,0,Malawi,马拉维
101,18,27,0,70,18,20200526,4,0,0,0,Malawi,马拉维
101,0,27,0,70,0,20200527,4,0,0,0,Malawi,马拉维
101,0,27,0,70,0,20200528,4,0,0,0,Malawi,马拉维
273,172,42,15,227,157,20200529,4,0,0,0,Malawi,马拉维
273,0,42,0,227,0,20200530,4,0,0,0,Malawi,马拉维
279,6,42,0,233,6,20200531,4,0,0,0,Malawi,马拉维
284,5,42,0,238,5,20200601,4,0,0,0,Malawi,马拉维
336,52,42,0,290,52,20200602,4,0,0,0,Malawi,马拉维
358,22,42,0,312,22,20200603,4,0,0,0,Malawi,马拉维
369,11,42,0,323,11,20200604,4,0,0,0,Malawi,马拉维
409,40,55,13,350,27,20200605,4,0,0,0,Malawi,马拉维
409,0,55,0,350,0,20200606,4,0,0,0,Malawi,马拉维
409,0,55,0,350,0,20200607,4,0,0,0,Malawi,马拉维
438,29,55,0,379,29,20200608,4,0,0,0,Malawi,马拉维
443,5,55,0,384,5,20200609,4,0,0,0,Malawi,马拉维
455,12,55,0,396,12,20200610,4,0,0,0,Malawi,马拉维
455,0,55,0,396,0,20200611,4,0,0,0,Malawi,马拉维
481,26,55,0,422,26,20200612,4,0,0,0,Malawi,马拉维
529,48,68,13,456,34,20200613,5,1,0,0,Malawi,马拉维
529,0,68,0,456,0,20200614,5,0,0,0,Malawi,马拉维
547,18,68,0,473,17,20200615,6,1,0,0,Malawi,马拉维
556,9,68,0,482,9,20200616,6,0,0,0,Malawi,马拉维
556,0,68,0,482,0,20200617,6,0,0,0,Malawi,马拉维
572,16,68,0,498,16,20200618,6,0,0,0,Malawi,马拉维
592,20,68,0,516,18,20200619,8,2,0,0,Malawi,马拉维
730,138,258,190,461,-55,20200620,11,3,0,0,Malawi,马拉维
730,0,258,0,461,0,20200621,11,0,0,0,Malawi,马拉维
803,73,258,0,534,73,20200622,11,0,0,0,Malawi,马拉维
848,45,259,1,578,44,20200623,11,0,0,0,Malawi,马拉维
941,93,260,1,670,92,20200624,11,0,0,0,Malawi,马拉维
960,19,260,0,688,18,20200625,12,1,0,0,Malawi,马拉维
1005,45,260,0,732,44,20200626,13,1,0,0,Malawi,马拉维
1038,33,260,0,765,33,20200627,13,0,0,0,Malawi,马拉维
1152,114,260,0,879,114,20200628,13,0,0,0,Malawi,马拉维
1224,72,260,0,950,71,20200629,14,1,0,0,Malawi,马拉维
1265,41,260,0,989,39,20200630,16,2,0,0,Malawi,马拉维
1342,77,271,11,1055,66,20200701,16,0,0,0,Malawi,马拉维
1402,60,317,46,1069,14,20200702,16,0,0,0,Malawi,马拉维
1498,96,317,0,1165,96,20200703,16,0,0,0,Malawi,马拉维
1613,115,317,0,1279,114,20200704,17,1,0,0,Malawi,马拉维
1742,129,317,0,1406,127,20200705,19,2,0,0,Malawi,马拉维
1818,76,317,0,1482,76,20200706,19,0,0,0,Malawi,马拉维
1877,59,345,28,1508,26,20200707,24,5,0,0,Malawi,马拉维
1877,0,345,0,1508,0,20200708,24,0,0,0,Malawi,马拉维
