﻿confirmedCount,confirmedIncr,curedCount,curedIncr,currentConfirmedCount,currentConfirmedIncr,dateId,deadCount,deadIncr,suspectedCount,suspectedCountIncr,countryFullName,countryName
2,2,0,0,2,2,20200308,0,0,0,0,Maldives,马尔代夫
4,2,0,0,4,2,20200309,0,0,0,0,Maldives,马尔代夫
4,0,0,0,4,0,20200310,0,0,0,0,Maldives,马尔代夫
8,4,0,0,8,4,20200311,0,0,0,0,Maldives,马尔代夫
8,0,0,0,8,0,20200312,0,0,0,0,Maldives,马尔代夫
8,0,0,0,8,0,20200313,0,0,0,0,Maldives,马尔代夫
9,1,0,0,9,1,20200314,0,0,0,0,Maldives,马尔代夫
10,1,0,0,10,1,20200315,0,0,0,0,Maldives,马尔代夫
13,3,0,0,13,3,20200316,0,0,0,0,Maldives,马尔代夫
13,0,0,0,13,0,20200317,0,0,0,0,Maldives,马尔代夫
13,0,0,0,13,0,20200318,0,0,0,0,Maldives,马尔代夫
13,0,0,0,13,0,20200319,0,0,0,0,Maldives,马尔代夫
13,0,0,0,13,0,20200320,0,0,0,0,Maldives,马尔代夫
13,0,0,0,13,0,20200321,0,0,0,0,Maldives,马尔代夫
13,0,0,0,13,0,20200322,0,0,0,0,Maldives,马尔代夫
13,0,0,0,13,0,20200323,0,0,0,0,Maldives,马尔代夫
13,0,0,0,13,0,20200324,0,0,0,0,Maldives,马尔代夫
13,0,0,0,13,0,20200325,0,0,0,0,Maldives,马尔代夫
13,0,0,0,13,0,20200326,0,0,0,0,Maldives,马尔代夫
13,0,0,0,13,0,20200327,0,0,0,0,Maldives,马尔代夫
13,0,0,0,13,0,20200328,0,0,0,0,Maldives,马尔代夫
17,4,11,11,6,-7,20200329,0,0,0,0,Maldives,马尔代夫
17,0,11,0,6,0,20200330,0,0,0,0,Maldives,马尔代夫
18,1,13,2,5,-1,20200331,0,0,0,0,Maldives,马尔代夫
18,0,13,0,5,0,20200401,0,0,0,0,Maldives,马尔代夫
18,0,13,0,5,0,20200402,0,0,0,0,Maldives,马尔代夫
19,1,13,0,6,1,20200403,0,0,0,0,Maldives,马尔代夫
19,0,13,0,6,0,20200404,0,0,0,0,Maldives,马尔代夫
19,0,13,0,6,0,20200405,0,0,0,0,Maldives,马尔代夫
19,0,13,0,6,0,20200406,0,0,0,0,Maldives,马尔代夫
19,0,13,0,6,0,20200407,0,0,0,0,Maldives,马尔代夫
19,0,13,0,6,0,20200408,0,0,0,0,Maldives,马尔代夫
19,0,13,0,6,0,20200409,0,0,0,0,Maldives,马尔代夫
19,0,13,0,6,0,20200410,0,0,0,0,Maldives,马尔代夫
19,0,13,0,6,0,20200411,0,0,0,0,Maldives,马尔代夫
20,1,14,1,6,0,20200412,0,0,0,0,Maldives,马尔代夫
20,0,14,0,6,0,20200413,0,0,0,0,Maldives,马尔代夫
20,0,14,0,6,0,20200414,0,0,0,0,Maldives,马尔代夫
20,0,14,0,6,0,20200415,0,0,0,0,Maldives,马尔代夫
23,3,16,2,7,1,20200416,0,0,0,0,Maldives,马尔代夫
28,5,16,0,12,5,20200417,0,0,0,0,Maldives,马尔代夫
34,6,16,0,18,6,20200418,0,0,0,0,Maldives,马尔代夫
52,18,16,0,36,18,20200419,0,0,0,0,Maldives,马尔代夫
67,15,16,0,51,15,20200420,0,0,0,0,Maldives,马尔代夫
67,0,16,0,51,0,20200421,0,0,0,0,Maldives,马尔代夫
85,18,16,0,69,18,20200422,0,0,0,0,Maldives,马尔代夫
94,9,16,0,78,9,20200423,0,0,0,0,Maldives,马尔代夫
128,34,16,0,112,34,20200424,0,0,0,0,Maldives,马尔代夫
141,13,16,0,125,13,20200425,0,0,0,0,Maldives,马尔代夫
191,50,17,1,174,49,20200426,0,0,0,0,Maldives,马尔代夫
226,35,17,0,209,35,20200427,0,0,0,0,Maldives,马尔代夫
250,24,17,0,233,24,20200428,0,0,0,0,Maldives,马尔代夫
277,27,17,0,260,27,20200429,0,0,0,0,Maldives,马尔代夫
396,119,17,0,378,118,20200430,1,1,0,0,Maldives,马尔代夫
481,85,17,0,463,85,20200501,1,0,0,0,Maldives,马尔代夫
519,38,18,1,500,37,20200502,1,0,0,0,Maldives,马尔代夫
519,0,18,0,500,0,20200503,1,0,0,0,Maldives,马尔代夫
527,8,18,0,508,8,20200504,1,0,0,0,Maldives,马尔代夫
573,46,20,2,551,43,20200505,2,1,0,0,Maldives,马尔代夫
573,0,20,0,551,0,20200506,2,0,0,0,Maldives,马尔代夫
648,75,20,0,626,75,20200507,2,0,0,0,Maldives,马尔代夫
733,85,20,0,710,84,20200508,3,1,0,0,Maldives,马尔代夫
785,52,29,9,753,43,20200509,3,0,0,0,Maldives,马尔代夫
785,0,29,0,753,0,20200510,3,0,0,0,Maldives,马尔代夫
835,50,29,0,803,50,20200511,3,0,0,0,Maldives,马尔代夫
897,62,29,0,865,62,20200512,3,0,0,0,Maldives,马尔代夫
904,7,29,0,872,7,20200513,3,0,0,0,Maldives,马尔代夫
968,64,29,0,935,63,20200514,4,1,0,0,Maldives,马尔代夫
1020,52,29,0,987,52,20200515,4,0,0,0,Maldives,马尔代夫
1078,58,58,29,1016,29,20200516,4,0,0,0,Maldives,马尔代夫
1078,0,58,0,1016,0,20200517,4,0,0,0,Maldives,马尔代夫
1094,16,58,0,1032,16,20200518,4,0,0,0,Maldives,马尔代夫
1143,49,80,22,1059,27,20200519,4,0,0,0,Maldives,马尔代夫
1186,43,91,11,1091,32,20200520,4,0,0,0,Maldives,马尔代夫
1216,30,91,0,1121,30,20200521,4,0,0,0,Maldives,马尔代夫
1274,58,91,0,1179,58,20200522,4,0,0,0,Maldives,马尔代夫
1313,39,91,0,1218,39,20200523,4,0,0,0,Maldives,马尔代夫
1313,0,91,0,1218,0,20200524,4,0,0,0,Maldives,马尔代夫
1395,82,91,0,1300,82,20200525,4,0,0,0,Maldives,马尔代夫
1438,43,155,64,1278,-22,20200526,5,1,0,0,Maldives,马尔代夫
1457,19,197,42,1255,-23,20200527,5,0,0,0,Maldives,马尔代夫
1513,56,197,0,1311,56,20200528,5,0,0,0,Maldives,马尔代夫
1547,34,197,0,1345,34,20200529,5,0,0,0,Maldives,马尔代夫
1633,86,230,33,1398,53,20200530,5,0,0,0,Maldives,马尔代夫
1672,39,230,0,1437,39,20200531,5,0,0,0,Maldives,马尔代夫
1829,157,488,258,1335,-102,20200601,6,1,0,0,Maldives,马尔代夫
1829,0,488,0,1335,0,20200602,6,0,0,0,Maldives,马尔代夫
1841,12,488,0,1346,11,20200603,7,1,0,0,Maldives,马尔代夫
1872,31,648,160,1217,-129,20200604,7,0,0,0,Maldives,马尔代夫
1872,0,717,69,1148,-69,20200605,7,0,0,0,Maldives,马尔代夫
1883,11,717,0,1159,11,20200606,7,0,0,0,Maldives,马尔代夫
1901,18,717,0,1176,17,20200607,8,1,0,0,Maldives,马尔代夫
1903,2,717,0,1178,2,20200608,8,0,0,0,Maldives,马尔代夫
1942,39,1010,293,924,-254,20200609,8,0,0,0,Maldives,马尔代夫
1942,0,1010,0,924,0,20200610,8,0,0,0,Maldives,马尔代夫
1962,20,1010,0,944,20,20200611,8,0,0,0,Maldives,马尔代夫
1976,14,1010,0,958,14,20200612,8,0,0,0,Maldives,马尔代夫
2003,27,1010,0,985,27,20200613,8,0,0,0,Maldives,马尔代夫
2035,32,1311,301,716,-269,20200614,8,0,0,0,Maldives,马尔代夫
2065,30,1540,229,517,-199,20200615,8,0,0,0,Maldives,马尔代夫
2065,0,1540,0,517,0,20200616,8,0,0,0,Maldives,马尔代夫
2065,0,1540,0,517,0,20200617,8,0,0,0,Maldives,马尔代夫
2120,55,1540,0,572,55,20200618,8,0,0,0,Maldives,马尔代夫
2137,17,1540,0,589,17,20200619,8,0,0,0,Maldives,马尔代夫
2187,50,1788,248,391,-198,20200620,8,0,0,0,Maldives,马尔代夫
2187,0,1788,0,391,0,20200621,8,0,0,0,Maldives,马尔代夫
2203,16,1788,0,407,16,20200622,8,0,0,0,Maldives,马尔代夫
2238,35,1829,41,401,-6,20200623,8,0,0,0,Maldives,马尔代夫
2260,22,1839,10,413,12,20200624,8,0,0,0,Maldives,马尔代夫
2277,17,1848,9,421,8,20200625,8,0,0,0,Maldives,马尔代夫
2277,0,1848,0,421,0,20200626,8,0,0,0,Maldives,马尔代夫
2305,28,1875,27,422,1,20200627,8,0,0,0,Maldives,马尔代夫
2305,0,1875,0,422,0,20200628,8,0,0,0,Maldives,马尔代夫
2324,19,1875,0,441,19,20200629,8,0,0,0,Maldives,马尔代夫
2361,37,1944,69,408,-33,20200630,9,1,0,0,Maldives,马尔代夫
2382,21,1954,10,419,11,20200701,9,0,0,0,Maldives,马尔代夫
2382,0,1954,0,419,0,20200702,9,0,0,0,Maldives,马尔代夫
2410,28,1976,22,424,5,20200703,10,1,0,0,Maldives,马尔代夫
2435,25,2030,54,395,-29,20200704,10,0,0,0,Maldives,马尔代夫
2468,33,2049,19,409,14,20200705,10,0,0,0,Maldives,马尔代夫
2468,0,2049,0,408,-1,20200706,11,1,0,0,Maldives,马尔代夫
2491,23,2049,0,430,22,20200707,12,1,0,0,Maldives,马尔代夫
2501,10,2049,0,440,10,20200708,12,0,0,0,Maldives,马尔代夫
