﻿confirmedCount,confirmedIncr,curedCount,curedIncr,currentConfirmedCount,currentConfirmedIncr,dateId,deadCount,deadIncr,suspectedCount,suspectedCountIncr,countryFullName,countryName
2,2,0,0,2,2,20200325,0,0,0,0,Mali,马里
2,0,0,0,2,0,20200326,0,0,0,0,Mali,马里
11,9,0,0,11,9,20200327,0,0,0,0,Mali,马里
18,7,0,0,18,7,20200328,0,0,0,0,Mali,马里
20,2,0,0,19,1,20200329,1,1,0,0,Mali,马里
25,5,0,0,23,4,20200330,2,1,0,0,Mali,马里
28,3,0,0,26,3,20200331,2,0,0,0,Mali,马里
31,3,0,0,28,2,20200401,3,1,0,0,Mali,马里
36,5,0,0,33,5,20200402,3,0,0,0,Mali,马里
39,3,0,0,36,3,20200403,3,0,0,0,Mali,马里
41,2,1,1,37,1,20200404,3,0,0,0,Mali,马里
45,4,1,0,39,2,20200405,5,2,0,0,Mali,马里
47,2,1,0,41,2,20200406,5,0,0,0,Mali,马里
56,9,1,0,50,9,20200407,5,0,0,0,Mali,马里
59,3,16,15,36,-14,20200408,7,2,0,0,Mali,马里
74,15,22,6,45,9,20200409,7,0,0,0,Mali,马里
87,13,22,0,58,13,20200410,7,0,0,0,Mali,马里
105,18,22,0,74,16,20200411,9,2,0,0,Mali,马里
116,11,25,3,82,8,20200412,9,0,0,0,Mali,马里
123,7,26,1,87,5,20200413,10,1,0,0,Mali,马里
144,21,34,8,97,10,20200414,13,3,0,0,Mali,马里
148,4,34,0,101,4,20200415,13,0,0,0,Mali,马里
171,23,34,0,124,23,20200416,13,0,0,0,Mali,马里
190,19,34,0,143,19,20200417,13,0,0,0,Mali,马里
216,26,41,7,162,19,20200418,13,0,0,0,Mali,马里
224,8,42,1,168,6,20200419,14,1,0,0,Mali,马里
246,22,56,14,176,8,20200420,14,0,0,0,Mali,马里
258,12,57,1,187,11,20200421,14,0,0,0,Mali,马里
258,0,57,0,187,0,20200422,14,0,0,0,Mali,马里
310,52,77,20,212,25,20200423,21,7,0,0,Mali,马里
325,15,87,10,217,5,20200424,21,0,0,0,Mali,马里
370,45,91,4,258,41,20200425,21,0,0,0,Mali,马里
370,0,91,0,258,0,20200426,21,0,0,0,Mali,马里
389,19,112,21,254,-4,20200427,23,2,0,0,Mali,马里
424,35,122,10,278,24,20200428,24,1,0,0,Mali,马里
482,58,129,7,328,50,20200429,25,1,0,0,Mali,马里
490,8,135,6,329,1,20200430,26,1,0,0,Mali,马里
508,18,196,61,286,-43,20200501,26,0,0,0,Mali,马里
508,0,196,0,286,0,20200502,26,0,0,0,Mali,马里
544,36,196,0,322,36,20200503,26,0,0,0,Mali,马里
563,19,196,0,340,18,20200504,27,1,0,0,Mali,马里
612,49,228,32,352,12,20200505,32,5,0,0,Mali,马里
631,19,261,33,338,-14,20200506,32,0,0,0,Mali,马里
650,19,271,10,347,9,20200507,32,0,0,0,Mali,马里
650,0,271,0,347,0,20200508,32,0,0,0,Mali,马里
692,42,298,27,357,10,20200509,37,5,0,0,Mali,马里
692,0,298,0,357,0,20200510,37,0,0,0,Mali,马里
712,20,377,79,296,-61,20200511,39,2,0,0,Mali,马里
730,18,398,21,292,-4,20200512,40,1,0,0,Mali,马里
730,0,398,0,292,0,20200513,40,0,0,0,Mali,马里
758,28,398,0,316,24,20200514,44,4,0,0,Mali,马里
806,48,455,57,305,-11,20200515,46,2,0,0,Mali,马里
835,29,479,24,308,3,20200516,48,2,0,0,Mali,马里
860,25,494,15,314,6,20200517,52,4,0,0,Mali,马里
860,0,494,0,314,0,20200518,52,0,0,0,Mali,马里
901,41,529,35,319,5,20200519,53,1,0,0,Mali,马里
931,30,543,14,333,14,20200520,55,2,0,0,Mali,马里
931,0,543,0,333,0,20200521,55,0,0,0,Mali,马里
931,0,543,0,333,0,20200522,55,0,0,0,Mali,马里
1015,84,574,31,378,45,20200523,63,8,0,0,Mali,马里
1015,0,574,0,378,0,20200524,63,0,0,0,Mali,马里
1030,15,574,0,391,13,20200525,65,2,0,0,Mali,马里
1077,47,617,43,390,-1,20200526,70,5,0,0,Mali,马里
1116,39,632,15,414,24,20200527,70,0,0,0,Mali,马里
1194,78,652,20,470,56,20200528,72,2,0,0,Mali,马里
1226,32,669,17,484,14,20200529,73,1,0,0,Mali,马里
1226,0,669,0,484,0,20200530,73,0,0,0,Mali,马里
1250,24,669,0,505,21,20200531,76,3,0,0,Mali,马里
1265,15,669,0,519,14,20200601,77,1,0,0,Mali,马里
1351,86,769,100,504,-15,20200602,78,1,0,0,Mali,马里
1386,35,788,19,519,15,20200603,79,1,0,0,Mali,马里
1461,75,806,18,570,51,20200604,85,6,0,0,Mali,马里
1485,24,816,10,582,12,20200605,87,2,0,0,Mali,马里
1485,0,816,0,582,0,20200606,87,0,0,0,Mali,马里
1523,38,816,0,617,35,20200607,90,3,0,0,Mali,马里
1533,10,816,0,625,8,20200608,92,2,0,0,Mali,马里
1586,53,931,115,561,-64,20200609,94,2,0,0,Mali,马里
1667,81,948,17,623,62,20200610,96,2,0,0,Mali,马里
1667,0,948,0,623,0,20200611,96,0,0,0,Mali,马里
1722,55,948,0,677,54,20200612,97,1,0,0,Mali,马里
1752,30,948,0,703,26,20200613,101,4,0,0,Mali,马里
1776,24,948,0,724,21,20200614,104,3,0,0,Mali,马里
1860,84,1125,177,631,-93,20200615,104,0,0,0,Mali,马里
1860,0,1125,0,631,0,20200616,104,0,0,0,Mali,马里
1860,0,1125,0,631,0,20200617,104,0,0,0,Mali,马里
1890,30,1125,0,658,27,20200618,107,3,0,0,Mali,马里
1906,16,1125,0,674,16,20200619,107,0,0,0,Mali,马里
1923,17,1125,0,690,16,20200620,108,1,0,0,Mali,马里
1961,38,1266,141,584,-106,20200621,111,3,0,0,Mali,马里
1978,17,1302,36,565,-19,20200622,111,0,0,0,Mali,马里
2001,23,1333,31,556,-9,20200623,112,1,0,0,Mali,马里
2001,0,1333,0,556,0,20200624,112,0,0,0,Mali,马里
2005,4,1333,0,559,3,20200625,113,1,0,0,Mali,马里
2060,55,1387,54,560,1,20200626,113,0,0,0,Mali,马里
2118,58,1398,11,607,47,20200627,113,0,0,0,Mali,马里
2147,29,1432,34,601,-6,20200628,114,1,0,0,Mali,马里
2147,0,1432,0,601,0,20200629,114,0,0,0,Mali,马里
2173,26,1432,0,626,25,20200630,115,1,0,0,Mali,马里
2181,8,1483,51,582,-44,20200701,116,1,0,0,Mali,马里
2260,79,1502,19,641,59,20200702,117,1,0,0,Mali,马里
2260,0,1502,0,641,0,20200703,117,0,0,0,Mali,马里
2285,25,1502,0,666,25,20200704,117,0,0,0,Mali,马里
2303,18,1502,0,683,17,20200705,118,1,0,0,Mali,马里
2330,27,1502,0,709,26,20200706,119,1,0,0,Mali,马里
2331,1,1502,0,710,1,20200707,119,0,0,0,Mali,马里
2348,17,1502,0,727,17,20200708,119,0,0,0,Mali,马里
