﻿confirmedCount,confirmedIncr,curedCount,curedIncr,currentConfirmedCount,currentConfirmedIncr,dateId,deadCount,deadIncr,suspectedCount,suspectedCountIncr,countryFullName,countryName
1,1,0,0,1,1,20200315,0,0,0,0,Mauritania,毛里塔尼亚
1,0,0,0,1,0,20200316,0,0,0,0,Mauritania,毛里塔尼亚
1,0,0,0,1,0,20200317,0,0,0,0,Mauritania,毛里塔尼亚
1,0,0,0,1,0,20200318,0,0,0,0,Mauritania,毛里塔尼亚
2,1,0,0,2,1,20200319,0,0,0,0,Mauritania,毛里塔尼亚
2,0,0,0,2,0,20200320,0,0,0,0,Mauritania,毛里塔尼亚
2,0,0,0,2,0,20200321,0,0,0,0,Mauritania,毛里塔尼亚
2,0,0,0,2,0,20200322,0,0,0,0,Mauritania,毛里塔尼亚
2,0,0,0,2,0,20200323,0,0,0,0,Mauritania,毛里塔尼亚
2,0,0,0,2,0,20200324,0,0,0,0,Mauritania,毛里塔尼亚
2,0,0,0,2,0,20200325,0,0,0,0,Mauritania,毛里塔尼亚
3,1,0,0,3,1,20200326,0,0,0,0,Mauritania,毛里塔尼亚
3,0,0,0,3,0,20200327,0,0,0,0,Mauritania,毛里塔尼亚
5,2,0,0,5,2,20200328,0,0,0,0,Mauritania,毛里塔尼亚
5,0,2,2,3,-2,20200329,0,0,0,0,Mauritania,毛里塔尼亚
5,0,2,0,3,0,20200330,0,0,0,0,Mauritania,毛里塔尼亚
6,1,2,0,3,0,20200331,1,1,0,0,Mauritania,毛里塔尼亚
6,0,2,0,3,0,20200401,1,0,0,0,Mauritania,毛里塔尼亚
6,0,2,0,3,0,20200402,1,0,0,0,Mauritania,毛里塔尼亚
6,0,2,0,3,0,20200403,1,0,0,0,Mauritania,毛里塔尼亚
6,0,2,0,3,0,20200404,1,0,0,0,Mauritania,毛里塔尼亚
6,0,2,0,3,0,20200405,1,0,0,0,Mauritania,毛里塔尼亚
6,0,2,0,3,0,20200406,1,0,0,0,Mauritania,毛里塔尼亚
6,0,2,0,3,0,20200407,1,0,0,0,Mauritania,毛里塔尼亚
6,0,2,0,3,0,20200408,1,0,0,0,Mauritania,毛里塔尼亚
6,0,2,0,3,0,20200409,1,0,0,0,Mauritania,毛里塔尼亚
7,1,2,0,4,1,20200410,1,0,0,0,Mauritania,毛里塔尼亚
7,0,2,0,4,0,20200411,1,0,0,0,Mauritania,毛里塔尼亚
7,0,2,0,4,0,20200412,1,0,0,0,Mauritania,毛里塔尼亚
7,0,2,0,4,0,20200413,1,0,0,0,Mauritania,毛里塔尼亚
7,0,2,0,4,0,20200414,1,0,0,0,Mauritania,毛里塔尼亚
7,0,2,0,4,0,20200415,1,0,0,0,Mauritania,毛里塔尼亚
7,0,2,0,4,0,20200416,1,0,0,0,Mauritania,毛里塔尼亚
7,0,2,0,4,0,20200417,1,0,0,0,Mauritania,毛里塔尼亚
7,0,2,0,4,0,20200418,1,0,0,0,Mauritania,毛里塔尼亚
7,0,2,0,4,0,20200419,1,0,0,0,Mauritania,毛里塔尼亚
7,0,2,0,4,0,20200420,1,0,0,0,Mauritania,毛里塔尼亚
7,0,2,0,4,0,20200421,1,0,0,0,Mauritania,毛里塔尼亚
7,0,2,0,4,0,20200422,1,0,0,0,Mauritania,毛里塔尼亚
7,0,2,0,4,0,20200423,1,0,0,0,Mauritania,毛里塔尼亚
7,0,2,0,4,0,20200424,1,0,0,0,Mauritania,毛里塔尼亚
7,0,2,0,4,0,20200425,1,0,0,0,Mauritania,毛里塔尼亚
7,0,2,0,4,0,20200426,1,0,0,0,Mauritania,毛里塔尼亚
7,0,2,0,4,0,20200427,1,0,0,0,Mauritania,毛里塔尼亚
7,0,2,0,4,0,20200428,1,0,0,0,Mauritania,毛里塔尼亚
7,0,2,0,4,0,20200429,1,0,0,0,Mauritania,毛里塔尼亚
8,1,6,4,1,-3,20200430,1,0,0,0,Mauritania,毛里塔尼亚
8,0,6,0,1,0,20200501,1,0,0,0,Mauritania,毛里塔尼亚
8,0,6,0,1,0,20200502,1,0,0,0,Mauritania,毛里塔尼亚
8,0,6,0,1,0,20200503,1,0,0,0,Mauritania,毛里塔尼亚
8,0,6,0,1,0,20200504,1,0,0,0,Mauritania,毛里塔尼亚
8,0,6,0,1,0,20200505,1,0,0,0,Mauritania,毛里塔尼亚
8,0,6,0,1,0,20200506,1,0,0,0,Mauritania,毛里塔尼亚
8,0,6,0,1,0,20200507,1,0,0,0,Mauritania,毛里塔尼亚
8,0,6,0,1,0,20200508,1,0,0,0,Mauritania,毛里塔尼亚
8,0,6,0,1,0,20200509,1,0,0,0,Mauritania,毛里塔尼亚
8,0,6,0,1,0,20200510,1,0,0,0,Mauritania,毛里塔尼亚
8,0,6,0,1,0,20200511,1,0,0,0,Mauritania,毛里塔尼亚
8,0,6,0,1,0,20200512,1,0,0,0,Mauritania,毛里塔尼亚
8,0,6,0,1,0,20200513,1,0,0,0,Mauritania,毛里塔尼亚
9,1,6,0,2,1,20200514,1,0,0,0,Mauritania,毛里塔尼亚
16,7,6,0,8,6,20200515,2,1,0,0,Mauritania,毛里塔尼亚
29,13,6,0,20,12,20200516,3,1,0,0,Mauritania,毛里塔尼亚
40,11,6,0,30,10,20200517,4,1,0,0,Mauritania,毛里塔尼亚
62,22,6,0,52,22,20200518,4,0,0,0,Mauritania,毛里塔尼亚
81,19,6,0,71,19,20200519,4,0,0,0,Mauritania,毛里塔尼亚
131,50,6,0,121,50,20200520,4,0,0,0,Mauritania,毛里塔尼亚
173,42,6,0,163,42,20200521,4,0,0,0,Mauritania,毛里塔尼亚
173,0,6,0,162,-1,20200522,5,1,0,0,Mauritania,毛里塔尼亚
173,0,6,0,162,0,20200523,5,0,0,0,Mauritania,毛里塔尼亚
227,54,6,0,215,53,20200524,6,1,0,0,Mauritania,毛里塔尼亚
237,10,6,0,225,10,20200525,6,0,0,0,Mauritania,毛里塔尼亚
262,25,15,9,238,13,20200526,9,3,0,0,Mauritania,毛里塔尼亚
292,30,15,0,261,23,20200527,16,7,0,0,Mauritania,毛里塔尼亚
346,54,15,0,312,51,20200528,19,3,0,0,Mauritania,毛里塔尼亚
423,77,21,6,382,70,20200529,20,1,0,0,Mauritania,毛里塔尼亚
423,0,21,0,382,0,20200530,20,0,0,0,Mauritania,毛里塔尼亚
483,60,21,0,441,59,20200531,21,1,0,0,Mauritania,毛里塔尼亚
530,47,21,0,486,45,20200601,23,2,0,0,Mauritania,毛里塔尼亚
668,138,55,34,582,96,20200602,31,8,0,0,Mauritania,毛里塔尼亚
745,77,57,2,654,72,20200603,34,3,0,0,Mauritania,毛里塔尼亚
745,0,57,0,654,0,20200604,34,0,0,0,Mauritania,毛里塔尼亚
883,138,69,12,771,117,20200605,43,9,0,0,Mauritania,毛里塔尼亚
883,0,69,0,771,0,20200606,43,0,0,0,Mauritania,毛里塔尼亚
947,64,69,0,835,64,20200607,43,0,0,0,Mauritania,毛里塔尼亚
1104,157,119,50,926,91,20200608,59,16,0,0,Mauritania,毛里塔尼亚
1104,0,119,0,926,0,20200609,59,0,0,0,Mauritania,毛里塔尼亚
1283,179,142,23,1070,144,20200610,71,12,0,0,Mauritania,毛里塔尼亚
1439,156,250,108,1115,45,20200611,74,3,0,0,Mauritania,毛里塔尼亚
1572,133,278,28,1213,98,20200612,81,7,0,0,Mauritania,毛里塔尼亚
1682,110,311,33,1288,75,20200613,83,2,0,0,Mauritania,毛里塔尼亚
1783,101,332,21,1364,76,20200614,87,4,0,0,Mauritania,毛里塔尼亚
1887,104,360,28,1436,72,20200615,91,4,0,0,Mauritania,毛里塔尼亚
2057,170,373,13,1591,155,20200616,93,2,0,0,Mauritania,毛里塔尼亚
2223,166,427,54,1701,110,20200617,95,2,0,0,Mauritania,毛里塔尼亚
2424,201,550,123,1777,76,20200618,97,2,0,0,Mauritania,毛里塔尼亚
2621,197,653,103,1866,89,20200619,102,5,0,0,Mauritania,毛里塔尼亚
2813,192,696,43,2009,143,20200620,108,6,0,0,Mauritania,毛里塔尼亚
2984,171,811,115,2062,53,20200621,111,3,0,0,Mauritania,毛里塔尼亚
3121,137,905,94,2105,43,20200622,111,0,0,0,Mauritania,毛里塔尼亚
3292,171,963,58,2215,110,20200623,114,3,0,0,Mauritania,毛里塔尼亚
3292,0,963,0,2215,0,20200624,114,0,0,0,Mauritania,毛里塔尼亚
3519,227,1074,111,2329,114,20200625,116,2,0,0,Mauritania,毛里塔尼亚
3907,388,1280,206,2507,178,20200626,120,4,0,0,Mauritania,毛里塔尼亚
4025,118,1344,64,2560,53,20200627,121,1,0,0,Mauritania,毛里塔尼亚
4149,124,1419,75,2604,44,20200628,126,5,0,0,Mauritania,毛里塔尼亚
4237,88,1497,78,2612,8,20200629,128,2,0,0,Mauritania,毛里塔尼亚
4237,0,1497,0,2612,0,20200630,128,0,0,0,Mauritania,毛里塔尼亚
4472,235,1677,180,2666,54,20200701,129,1,0,0,Mauritania,毛里塔尼亚
4606,134,1727,50,2750,84,20200702,129,0,0,0,Mauritania,毛里塔尼亚
4705,99,1765,38,2811,61,20200703,129,0,0,0,Mauritania,毛里塔尼亚
4827,122,1805,40,2893,82,20200704,129,0,0,0,Mauritania,毛里塔尼亚
4879,52,1844,39,2905,12,20200705,130,1,0,0,Mauritania,毛里塔尼亚
4948,69,1896,52,2919,14,20200706,133,3,0,0,Mauritania,毛里塔尼亚
4948,0,1896,0,2919,0,20200707,133,0,0,0,Mauritania,毛里塔尼亚
5087,139,1944,48,3004,85,20200708,139,6,0,0,Mauritania,毛里塔尼亚
