﻿confirmedCount,confirmedIncr,curedCount,curedIncr,currentConfirmedCount,currentConfirmedIncr,dateId,deadCount,deadIncr,suspectedCount,suspectedCountIncr,countryFullName,countryName
1,1,0,0,1,1,20200316,0,0,0,0,Mayotte,马约特
1,0,0,0,1,0,20200317,0,0,0,0,Mayotte,马约特
1,0,0,0,1,0,20200318,0,0,0,0,Mayotte,马约特
1,0,0,0,1,0,20200319,0,0,0,0,Mayotte,马约特
4,3,0,0,4,3,20200320,0,0,0,0,Mayotte,马约特
4,0,0,0,4,0,20200321,0,0,0,0,Mayotte,马约特
11,7,0,0,11,7,20200322,0,0,0,0,Mayotte,马约特
14,3,0,0,14,3,20200323,0,0,0,0,Mayotte,马约特
24,10,0,0,24,10,20200324,0,0,0,0,Mayotte,马约特
30,6,0,0,30,6,20200325,0,0,0,0,Mayotte,马约特
35,5,0,0,35,5,20200326,0,0,0,0,Mayotte,马约特
50,15,0,0,50,15,20200327,0,0,0,0,Mayotte,马约特
50,0,0,0,50,0,20200328,0,0,0,0,Mayotte,马约特
50,0,0,0,50,0,20200329,0,0,0,0,Mayotte,马约特
82,32,0,0,82,32,20200330,0,0,0,0,Mayotte,马约特
82,0,0,0,82,0,20200331,0,0,0,0,Mayotte,马约特
101,19,0,0,101,19,20200401,0,0,0,0,Mayotte,马约特
116,15,0,0,114,13,20200402,2,2,0,0,Mayotte,马约特
128,12,0,0,126,12,20200403,2,0,0,0,Mayotte,马约特
128,0,0,0,126,0,20200404,2,0,0,0,Mayotte,马约特
147,19,0,0,145,19,20200405,2,0,0,0,Mayotte,马约特
147,0,0,0,145,0,20200406,2,0,0,0,Mayotte,马约特
164,17,0,0,162,17,20200407,2,0,0,0,Mayotte,马约特
184,20,0,0,182,20,20200408,2,0,0,0,Mayotte,马约特
186,2,0,0,184,2,20200409,2,0,0,0,Mayotte,马约特
191,5,0,0,189,5,20200410,2,0,0,0,Mayotte,马约特
191,0,0,0,189,0,20200411,2,0,0,0,Mayotte,马约特
191,0,0,0,189,0,20200412,2,0,0,0,Mayotte,马约特
207,16,0,0,204,15,20200413,3,1,0,0,Mayotte,马约特
207,0,0,0,204,0,20200414,3,0,0,0,Mayotte,马约特
217,10,0,0,214,10,20200415,3,0,0,0,Mayotte,马约特
221,4,0,0,218,4,20200416,3,0,0,0,Mayotte,马约特
233,12,0,0,230,12,20200417,3,0,0,0,Mayotte,马约特
245,12,0,0,241,11,20200418,4,1,0,0,Mayotte,马约特
245,0,0,0,241,0,20200419,4,0,0,0,Mayotte,马约特
284,39,0,0,280,39,20200420,4,0,0,0,Mayotte,马约特
284,0,0,0,280,0,20200421,4,0,0,0,Mayotte,马约特
311,27,0,0,307,27,20200422,4,0,0,0,Mayotte,马约特
326,15,0,0,322,15,20200423,4,0,0,0,Mayotte,马约特
339,13,0,0,335,13,20200424,4,0,0,0,Mayotte,马约特
354,15,0,0,350,15,20200425,4,0,0,0,Mayotte,马约特
354,0,0,0,350,0,20200426,4,0,0,0,Mayotte,马约特
401,47,0,0,397,47,20200427,4,0,0,0,Mayotte,马约特
433,32,0,0,429,32,20200428,4,0,0,0,Mayotte,马约特
460,27,0,0,456,27,20200429,4,0,0,0,Mayotte,马约特
460,0,0,0,456,0,20200430,4,0,0,0,Mayotte,马约特
539,79,0,0,535,79,20200501,4,0,0,0,Mayotte,马约特
539,0,0,0,535,0,20200502,4,0,0,0,Mayotte,马约特
596,57,0,0,590,55,20200503,6,2,0,0,Mayotte,马约特
650,54,0,0,644,54,20200504,6,0,0,0,Mayotte,马约特
686,36,0,0,680,36,20200505,6,0,0,0,Mayotte,马约特
739,53,0,0,730,50,20200506,9,3,0,0,Mayotte,马约特
739,0,0,0,730,0,20200507,9,0,0,0,Mayotte,马约特
854,115,0,0,844,114,20200508,10,1,0,0,Mayotte,马约特
890,36,0,0,879,35,20200509,11,1,0,0,Mayotte,马约特
890,0,0,0,879,0,20200510,11,0,0,0,Mayotte,马约特
1023,133,0,0,1012,133,20200511,11,0,0,0,Mayotte,马约特
1061,38,0,0,1049,37,20200512,12,1,0,0,Mayotte,马约特
1095,34,0,0,1083,34,20200513,12,0,0,0,Mayotte,马约特
1143,48,0,0,1129,46,20200514,14,2,0,0,Mayotte,马约特
1210,67,0,0,1194,65,20200515,16,2,0,0,Mayotte,马约特
1258,48,0,0,1242,48,20200516,16,0,0,0,Mayotte,马约特
1258,0,0,0,1242,0,20200517,16,0,0,0,Mayotte,马约特
1342,84,0,0,1324,82,20200518,18,2,0,0,Mayotte,马约特
1370,28,0,0,1352,28,20200519,18,0,0,0,Mayotte,马约特
1419,49,0,0,1400,48,20200520,19,1,0,0,Mayotte,马约特
1475,56,0,0,1456,56,20200521,19,0,0,0,Mayotte,马约特
1494,19,0,0,1475,19,20200522,19,0,0,0,Mayotte,马约特
1521,27,0,0,1502,27,20200523,19,0,0,0,Mayotte,马约特
1521,0,0,0,1502,0,20200524,19,0,0,0,Mayotte,马约特
1587,66,0,0,1567,65,20200525,20,1,0,0,Mayotte,马约特
1609,22,0,0,1589,22,20200526,20,0,0,0,Mayotte,马约特
1634,25,0,0,1614,25,20200527,20,0,0,0,Mayotte,马约特
1645,11,0,0,1625,11,20200528,20,0,0,0,Mayotte,马约特
1670,25,0,0,1649,24,20200529,21,1,0,0,Mayotte,马约特
1699,29,0,0,1678,29,20200530,21,0,0,0,Mayotte,马约特
1743,44,0,0,1722,44,20200531,21,0,0,0,Mayotte,马约特
1871,128,0,0,1848,126,20200601,23,2,0,0,Mayotte,马约特
1934,63,0,0,1910,62,20200602,24,1,0,0,Mayotte,马约特
1986,52,0,0,1962,52,20200603,24,0,0,0,Mayotte,马约特
1993,7,0,0,1969,7,20200604,24,0,0,0,Mayotte,马约特
2058,65,0,0,2033,64,20200605,25,1,0,0,Mayotte,马约特
2079,21,0,0,2054,21,20200606,25,0,0,0,Mayotte,马约特
2079,0,0,0,2054,0,20200607,25,0,0,0,Mayotte,马约特
2079,0,0,0,2054,0,20200608,25,0,0,0,Mayotte,马约特
2151,72,0,0,2125,71,20200609,26,1,0,0,Mayotte,马约特
2175,24,0,0,2147,22,20200610,28,2,0,0,Mayotte,马约特
2226,51,0,0,2198,51,20200611,28,0,0,0,Mayotte,马约特
2240,14,0,0,2212,14,20200612,28,0,0,0,Mayotte,马约特
2268,28,0,0,2240,28,20200613,28,0,0,0,Mayotte,马约特
2282,14,0,0,2253,13,20200614,29,1,0,0,Mayotte,马约特
2282,0,0,0,2253,0,20200615,29,0,0,0,Mayotte,马约特
2310,28,0,0,2281,28,20200616,29,0,0,0,Mayotte,马约特
2310,0,0,0,2281,0,20200617,29,0,0,0,Mayotte,马约特
2345,35,0,0,2316,35,20200618,29,0,0,0,Mayotte,马约特
2383,38,0,0,2354,38,20200619,29,0,0,0,Mayotte,马约特
2394,11,0,0,2365,11,20200620,29,0,0,0,Mayotte,马约特
2404,10,0,0,2373,8,20200621,31,2,0,0,Mayotte,马约特
2404,0,0,0,2373,0,20200622,31,0,0,0,Mayotte,马约特
2434,30,0,0,2402,29,20200623,32,1,0,0,Mayotte,马约特
2452,18,0,0,2420,18,20200624,32,0,0,0,Mayotte,马约特
2467,15,0,0,2433,13,20200625,34,2,0,0,Mayotte,马约特
2508,41,0,0,2474,41,20200626,34,0,0,0,Mayotte,马约特
2526,18,0,0,2492,18,20200627,34,0,0,0,Mayotte,马约特
2540,14,0,0,2505,13,20200628,35,1,0,0,Mayotte,马约特
2540,0,0,0,2505,0,20200629,35,0,0,0,Mayotte,马约特
2603,63,0,0,2568,63,20200630,35,0,0,0,Mayotte,马约特
2603,0,0,0,2568,0,20200701,35,0,0,0,Mayotte,马约特
2643,40,0,0,2608,40,20200702,35,0,0,0,Mayotte,马约特
2643,0,0,0,2608,0,20200703,35,0,0,0,Mayotte,马约特
2661,18,0,0,2625,17,20200704,36,1,0,0,Mayotte,马约特
2668,7,0,0,2632,7,20200705,36,0,0,0,Mayotte,马约特
2668,0,0,0,2632,0,20200706,36,0,0,0,Mayotte,马约特
2679,11,0,0,2643,11,20200707,36,0,0,0,Mayotte,马约特
2688,9,0,0,2652,9,20200708,36,0,0,0,Mayotte,马约特
