﻿confirmedCount,confirmedIncr,curedCount,curedIncr,currentConfirmedCount,currentConfirmedIncr,dateId,deadCount,deadIncr,suspectedCount,suspectedCountIncr,countryFullName,countryName
2,2,0,0,2,2,20200229,0,0,0,0,Mexico,墨西哥
2,0,0,0,2,0,20200301,0,0,0,0,Mexico,墨西哥
5,3,0,0,5,3,20200302,0,0,0,0,Mexico,墨西哥
5,0,0,0,5,0,20200303,0,0,0,0,Mexico,墨西哥
5,0,0,0,5,0,20200304,0,0,0,0,Mexico,墨西哥
5,0,0,0,5,0,20200305,0,0,0,0,Mexico,墨西哥
5,0,0,0,5,0,20200306,0,0,0,0,Mexico,墨西哥
5,0,0,0,5,0,20200307,0,0,0,0,Mexico,墨西哥
7,2,0,0,7,2,20200308,0,0,0,0,Mexico,墨西哥
7,0,0,0,7,0,20200309,0,0,0,0,Mexico,墨西哥
7,0,0,0,7,0,20200310,0,0,0,0,Mexico,墨西哥
7,0,0,0,7,0,20200311,0,0,0,0,Mexico,墨西哥
11,4,0,0,11,4,20200312,0,0,0,0,Mexico,墨西哥
12,1,0,0,12,1,20200313,0,0,0,0,Mexico,墨西哥
26,14,0,0,26,14,20200314,0,0,0,0,Mexico,墨西哥
41,15,1,1,40,14,20200315,0,0,0,0,Mexico,墨西哥
53,12,1,0,52,12,20200316,0,0,0,0,Mexico,墨西哥
53,0,1,0,52,0,20200317,0,0,0,0,Mexico,墨西哥
82,29,1,0,81,29,20200318,0,0,0,0,Mexico,墨西哥
164,82,1,0,162,81,20200319,1,1,0,0,Mexico,墨西哥
203,39,1,0,200,38,20200320,2,1,0,0,Mexico,墨西哥
203,0,1,0,200,0,20200321,2,0,0,0,Mexico,墨西哥
251,48,1,0,248,48,20200322,2,0,0,0,Mexico,墨西哥
316,65,1,0,313,65,20200323,2,0,0,0,Mexico,墨西哥
370,54,1,0,365,52,20200324,4,2,0,0,Mexico,墨西哥
475,105,1,0,468,103,20200325,6,2,0,0,Mexico,墨西哥
585,110,1,0,576,108,20200326,8,2,0,0,Mexico,墨西哥
585,0,1,0,576,0,20200327,8,0,0,0,Mexico,墨西哥
717,132,1,0,704,128,20200328,12,4,0,0,Mexico,墨西哥
858,141,1,0,841,137,20200329,16,4,0,0,Mexico,墨西哥
993,135,1,0,972,131,20200330,20,4,0,0,Mexico,墨西哥
1215,222,1,0,1185,213,20200331,29,9,0,0,Mexico,墨西哥
1378,163,1,0,1340,155,20200401,37,8,0,0,Mexico,墨西哥
1378,0,1,0,1340,0,20200402,37,0,0,0,Mexico,墨西哥
1688,310,1,0,1627,287,20200403,60,23,0,0,Mexico,墨西哥
1688,0,1,0,1627,0,20200404,60,0,0,0,Mexico,墨西哥
1890,202,1,0,1810,183,20200405,79,19,0,0,Mexico,墨西哥
2439,549,1,0,2313,503,20200406,125,46,0,0,Mexico,墨西哥
2785,346,1,0,2643,330,20200407,141,16,0,0,Mexico,墨西哥
3181,396,1,0,3006,363,20200408,174,33,0,0,Mexico,墨西哥
3441,260,1,0,3246,240,20200409,194,20,0,0,Mexico,墨西哥
3844,403,1,0,3610,364,20200410,233,39,0,0,Mexico,墨西哥
4219,375,1,0,3945,335,20200411,273,40,0,0,Mexico,墨西哥
4661,442,1,0,4364,419,20200412,296,23,0,0,Mexico,墨西哥
5014,353,1,0,4681,317,20200413,332,36,0,0,Mexico,墨西哥
5014,0,1,0,4681,0,20200414,332,0,0,0,Mexico,墨西哥
5399,385,1,0,4992,311,20200415,406,74,0,0,Mexico,墨西哥
6297,898,1,0,5810,818,20200416,486,80,0,0,Mexico,墨西哥
6875,578,1,0,6328,518,20200417,546,60,0,0,Mexico,墨西哥
7497,622,1,0,6846,518,20200418,650,104,0,0,Mexico,墨西哥
7497,0,1,0,6846,0,20200419,650,0,0,0,Mexico,墨西哥
8261,764,1,0,7574,728,20200420,686,36,0,0,Mexico,墨西哥
9501,1240,1,0,8643,1069,20200421,857,171,0,0,Mexico,墨西哥
9501,0,1,0,8643,0,20200422,857,0,0,0,Mexico,墨西哥
11633,2132,1,0,10563,1920,20200423,1069,212,0,0,Mexico,墨西哥
12872,1239,1,0,11650,1087,20200424,1221,152,0,0,Mexico,墨西哥
13842,970,1,0,12536,886,20200425,1305,84,0,0,Mexico,墨西哥
13842,0,1,0,12536,0,20200426,1305,0,0,0,Mexico,墨西哥
14667,825,1,0,13315,779,20200427,1351,46,0,0,Mexico,墨西哥
16752,2085,2627,2626,12556,-759,20200428,1569,218,0,0,Mexico,墨西哥
17799,1047,2627,0,13440,884,20200429,1732,163,0,0,Mexico,墨西哥
19224,1425,2627,0,14738,1298,20200430,1859,127,0,0,Mexico,墨西哥
19224,0,2627,0,14738,0,20200501,1859,0,0,0,Mexico,墨西哥
22088,2864,11423,8796,8604,-6134,20200502,2061,202,0,0,Mexico,墨西哥
22088,0,11423,0,8604,0,20200503,2061,0,0,0,Mexico,墨西哥
24905,2817,13447,2024,9187,583,20200504,2271,210,0,0,Mexico,墨西哥
26025,1120,16810,3363,6708,-2479,20200505,2507,236,0,0,Mexico,墨西哥
27634,1609,16810,0,8120,1412,20200506,2704,197,0,0,Mexico,墨西哥
29616,1982,17781,971,8874,754,20200507,2961,257,0,0,Mexico,墨西哥
31522,1906,17781,0,10581,1707,20200508,3160,199,0,0,Mexico,墨西哥
31522,0,17781,0,10581,0,20200509,3160,0,0,0,Mexico,墨西哥
33460,1938,17781,0,12326,1745,20200510,3353,193,0,0,Mexico,墨西哥
36327,2867,17781,0,14973,2647,20200511,3573,220,0,0,Mexico,墨西哥
36327,0,17781,0,14973,0,20200512,3573,0,0,0,Mexico,墨西哥
38324,1997,17781,0,16617,1644,20200513,3926,353,0,0,Mexico,墨西哥
42595,4271,26990,9209,11128,-5489,20200514,4477,551,0,0,Mexico,墨西哥
45032,2437,30451,3461,9814,-1314,20200515,4767,290,0,0,Mexico,墨西哥
45032,0,30451,0,9814,0,20200516,4767,0,0,0,Mexico,墨西哥
49219,4187,31848,1397,12194,2380,20200517,5177,410,0,0,Mexico,墨西哥
49219,0,33329,1481,10713,-1481,20200518,5177,0,0,0,Mexico,墨西哥
51633,2414,35388,2059,10913,200,20200519,5332,155,0,0,Mexico,墨西哥
56594,4961,37325,1937,13179,2266,20200520,6090,758,0,0,Mexico,墨西哥
59567,2973,40657,3332,12400,-779,20200521,6510,420,0,0,Mexico,墨西哥
60548,981,40659,2,13303,903,20200522,6586,76,0,0,Mexico,墨西哥
62527,1979,42725,2066,12813,-490,20200523,6989,403,0,0,Mexico,墨西哥
68620,6093,44919,2194,16307,3494,20200524,7394,405,0,0,Mexico,墨西哥
68620,0,47424,2505,13802,-2505,20200525,7394,0,0,0,Mexico,墨西哥
74560,5940,49890,2466,16536,2734,20200526,8134,740,0,0,Mexico,墨西哥
74560,0,52219,2329,14207,-2329,20200527,8134,0,0,0,Mexico,墨西哥
81400,6840,54383,2164,17973,3766,20200528,9044,910,0,0,Mexico,墨西哥
84627,3227,59610,5227,15602,-2371,20200529,9415,371,0,0,Mexico,墨西哥
84627,0,59610,0,15602,0,20200530,9415,0,0,0,Mexico,墨西哥
87512,2885,61871,2261,15862,260,20200531,9779,364,0,0,Mexico,墨西哥
90664,3152,64326,2455,16408,546,20200601,9930,151,0,0,Mexico,墨西哥
97326,6662,70308,5982,16381,-27,20200602,10637,707,0,0,Mexico,墨西哥
101238,3912,73271,2963,16239,-142,20200603,11728,1091,0,0,Mexico,墨西哥
101238,0,73271,0,16239,0,20200604,11728,0,0,0,Mexico,墨西哥
105680,4442,75448,2177,17687,1448,20200605,12545,817,0,0,Mexico,墨西哥
110026,4346,78590,3142,18266,579,20200606,13170,625,0,0,Mexico,墨西哥
113619,3593,81544,2954,18564,298,20200607,13511,341,0,0,Mexico,墨西哥
120102,6483,88217,6673,17832,-732,20200608,14053,542,0,0,Mexico,墨西哥
120102,0,88217,0,17832,0,20200609,14053,0,0,0,Mexico,墨西哥
124301,4199,91412,3195,18240,408,20200610,14649,596,0,0,Mexico,墨西哥
129184,4883,91412,0,22415,4175,20200611,15357,708,0,0,Mexico,墨西哥
139196,10012,101767,10355,20981,-1434,20200612,16448,1091,0,0,Mexico,墨西哥
142690,3494,104975,3208,20843,-138,20200613,16872,424,0,0,Mexico,墨西哥
146837,4147,108110,3135,21586,743,20200614,17141,269,0,0,Mexico,墨西哥
150264,3427,113006,4896,19678,-1908,20200615,17580,439,0,0,Mexico,墨西哥
154863,4599,116178,3172,20375,697,20200616,18310,730,0,0,Mexico,墨西哥
159793,4930,119355,3177,21358,983,20200617,19080,770,0,0,Mexico,墨西哥
159793,0,119355,0,21358,0,20200618,19080,0,0,0,Mexico,墨西哥
170485,10692,127332,7977,22759,1401,20200619,20394,1314,0,0,Mexico,墨西哥
175202,4717,131686,4354,22735,-24,20200620,20781,387,0,0,Mexico,墨西哥
180545,5343,131686,0,27034,4299,20200621,21825,1044,0,0,Mexico,墨西哥
180545,0,135279,3593,23441,-3593,20200622,21825,0,0,0,Mexico,墨西哥
191410,10865,144448,9169,23585,144,20200623,23377,1552,0,0,Mexico,墨西哥
196847,5437,149318,4870,23205,-380,20200624,24324,947,0,0,Mexico,墨西哥
202951,6104,149318,0,28573,5368,20200625,25060,736,0,0,Mexico,墨西哥
208392,5441,149318,0,33295,4722,20200626,25779,719,0,0,Mexico,墨西哥
208392,0,149318,0,33295,0,20200627,25779,0,0,0,Mexico,墨西哥
212802,4410,149318,0,37103,3808,20200628,26381,602,0,0,Mexico,墨西哥
220657,7855,131264,-18054,62272,25169,20200629,27121,740,0,0,Mexico,墨西哥
226089,5432,134957,3693,63343,1071,20200630,27789,668,0,0,Mexico,墨西哥
226089,0,134957,0,63343,0,20200701,27789,0,0,0,Mexico,墨西哥
238511,12422,134957,0,74365,11022,20200702,29189,1400,0,0,Mexico,墨西哥
238511,0,134957,0,74365,0,20200703,29189,0,0,0,Mexico,墨西哥
245251,6740,147205,12248,68203,-6162,20200704,29843,654,0,0,Mexico,墨西哥
252165,6914,152309,5104,69490,1287,20200705,30366,523,0,0,Mexico,墨西哥
256848,4683,155604,3295,70605,1115,20200706,30639,273,0,0,Mexico,墨西哥
261750,4902,155604,0,75027,4422,20200707,31119,480,0,0,Mexico,墨西哥
268008,6258,155604,0,80390,5363,20200708,32014,895,0,0,Mexico,墨西哥
