﻿confirmedCount,confirmedIncr,curedCount,curedIncr,currentConfirmedCount,currentConfirmedIncr,dateId,deadCount,deadIncr,suspectedCount,suspectedCountIncr,countryFullName,countryName
1,1,0,0,1,1,20200322,0,0,0,0,Mozambique,莫桑比克
1,0,0,0,1,0,20200323,0,0,0,0,Mozambique,莫桑比克
3,2,0,0,3,2,20200324,0,0,0,0,Mozambique,莫桑比克
5,2,0,0,5,2,20200325,0,0,0,0,Mozambique,莫桑比克
7,2,0,0,7,2,20200326,0,0,0,0,Mozambique,莫桑比克
7,0,0,0,7,0,20200327,0,0,0,0,Mozambique,莫桑比克
8,1,0,0,8,1,20200328,0,0,0,0,Mozambique,莫桑比克
8,0,0,0,8,0,20200329,0,0,0,0,Mozambique,莫桑比克
8,0,0,0,8,0,20200330,0,0,0,0,Mozambique,莫桑比克
8,0,0,0,8,0,20200331,0,0,0,0,Mozambique,莫桑比克
10,2,0,0,10,2,20200401,0,0,0,0,Mozambique,莫桑比克
10,0,0,0,10,0,20200402,0,0,0,0,Mozambique,莫桑比克
10,0,0,0,10,0,20200403,0,0,0,0,Mozambique,莫桑比克
10,0,0,0,10,0,20200404,0,0,0,0,Mozambique,莫桑比克
10,0,0,0,10,0,20200405,0,0,0,0,Mozambique,莫桑比克
10,0,0,0,10,0,20200406,0,0,0,0,Mozambique,莫桑比克
10,0,0,0,10,0,20200407,0,0,0,0,Mozambique,莫桑比克
17,7,1,1,16,6,20200408,0,0,0,0,Mozambique,莫桑比克
17,0,1,0,16,0,20200409,0,0,0,0,Mozambique,莫桑比克
20,3,1,0,19,3,20200410,0,0,0,0,Mozambique,莫桑比克
20,0,1,0,19,0,20200411,0,0,0,0,Mozambique,莫桑比克
21,1,2,1,19,0,20200412,0,0,0,0,Mozambique,莫桑比克
21,0,2,0,19,0,20200413,0,0,0,0,Mozambique,莫桑比克
28,7,2,0,26,7,20200414,0,0,0,0,Mozambique,莫桑比克
29,1,2,0,27,1,20200415,0,0,0,0,Mozambique,莫桑比克
31,2,2,0,29,2,20200416,0,0,0,0,Mozambique,莫桑比克
34,3,2,0,32,3,20200417,0,0,0,0,Mozambique,莫桑比克
35,1,4,2,31,-1,20200418,0,0,0,0,Mozambique,莫桑比克
39,4,8,4,31,0,20200419,0,0,0,0,Mozambique,莫桑比克
39,0,8,0,31,0,20200420,0,0,0,0,Mozambique,莫桑比克
39,0,8,0,31,0,20200421,0,0,0,0,Mozambique,莫桑比克
41,2,8,0,33,2,20200422,0,0,0,0,Mozambique,莫桑比克
46,5,8,0,38,5,20200423,0,0,0,0,Mozambique,莫桑比克
46,0,8,0,38,0,20200424,0,0,0,0,Mozambique,莫桑比克
70,24,9,1,61,23,20200425,0,0,0,0,Mozambique,莫桑比克
70,0,9,0,61,0,20200426,0,0,0,0,Mozambique,莫桑比克
76,6,9,0,67,6,20200427,0,0,0,0,Mozambique,莫桑比克
76,0,9,0,67,0,20200428,0,0,0,0,Mozambique,莫桑比克
76,0,9,0,67,0,20200429,0,0,0,0,Mozambique,莫桑比克
76,0,9,0,67,0,20200430,0,0,0,0,Mozambique,莫桑比克
79,3,10,1,69,2,20200501,0,0,0,0,Mozambique,莫桑比克
79,0,10,0,69,0,20200502,0,0,0,0,Mozambique,莫桑比克
79,0,10,0,69,0,20200503,0,0,0,0,Mozambique,莫桑比克
80,1,10,0,70,1,20200504,0,0,0,0,Mozambique,莫桑比克
80,0,10,0,70,0,20200505,0,0,0,0,Mozambique,莫桑比克
80,0,10,0,70,0,20200506,0,0,0,0,Mozambique,莫桑比克
81,1,10,0,71,1,20200507,0,0,0,0,Mozambique,莫桑比克
81,0,10,0,71,0,20200508,0,0,0,0,Mozambique,莫桑比克
82,1,10,0,72,1,20200509,0,0,0,0,Mozambique,莫桑比克
87,5,10,0,77,5,20200510,0,0,0,0,Mozambique,莫桑比克
103,16,34,24,69,-8,20200511,0,0,0,0,Mozambique,莫桑比克
104,1,34,0,70,1,20200512,0,0,0,0,Mozambique,莫桑比克
104,0,34,0,70,0,20200513,0,0,0,0,Mozambique,莫桑比克
107,3,34,0,73,3,20200514,0,0,0,0,Mozambique,莫桑比克
115,8,34,0,81,8,20200515,0,0,0,0,Mozambique,莫桑比克
119,4,34,0,85,4,20200516,0,0,0,0,Mozambique,莫桑比克
129,10,34,0,95,10,20200517,0,0,0,0,Mozambique,莫桑比克
137,8,34,0,103,8,20200518,0,0,0,0,Mozambique,莫桑比克
146,9,48,14,98,-5,20200519,0,0,0,0,Mozambique,莫桑比克
156,10,48,0,108,10,20200520,0,0,0,0,Mozambique,莫桑比克
156,0,48,0,108,0,20200521,0,0,0,0,Mozambique,莫桑比克
162,6,48,0,114,6,20200522,0,0,0,0,Mozambique,莫桑比克
164,2,48,0,116,2,20200523,0,0,0,0,Mozambique,莫桑比克
168,4,48,0,120,4,20200524,0,0,0,0,Mozambique,莫桑比克
194,26,48,0,146,26,20200525,0,0,0,0,Mozambique,莫桑比克
209,15,48,0,160,14,20200526,1,1,0,0,Mozambique,莫桑比克
213,4,48,0,164,4,20200527,1,0,0,0,Mozambique,莫桑比克
227,14,48,0,178,14,20200528,1,0,0,0,Mozambique,莫桑比克
233,6,48,0,183,5,20200529,2,1,0,0,Mozambique,莫桑比克
234,1,48,0,184,1,20200530,2,0,0,0,Mozambique,莫桑比克
244,10,48,0,194,10,20200531,2,0,0,0,Mozambique,莫桑比克
254,10,48,0,204,10,20200601,2,0,0,0,Mozambique,莫桑比克
307,53,98,50,207,3,20200602,2,0,0,0,Mozambique,莫桑比克
307,0,98,0,207,0,20200603,2,0,0,0,Mozambique,莫桑比克
316,9,98,0,216,9,20200604,2,0,0,0,Mozambique,莫桑比克
352,36,98,0,252,36,20200605,2,0,0,0,Mozambique,莫桑比克
352,0,98,0,252,0,20200606,2,0,0,0,Mozambique,莫桑比克
409,57,98,0,309,57,20200607,2,0,0,0,Mozambique,莫桑比克
424,15,98,0,324,15,20200608,2,0,0,0,Mozambique,莫桑比克
453,29,136,38,315,-9,20200609,2,0,0,0,Mozambique,莫桑比克
472,19,138,2,332,17,20200610,2,0,0,0,Mozambique,莫桑比克
472,0,138,0,332,0,20200611,2,0,0,0,Mozambique,莫桑比克
489,17,138,0,349,17,20200612,2,0,0,0,Mozambique,莫桑比克
553,64,151,13,400,51,20200613,2,0,0,0,Mozambique,莫桑比克
583,30,151,0,429,29,20200614,3,1,0,0,Mozambique,莫桑比克
583,0,151,0,429,0,20200615,3,0,0,0,Mozambique,莫桑比克
609,26,151,0,455,26,20200616,3,0,0,0,Mozambique,莫桑比克
609,0,151,0,455,0,20200617,3,0,0,0,Mozambique,莫桑比克
651,42,151,0,496,41,20200618,4,1,0,0,Mozambique,莫桑比克
662,11,151,0,507,11,20200619,4,0,0,0,Mozambique,莫桑比克
668,6,151,0,513,6,20200620,4,0,0,0,Mozambique,莫桑比克
733,65,181,30,547,34,20200621,5,1,0,0,Mozambique,莫桑比克
733,0,181,0,547,0,20200622,5,0,0,0,Mozambique,莫桑比克
757,24,206,25,546,-1,20200623,5,0,0,0,Mozambique,莫桑比克
757,0,206,0,546,0,20200624,5,0,0,0,Mozambique,莫桑比克
788,31,221,15,562,16,20200625,5,0,0,0,Mozambique,莫桑比克
816,28,223,2,588,26,20200626,5,0,0,0,Mozambique,莫桑比克
839,23,225,2,609,21,20200627,5,0,0,0,Mozambique,莫桑比克
839,0,225,0,609,0,20200628,5,0,0,0,Mozambique,莫桑比克
859,20,225,0,629,20,20200629,5,0,0,0,Mozambique,莫桑比克
883,24,225,0,653,24,20200630,5,0,0,0,Mozambique,莫桑比克
889,6,225,0,658,5,20200701,6,1,0,0,Mozambique,莫桑比克
903,14,225,0,672,14,20200702,6,0,0,0,Mozambique,莫桑比克
918,15,225,0,687,15,20200703,6,0,0,0,Mozambique,莫桑比克
939,21,225,0,708,21,20200704,6,0,0,0,Mozambique,莫桑比克
969,30,225,0,737,29,20200705,7,1,0,0,Mozambique,莫桑比克
987,18,225,0,754,17,20200706,8,1,0,0,Mozambique,莫桑比克
1012,25,225,0,779,25,20200707,8,0,0,0,Mozambique,莫桑比克
1071,59,337,112,726,-53,20200708,8,0,0,0,Mozambique,莫桑比克
