﻿confirmedCount,confirmedIncr,curedCount,curedIncr,currentConfirmedCount,currentConfirmedIncr,dateId,deadCount,deadIncr,suspectedCount,suspectedCountIncr,countryFullName,countryName
1,1,0,0,1,1,20200228,0,0,0,0,Nigeria,尼日利亚
1,0,0,0,1,0,20200229,0,0,0,0,Nigeria,尼日利亚
1,0,0,0,1,0,20200301,0,0,0,0,Nigeria,尼日利亚
1,0,0,0,1,0,20200302,0,0,0,0,Nigeria,尼日利亚
1,0,0,0,1,0,20200303,0,0,0,0,Nigeria,尼日利亚
1,0,0,0,1,0,20200304,0,0,0,0,Nigeria,尼日利亚
1,0,0,0,1,0,20200305,0,0,0,0,Nigeria,尼日利亚
1,0,0,0,1,0,20200306,0,0,0,0,Nigeria,尼日利亚
1,0,0,0,1,0,20200307,0,0,0,0,Nigeria,尼日利亚
1,0,0,0,1,0,20200308,0,0,0,0,Nigeria,尼日利亚
2,1,0,0,2,1,20200309,0,0,0,0,Nigeria,尼日利亚
2,0,0,0,2,0,20200310,0,0,0,0,Nigeria,尼日利亚
2,0,0,0,2,0,20200311,0,0,0,0,Nigeria,尼日利亚
2,0,0,0,2,0,20200312,0,0,0,0,Nigeria,尼日利亚
2,0,0,0,2,0,20200313,0,0,0,0,Nigeria,尼日利亚
2,0,0,0,2,0,20200314,0,0,0,0,Nigeria,尼日利亚
2,0,0,0,2,0,20200315,0,0,0,0,Nigeria,尼日利亚
2,0,0,0,2,0,20200316,0,0,0,0,Nigeria,尼日利亚
2,0,0,0,2,0,20200317,0,0,0,0,Nigeria,尼日利亚
2,0,1,1,1,-1,20200318,0,0,0,0,Nigeria,尼日利亚
12,10,1,0,11,10,20200319,0,0,0,0,Nigeria,尼日利亚
12,0,1,0,11,0,20200320,0,0,0,0,Nigeria,尼日利亚
22,10,1,0,21,10,20200321,0,0,0,0,Nigeria,尼日利亚
30,8,2,1,28,7,20200322,0,0,0,0,Nigeria,尼日利亚
36,6,2,0,33,5,20200323,1,1,0,0,Nigeria,尼日利亚
44,8,2,0,41,8,20200324,1,0,0,0,Nigeria,尼日利亚
46,2,2,0,43,2,20200325,1,0,0,0,Nigeria,尼日利亚
65,19,2,0,62,19,20200326,1,0,0,0,Nigeria,尼日利亚
70,5,3,1,66,4,20200327,1,0,0,0,Nigeria,尼日利亚
89,19,3,0,85,19,20200328,1,0,0,0,Nigeria,尼日利亚
111,22,3,0,107,22,20200329,1,0,0,0,Nigeria,尼日利亚
131,20,8,5,121,14,20200330,2,1,0,0,Nigeria,尼日利亚
139,8,9,1,128,7,20200331,2,0,0,0,Nigeria,尼日利亚
174,35,9,0,163,35,20200401,2,0,0,0,Nigeria,尼日利亚
184,10,20,11,162,-1,20200402,2,0,0,0,Nigeria,尼日利亚
210,26,25,5,181,19,20200403,4,2,0,0,Nigeria,尼日利亚
214,4,25,0,185,4,20200404,4,0,0,0,Nigeria,尼日利亚
232,18,33,8,194,9,20200405,5,1,0,0,Nigeria,尼日利亚
238,6,35,2,198,4,20200406,5,0,0,0,Nigeria,尼日利亚
254,16,44,9,204,6,20200407,6,1,0,0,Nigeria,尼日利亚
276,22,44,0,226,22,20200408,6,0,0,0,Nigeria,尼日利亚
288,12,51,7,230,4,20200409,7,1,0,0,Nigeria,尼日利亚
305,17,58,7,240,10,20200410,7,0,0,0,Nigeria,尼日利亚
318,13,70,12,238,-2,20200411,10,3,0,0,Nigeria,尼日利亚
323,5,85,15,228,-10,20200412,10,0,0,0,Nigeria,尼日利亚
343,20,91,6,242,14,20200413,10,0,0,0,Nigeria,尼日利亚
362,19,99,8,252,10,20200414,11,1,0,0,Nigeria,尼日利亚
407,45,128,29,267,15,20200415,12,1,0,0,Nigeria,尼日利亚
442,35,152,24,277,10,20200416,13,1,0,0,Nigeria,尼日利亚
493,51,159,7,317,40,20200417,17,4,0,0,Nigeria,尼日利亚
542,49,166,7,357,40,20200418,19,2,0,0,Nigeria,尼日利亚
627,85,170,4,436,79,20200419,21,2,0,0,Nigeria,尼日利亚
627,0,170,0,436,0,20200420,21,0,0,0,Nigeria,尼日利亚
782,155,197,27,560,124,20200421,25,4,0,0,Nigeria,尼日利亚
873,91,197,0,648,88,20200422,28,3,0,0,Nigeria,尼日利亚
981,108,197,0,753,105,20200423,31,3,0,0,Nigeria,尼日利亚
1095,114,208,11,855,102,20200424,32,1,0,0,Nigeria,尼日利亚
1095,0,208,0,855,0,20200425,32,0,0,0,Nigeria,尼日利亚
1273,178,239,31,994,139,20200426,40,8,0,0,Nigeria,尼日利亚
1337,64,255,16,1042,48,20200427,40,0,0,0,Nigeria,尼日利亚
1532,195,255,0,1233,191,20200428,44,4,0,0,Nigeria,尼日利亚
1728,196,307,52,1370,137,20200429,51,7,0,0,Nigeria,尼日利亚
1932,204,319,12,1555,185,20200430,58,7,0,0,Nigeria,尼日利亚
2170,238,351,32,1751,196,20200501,68,10,0,0,Nigeria,尼日利亚
2388,218,385,34,1918,167,20200502,85,17,0,0,Nigeria,尼日利亚
2388,0,385,0,1918,0,20200503,85,0,0,0,Nigeria,尼日利亚
2802,414,417,32,2292,374,20200504,93,8,0,0,Nigeria,尼日利亚
2950,148,481,64,2371,79,20200505,98,5,0,0,Nigeria,尼日利亚
2950,0,481,0,2371,0,20200506,98,0,0,0,Nigeria,尼日利亚
3415,465,534,53,2778,407,20200507,103,5,0,0,Nigeria,尼日利亚
3912,497,679,145,3116,338,20200508,117,14,0,0,Nigeria,尼日利亚
4151,239,745,66,3278,162,20200509,128,11,0,0,Nigeria,尼日利亚
4399,248,778,33,3478,200,20200510,143,15,0,0,Nigeria,尼日利亚
4641,242,902,124,3589,111,20200511,150,7,0,0,Nigeria,尼日利亚
4787,146,959,57,3670,81,20200512,158,8,0,0,Nigeria,尼日利亚
4971,184,1070,111,3737,67,20200513,164,6,0,0,Nigeria,尼日利亚
4971,0,1070,0,3737,0,20200514,164,0,0,0,Nigeria,尼日利亚
5445,474,1320,250,3954,217,20200515,171,7,0,0,Nigeria,尼日利亚
5621,176,1472,152,3973,19,20200516,176,5,0,0,Nigeria,尼日利亚
5959,338,1594,122,4183,210,20200517,182,6,0,0,Nigeria,尼日利亚
6175,216,1644,50,4340,157,20200518,191,9,0,0,Nigeria,尼日利亚
6401,226,1734,90,4475,135,20200519,192,1,0,0,Nigeria,尼日利亚
6647,246,1840,106,4607,132,20200520,200,8,0,0,Nigeria,尼日利亚
7016,369,1907,67,4898,291,20200521,211,11,0,0,Nigeria,尼日利亚
7261,245,2007,100,5033,135,20200522,221,10,0,0,Nigeria,尼日利亚
7261,0,2007,0,5033,0,20200523,221,0,0,0,Nigeria,尼日利亚
7526,265,2174,167,5131,98,20200524,221,0,0,0,Nigeria,尼日利亚
8068,542,2311,137,5524,393,20200525,233,12,0,0,Nigeria,尼日利亚
8344,276,2385,74,5710,186,20200526,249,16,0,0,Nigeria,尼日利亚
8733,389,2501,116,5978,268,20200527,254,5,0,0,Nigeria,尼日利亚
8915,182,2592,91,6064,86,20200528,259,5,0,0,Nigeria,尼日利亚
9302,387,2697,105,6344,280,20200529,261,2,0,0,Nigeria,尼日利亚
9855,553,2856,159,6726,382,20200530,273,12,0,0,Nigeria,尼日利亚
10162,307,3007,151,6868,142,20200531,287,14,0,0,Nigeria,尼日利亚
10162,0,3007,0,6868,0,20200601,287,0,0,0,Nigeria,尼日利亚
10819,657,3239,232,7266,398,20200602,314,27,0,0,Nigeria,尼日利亚
11166,347,3329,90,7522,256,20200603,315,1,0,0,Nigeria,尼日利亚
11516,350,3535,206,7658,136,20200604,323,8,0,0,Nigeria,尼日利亚
11844,328,3696,161,7815,157,20200605,333,10,0,0,Nigeria,尼日利亚
11844,0,3696,0,7815,0,20200606,333,0,0,0,Nigeria,尼日利亚
12233,389,3826,130,8065,250,20200607,342,9,0,0,Nigeria,尼日利亚
12801,568,4040,214,8400,335,20200608,361,19,0,0,Nigeria,尼日利亚
13464,663,4206,166,8893,493,20200609,365,4,0,0,Nigeria,尼日利亚
13873,409,4351,145,9140,247,20200610,382,17,0,0,Nigeria,尼日利亚
14554,681,4494,143,9673,533,20200611,387,5,0,0,Nigeria,尼日利亚
15181,627,4891,397,9891,218,20200612,399,12,0,0,Nigeria,尼日利亚
15682,501,5101,210,10174,283,20200613,407,8,0,0,Nigeria,尼日利亚
16085,403,5220,119,10445,271,20200614,420,13,0,0,Nigeria,尼日利亚
16658,573,5349,129,10885,440,20200615,424,4,0,0,Nigeria,尼日利亚
17148,490,5623,274,11070,185,20200616,455,31,0,0,Nigeria,尼日利亚
17148,0,5623,0,11070,0,20200617,455,0,0,0,Nigeria,尼日利亚
18480,1332,6307,684,11698,628,20200618,475,20,0,0,Nigeria,尼日利亚
19147,667,6581,274,12079,381,20200619,487,12,0,0,Nigeria,尼日利亚
19808,661,6718,137,12584,505,20200620,506,19,0,0,Nigeria,尼日利亚
19808,0,6718,0,12584,0,20200621,506,0,0,0,Nigeria,尼日利亚
20919,1111,7109,391,13285,701,20200622,525,19,0,0,Nigeria,尼日利亚
21371,452,7338,229,13500,215,20200623,533,8,0,0,Nigeria,尼日利亚
22020,649,7613,275,13865,365,20200624,542,9,0,0,Nigeria,尼日利亚
22614,594,7822,209,14243,378,20200625,549,7,0,0,Nigeria,尼日利亚
23298,684,8253,431,14491,248,20200626,554,5,0,0,Nigeria,尼日利亚
24077,779,8625,372,14894,403,20200627,558,4,0,0,Nigeria,尼日利亚
24567,490,9007,382,14995,101,20200628,565,7,0,0,Nigeria,尼日利亚
25133,566,9402,395,15158,163,20200629,573,8,0,0,Nigeria,尼日利亚
25133,0,9402,0,15158,0,20200630,573,0,0,0,Nigeria,尼日利亚
25694,561,9746,344,15358,200,20200701,590,17,0,0,Nigeria,尼日利亚
27110,1416,10801,1055,15693,335,20200702,616,26,0,0,Nigeria,尼日利亚
27110,0,10801,0,15693,0,20200703,616,0,0,0,Nigeria,尼日利亚
28167,1057,11462,661,16071,378,20200704,634,18,0,0,Nigeria,尼日利亚
28711,544,11665,203,16401,330,20200705,645,11,0,0,Nigeria,尼日利亚
29286,575,11828,163,16804,403,20200706,654,9,0,0,Nigeria,尼日利亚
29286,0,11828,0,16804,0,20200707,654,0,0,0,Nigeria,尼日利亚
30249,963,12373,545,17192,388,20200708,684,30,0,0,Nigeria,尼日利亚
