﻿confirmedCount,confirmedIncr,curedCount,curedIncr,currentConfirmedCount,currentConfirmedIncr,dateId,deadCount,deadIncr,suspectedCount,suspectedCountIncr,countryFullName,countryName
1,1,0,0,1,1,20200319,0,0,0,0,Niger,尼日尔
1,0,0,0,1,0,20200320,0,0,0,0,Niger,尼日尔
1,0,0,0,1,0,20200321,0,0,0,0,Niger,尼日尔
2,1,0,0,2,1,20200322,0,0,0,0,Niger,尼日尔
2,0,0,0,2,0,20200323,0,0,0,0,Niger,尼日尔
7,5,0,0,7,5,20200324,0,0,0,0,Niger,尼日尔
7,0,0,0,7,0,20200325,0,0,0,0,Niger,尼日尔
8,1,0,0,7,0,20200326,1,1,0,0,Niger,尼日尔
10,2,0,0,9,2,20200327,1,0,0,0,Niger,尼日尔
10,0,0,0,9,0,20200328,1,0,0,0,Niger,尼日尔
10,0,0,0,9,0,20200329,1,0,0,0,Niger,尼日尔
20,10,0,0,17,8,20200330,3,2,0,0,Niger,尼日尔
20,0,0,0,17,0,20200331,3,0,0,0,Niger,尼日尔
34,14,0,0,31,14,20200401,3,0,0,0,Niger,尼日尔
74,40,0,0,69,38,20200402,5,2,0,0,Niger,尼日尔
120,46,0,0,115,46,20200403,5,0,0,0,Niger,尼日尔
144,24,0,0,136,21,20200404,8,3,0,0,Niger,尼日尔
184,40,13,13,161,25,20200405,10,2,0,0,Niger,尼日尔
253,69,26,13,217,56,20200406,10,0,0,0,Niger,尼日尔
253,0,26,0,217,0,20200407,10,0,0,0,Niger,尼日尔
342,89,28,2,303,86,20200408,11,1,0,0,Niger,尼日尔
410,68,40,12,359,56,20200409,11,0,0,0,Niger,尼日尔
438,28,41,1,386,27,20200410,11,0,0,0,Niger,尼日尔
491,53,50,9,430,44,20200411,11,0,0,0,Niger,尼日尔
529,38,75,25,442,12,20200412,12,1,0,0,Niger,尼日尔
548,19,86,11,449,7,20200413,13,1,0,0,Niger,尼日尔
570,22,90,4,466,17,20200414,14,1,0,0,Niger,尼日尔
584,14,97,7,473,7,20200415,14,0,0,0,Niger,尼日尔
609,25,105,8,489,16,20200416,15,1,0,0,Niger,尼日尔
627,18,110,5,499,10,20200417,18,3,0,0,Niger,尼日尔
639,12,113,3,507,8,20200418,19,1,0,0,Niger,尼日尔
639,0,113,0,507,0,20200419,19,0,0,0,Niger,尼日尔
655,16,124,11,511,4,20200420,20,1,0,0,Niger,尼日尔
657,2,127,3,510,-1,20200421,20,0,0,0,Niger,尼日尔
662,5,193,66,447,-63,20200422,22,2,0,0,Niger,尼日尔
671,9,256,63,391,-56,20200423,24,2,0,0,Niger,尼日尔
681,10,289,33,368,-23,20200424,24,0,0,0,Niger,尼日尔
681,0,289,0,368,0,20200425,24,0,0,0,Niger,尼日尔
684,3,289,0,368,0,20200426,27,3,0,0,Niger,尼日尔
696,12,350,61,317,-51,20200427,29,2,0,0,Niger,尼日尔
709,13,403,53,275,-42,20200428,31,2,0,0,Niger,尼日尔
713,4,435,32,246,-29,20200429,32,1,0,0,Niger,尼日尔
719,6,452,17,235,-11,20200430,32,0,0,0,Niger,尼日尔
728,9,478,26,217,-18,20200501,33,1,0,0,Niger,尼日尔
736,8,507,29,194,-23,20200502,35,2,0,0,Niger,尼日尔
736,0,507,0,194,0,20200503,35,0,0,0,Niger,尼日尔
750,14,507,0,207,13,20200504,36,1,0,0,Niger,尼日尔
755,5,507,0,211,4,20200505,37,1,0,0,Niger,尼日尔
763,8,507,0,218,7,20200506,38,1,0,0,Niger,尼日尔
781,18,586,79,153,-65,20200507,42,4,0,0,Niger,尼日尔
781,0,586,0,153,0,20200508,42,0,0,0,Niger,尼日尔
795,14,586,0,165,12,20200509,44,2,0,0,Niger,尼日尔
815,20,586,0,184,19,20200510,45,1,0,0,Niger,尼日尔
832,17,637,51,149,-35,20200511,46,1,0,0,Niger,尼日尔
854,22,648,11,159,10,20200512,47,1,0,0,Niger,尼日尔
854,0,648,0,159,0,20200513,47,0,0,0,Niger,尼日尔
860,6,648,0,163,4,20200514,49,2,0,0,Niger,尼日尔
876,16,648,0,178,15,20200515,50,1,0,0,Niger,尼日尔
885,9,648,0,186,8,20200516,51,1,0,0,Niger,尼日尔
904,19,698,50,152,-34,20200517,54,3,0,0,Niger,尼日尔
904,0,698,0,152,0,20200518,54,0,0,0,Niger,尼日尔
914,10,734,36,125,-27,20200519,55,1,0,0,Niger,尼日尔
914,0,734,0,125,0,20200520,55,0,0,0,Niger,尼日尔
920,6,734,0,128,3,20200521,58,3,0,0,Niger,尼日尔
924,4,734,0,130,2,20200522,60,2,0,0,Niger,尼日尔
937,13,734,0,143,13,20200523,60,0,0,0,Niger,尼日尔
943,6,734,0,148,5,20200524,61,1,0,0,Niger,尼日尔
945,2,734,0,150,2,20200525,61,0,0,0,Niger,尼日尔
951,6,734,0,155,5,20200526,62,1,0,0,Niger,尼日尔
952,1,734,0,155,0,20200527,63,1,0,0,Niger,尼日尔
955,3,734,0,157,2,20200528,64,1,0,0,Niger,尼日尔
955,0,734,0,157,0,20200529,64,0,0,0,Niger,尼日尔
955,0,734,0,157,0,20200530,64,0,0,0,Niger,尼日尔
956,1,734,0,158,1,20200531,64,0,0,0,Niger,尼日尔
958,2,734,0,160,2,20200601,64,0,0,0,Niger,尼日尔
958,0,734,0,160,0,20200602,64,0,0,0,Niger,尼日尔
960,2,734,0,161,1,20200603,65,1,0,0,Niger,尼日尔
961,1,734,0,162,1,20200604,65,0,0,0,Niger,尼日尔
963,2,734,0,164,2,20200605,65,0,0,0,Niger,尼日尔
966,3,734,0,167,3,20200606,65,0,0,0,Niger,尼日尔
970,4,734,0,171,4,20200607,65,0,0,0,Niger,尼日尔
973,3,734,0,174,3,20200608,65,0,0,0,Niger,尼日尔
973,0,734,0,174,0,20200609,65,0,0,0,Niger,尼日尔
974,1,734,0,175,1,20200610,65,0,0,0,Niger,尼日尔
974,0,734,0,175,0,20200611,65,0,0,0,Niger,尼日尔
974,0,734,0,175,0,20200612,65,0,0,0,Niger,尼日尔
978,4,734,0,179,4,20200613,65,0,0,0,Niger,尼日尔
978,0,734,0,179,0,20200614,65,0,0,0,Niger,尼日尔
980,2,734,0,180,1,20200615,66,1,0,0,Niger,尼日尔
980,0,734,0,180,0,20200616,66,0,0,0,Niger,尼日尔
980,0,734,0,180,0,20200617,66,0,0,0,Niger,尼日尔
1020,40,734,0,219,39,20200618,67,1,0,0,Niger,尼日尔
1020,0,734,0,219,0,20200619,67,0,0,0,Niger,尼日尔
1026,6,734,0,225,6,20200620,67,0,0,0,Niger,尼日尔
1035,9,734,0,234,9,20200621,67,0,0,0,Niger,尼日尔
1036,1,734,0,235,1,20200622,67,0,0,0,Niger,尼日尔
1046,10,734,0,245,10,20200623,67,0,0,0,Niger,尼日尔
1051,5,734,0,250,5,20200624,67,0,0,0,Niger,尼日尔
1056,5,734,0,255,5,20200625,67,0,0,0,Niger,尼日尔
1059,3,734,0,258,3,20200626,67,0,0,0,Niger,尼日尔
1059,0,734,0,258,0,20200627,67,0,0,0,Niger,尼日尔
1059,0,734,0,258,0,20200628,67,0,0,0,Niger,尼日尔
1074,15,734,0,273,15,20200629,67,0,0,0,Niger,尼日尔
1075,1,734,0,274,1,20200630,67,0,0,0,Niger,尼日尔
1075,0,734,0,274,0,20200701,67,0,0,0,Niger,尼日尔
1075,0,734,0,274,0,20200702,67,0,0,0,Niger,尼日尔
1081,6,734,0,279,5,20200703,68,1,0,0,Niger,尼日尔
1082,1,734,0,280,1,20200704,68,0,0,0,Niger,尼日尔
1082,0,734,0,280,0,20200705,68,0,0,0,Niger,尼日尔
1093,11,734,0,291,11,20200706,68,0,0,0,Niger,尼日尔
1093,0,734,0,291,0,20200707,68,0,0,0,Niger,尼日尔
1094,1,734,0,292,1,20200708,68,0,0,0,Niger,尼日尔
