﻿confirmedCount,confirmedIncr,curedCount,curedIncr,currentConfirmedCount,currentConfirmedIncr,dateId,deadCount,deadIncr,suspectedCount,suspectedCountIncr,countryFullName,countryName
1,1,0,0,1,1,20200227,0,0,0,0,North Macedonia,北马其顿
1,0,0,0,1,0,20200228,0,0,0,0,North Macedonia,北马其顿
1,0,0,0,1,0,20200229,0,0,0,0,North Macedonia,北马其顿
1,0,0,0,1,0,20200301,0,0,0,0,North Macedonia,北马其顿
1,0,0,0,1,0,20200302,0,0,0,0,North Macedonia,北马其顿
1,0,0,0,1,0,20200303,0,0,0,0,North Macedonia,北马其顿
1,0,0,0,1,0,20200304,0,0,0,0,North Macedonia,北马其顿
1,0,0,0,1,0,20200305,0,0,0,0,North Macedonia,北马其顿
1,0,0,0,1,0,20200306,0,0,0,0,North Macedonia,北马其顿
3,2,0,0,3,2,20200307,0,0,0,0,North Macedonia,北马其顿
3,0,0,0,3,0,20200308,0,0,0,0,North Macedonia,北马其顿
3,0,0,0,3,0,20200309,0,0,0,0,North Macedonia,北马其顿
7,4,0,0,7,4,20200310,0,0,0,0,North Macedonia,北马其顿
7,0,0,0,7,0,20200311,0,0,0,0,North Macedonia,北马其顿
7,0,0,0,7,0,20200312,0,0,0,0,North Macedonia,北马其顿
7,0,0,0,7,0,20200313,0,0,0,0,North Macedonia,北马其顿
9,2,0,0,9,2,20200314,0,0,0,0,North Macedonia,北马其顿
13,4,0,0,13,4,20200315,0,0,0,0,North Macedonia,北马其顿
13,0,0,0,13,0,20200316,0,0,0,0,North Macedonia,北马其顿
19,6,0,0,19,6,20200317,0,0,0,0,North Macedonia,北马其顿
31,12,0,0,31,12,20200318,0,0,0,0,North Macedonia,北马其顿
35,4,0,0,35,4,20200319,0,0,0,0,North Macedonia,北马其顿
67,32,0,0,67,32,20200320,0,0,0,0,North Macedonia,北马其顿
70,3,0,0,70,3,20200321,0,0,0,0,North Macedonia,北马其顿
85,15,0,0,85,15,20200322,0,0,0,0,North Macedonia,北马其顿
136,51,1,1,133,48,20200323,2,2,0,0,North Macedonia,北马其顿
136,0,1,0,133,0,20200324,2,0,0,0,North Macedonia,北马其顿
148,12,1,0,145,12,20200325,2,0,0,0,North Macedonia,北马其顿
177,29,1,0,174,29,20200326,2,0,0,0,North Macedonia,北马其顿
201,24,1,0,197,23,20200327,3,1,0,0,North Macedonia,北马其顿
219,18,1,0,215,18,20200328,3,0,0,0,North Macedonia,北马其顿
257,38,1,0,250,35,20200329,6,3,0,0,North Macedonia,北马其顿
259,2,1,0,252,2,20200330,6,0,0,0,North Macedonia,北马其顿
329,70,1,0,321,69,20200331,7,1,0,0,North Macedonia,北马其顿
329,0,1,0,319,-2,20200401,9,2,0,0,North Macedonia,北马其顿
354,25,1,0,342,23,20200402,11,2,0,0,North Macedonia,北马其顿
430,76,1,0,418,76,20200403,11,0,0,0,North Macedonia,北马其顿
483,53,20,19,446,28,20200404,17,6,0,0,North Macedonia,北马其顿
555,72,23,3,514,68,20200405,18,1,0,0,North Macedonia,北马其顿
570,15,30,7,519,5,20200406,21,3,0,0,North Macedonia,北马其顿
570,0,30,0,519,0,20200407,21,0,0,0,North Macedonia,北马其顿
617,47,35,5,552,33,20200408,30,9,0,0,North Macedonia,北马其顿
663,46,35,0,598,46,20200409,30,0,0,0,North Macedonia,北马其顿
711,48,41,6,638,40,20200410,32,2,0,0,North Macedonia,北马其顿
760,49,41,0,685,47,20200411,34,2,0,0,North Macedonia,北马其顿
828,68,41,0,753,68,20200412,34,0,0,0,North Macedonia,北马其顿
854,26,44,3,772,19,20200413,38,4,0,0,North Macedonia,北马其顿
908,54,86,42,778,6,20200414,44,6,0,0,North Macedonia,北马其顿
974,66,98,12,831,53,20200415,45,1,0,0,North Macedonia,北马其顿
1081,107,121,23,914,83,20200416,46,1,0,0,North Macedonia,北马其顿
1117,36,139,18,929,15,20200417,49,3,0,0,North Macedonia,北马其顿
1170,53,164,25,957,28,20200418,49,0,0,0,North Macedonia,北马其顿
1207,37,179,15,977,20,20200419,51,2,0,0,North Macedonia,北马其顿
1225,18,200,21,971,-6,20200420,54,3,0,0,North Macedonia,北马其顿
1231,6,224,24,952,-19,20200421,55,1,0,0,North Macedonia,北马其顿
1259,28,272,48,931,-21,20200422,56,1,0,0,North Macedonia,北马其顿
1300,41,301,29,943,12,20200423,56,0,0,0,North Macedonia,北马其顿
1326,26,337,36,932,-11,20200424,57,1,0,0,North Macedonia,北马其顿
1367,41,374,37,934,2,20200425,59,2,0,0,North Macedonia,北马其顿
1367,0,374,0,934,0,20200426,59,0,0,0,North Macedonia,北马其顿
1399,32,553,179,781,-153,20200427,65,6,0,0,North Macedonia,北马其顿
1421,22,589,36,761,-20,20200428,71,6,0,0,North Macedonia,北马其顿
1442,21,627,38,742,-19,20200429,73,2,0,0,North Macedonia,北马其顿
1442,0,627,0,742,0,20200430,73,0,0,0,North Macedonia,北马其顿
1494,52,807,180,606,-136,20200501,81,8,0,0,North Macedonia,北马其顿
1506,12,852,45,646,40,20200502,8,-73,0,0,North Macedonia,北马其顿
1506,0,852,0,572,-74,20200503,82,74,0,0,North Macedonia,北马其顿
1511,5,852,0,575,3,20200504,84,2,0,0,North Macedonia,北马其顿
1518,7,852,0,581,6,20200505,85,1,0,0,North Macedonia,北马其顿
1539,21,1057,205,394,-187,20200506,88,3,0,0,North Macedonia,北马其顿
1572,33,1079,22,404,10,20200507,89,1,0,0,North Macedonia,北马其顿
1572,0,1079,0,404,0,20200508,89,0,0,0,North Macedonia,北马其顿
1586,14,1079,0,417,13,20200509,90,1,0,0,North Macedonia,北马其顿
1642,56,1136,57,415,-2,20200510,91,1,0,0,North Macedonia,北马其顿
1664,22,1200,64,373,-42,20200511,91,0,0,0,North Macedonia,北马其顿
1664,0,1200,0,373,0,20200512,91,0,0,0,North Macedonia,北马其顿
1694,30,1229,29,370,-3,20200513,95,4,0,0,North Macedonia,北马其顿
1694,0,1229,0,370,0,20200514,95,0,0,0,North Macedonia,北马其顿
1740,46,1251,22,392,22,20200515,97,2,0,0,North Macedonia,北马其顿
1762,22,1267,16,397,5,20200516,98,1,0,0,North Macedonia,北马其顿
1792,30,1293,26,398,1,20200517,101,3,0,0,North Macedonia,北马其顿
1817,25,1301,8,412,14,20200518,104,3,0,0,North Macedonia,北马其顿
1839,22,1351,50,382,-30,20200519,106,2,0,0,North Macedonia,北马其顿
1858,19,1367,16,381,-1,20200520,110,4,0,0,North Macedonia,北马其顿
1898,40,1378,11,409,28,20200521,111,1,0,0,North Macedonia,北马其顿
1898,0,1378,0,409,0,20200522,111,0,0,0,North Macedonia,北马其顿
1941,43,1411,33,417,8,20200523,113,2,0,0,North Macedonia,北马其顿
1978,37,1422,11,443,26,20200524,113,0,0,0,North Macedonia,北马其顿
1978,0,1422,0,443,0,20200525,113,0,0,0,North Macedonia,北马其顿
2015,37,1453,31,446,3,20200526,116,3,0,0,North Macedonia,北马其顿
2040,25,1470,17,451,5,20200527,119,3,0,0,North Macedonia,北马其顿
2078,38,1486,16,470,19,20200528,122,3,0,0,North Macedonia,北马其顿
2129,51,1516,30,487,17,20200529,126,4,0,0,North Macedonia,北马其顿
2130,1,1516,0,488,1,20200530,126,0,0,0,North Macedonia,北马其顿
2164,34,1516,0,517,29,20200531,131,5,0,0,North Macedonia,北马其顿
2315,151,1569,53,606,89,20200601,140,9,0,0,North Macedonia,北马其顿
2391,76,1595,26,655,49,20200602,141,1,0,0,North Macedonia,北马其顿
2492,101,1605,10,742,87,20200603,145,4,0,0,North Macedonia,北马其顿
2611,119,1621,16,843,101,20200604,147,2,0,0,North Macedonia,北马其顿
2790,179,1632,11,1009,166,20200605,149,2,0,0,North Macedonia,北马其顿
2915,125,1640,8,1124,115,20200606,151,2,0,0,North Macedonia,北马其顿
3025,110,1646,6,1226,102,20200607,153,2,0,0,North Macedonia,北马其顿
3152,127,1653,7,1346,120,20200608,153,0,0,0,North Macedonia,北马其顿
3239,87,1658,5,1424,78,20200609,157,4,0,0,North Macedonia,北马其顿
3364,125,1664,6,1536,112,20200610,164,7,0,0,North Macedonia,北马其顿
3538,174,1682,18,1687,151,20200611,169,5,0,0,North Macedonia,北马其顿
3701,163,1694,12,1836,149,20200612,171,2,0,0,North Macedonia,北马其顿
3895,194,1705,11,2011,175,20200613,179,8,0,0,North Macedonia,北马其顿
4057,162,1710,5,2159,148,20200614,188,9,0,0,North Macedonia,北马其顿
4157,100,1723,13,2241,82,20200615,193,5,0,0,North Macedonia,北马其顿
4289,132,1757,34,2331,90,20200616,201,8,0,0,North Macedonia,北马其顿
4482,193,1803,46,2469,138,20200617,210,9,0,0,North Macedonia,北马其顿
4664,182,1836,33,2612,143,20200618,216,6,0,0,North Macedonia,北马其顿
4820,156,1863,27,2735,123,20200619,222,6,0,0,North Macedonia,北马其顿
5005,185,1904,41,2868,133,20200620,233,11,0,0,North Macedonia,北马其顿
5005,0,1904,0,2868,0,20200621,233,0,0,0,North Macedonia,北马其顿
5196,191,1974,70,2975,107,20200622,247,14,0,0,North Macedonia,北马其顿
5311,115,2048,74,3012,37,20200623,251,4,0,0,North Macedonia,北马其顿
5445,134,2091,43,3095,83,20200624,259,8,0,0,North Macedonia,北马其顿
5595,150,2166,75,3164,69,20200625,265,6,0,0,North Macedonia,北马其顿
5758,163,2166,0,3324,160,20200626,268,3,0,0,North Macedonia,北马其顿
5906,148,2236,70,3393,69,20200627,277,9,0,0,North Macedonia,北马其顿
6080,174,2315,79,3479,86,20200628,286,9,0,0,North Macedonia,北马其顿
6209,129,2427,112,3496,17,20200629,286,0,0,0,North Macedonia,北马其顿
6334,125,2475,48,3557,61,20200630,302,16,0,0,North Macedonia,北马其顿
6350,16,2598,123,3446,-111,20200701,306,4,0,0,North Macedonia,北马其顿
6625,275,2748,150,3556,110,20200702,321,15,0,0,North Macedonia,北马其顿
6787,162,2876,128,3583,27,20200703,328,7,0,0,North Macedonia,北马其顿
6787,0,2876,0,3583,0,20200704,328,0,0,0,North Macedonia,北马其顿
7046,259,3047,171,3658,75,20200705,341,13,0,0,North Macedonia,北马其顿
7124,78,3199,152,3579,-79,20200706,346,5,0,0,North Macedonia,北马其顿
7244,120,3324,125,3569,-10,20200707,351,5,0,0,North Macedonia,北马其顿
7406,162,3554,230,3493,-76,20200708,359,8,0,0,North Macedonia,北马其顿
