﻿confirmedCount,confirmedIncr,curedCount,curedIncr,currentConfirmedCount,currentConfirmedIncr,dateId,deadCount,deadIncr,suspectedCount,suspectedCountIncr,countryFullName,countryName
2,2,0,0,2,2,20200227,0,0,0,0,Pakistan,巴基斯坦
2,0,0,0,2,0,20200228,0,0,0,0,Pakistan,巴基斯坦
2,0,0,0,2,0,20200229,0,0,0,0,Pakistan,巴基斯坦
4,2,0,0,4,2,20200301,0,0,0,0,Pakistan,巴基斯坦
4,0,0,0,4,0,20200302,0,0,0,0,Pakistan,巴基斯坦
5,1,0,0,5,1,20200303,0,0,0,0,Pakistan,巴基斯坦
5,0,0,0,5,0,20200304,0,0,0,0,Pakistan,巴基斯坦
5,0,0,0,5,0,20200305,0,0,0,0,Pakistan,巴基斯坦
5,0,0,0,5,0,20200306,0,0,0,0,Pakistan,巴基斯坦
5,0,0,0,5,0,20200307,0,0,0,0,Pakistan,巴基斯坦
5,0,0,0,5,0,20200308,0,0,0,0,Pakistan,巴基斯坦
6,1,0,0,6,1,20200309,0,0,0,0,Pakistan,巴基斯坦
16,10,0,0,16,10,20200310,0,0,0,0,Pakistan,巴基斯坦
16,0,0,0,16,0,20200311,0,0,0,0,Pakistan,巴基斯坦
19,3,0,0,19,3,20200312,0,0,0,0,Pakistan,巴基斯坦
20,1,0,0,20,1,20200313,0,0,0,0,Pakistan,巴基斯坦
21,1,0,0,21,1,20200314,0,0,0,0,Pakistan,巴基斯坦
28,7,1,1,27,6,20200315,0,0,0,0,Pakistan,巴基斯坦
52,24,1,0,51,24,20200316,0,0,0,0,Pakistan,巴基斯坦
187,135,1,0,186,135,20200317,0,0,0,0,Pakistan,巴基斯坦
187,0,1,0,186,0,20200318,0,0,0,0,Pakistan,巴基斯坦
448,261,2,1,444,258,20200319,2,2,0,0,Pakistan,巴基斯坦
495,47,2,0,490,46,20200320,3,1,0,0,Pakistan,巴基斯坦
730,235,2,0,725,235,20200321,3,0,0,0,Pakistan,巴基斯坦
761,31,2,0,755,30,20200322,4,1,0,0,Pakistan,巴基斯坦
875,114,6,4,863,108,20200323,6,2,0,0,Pakistan,巴基斯坦
972,97,6,0,959,96,20200324,7,1,0,0,Pakistan,巴基斯坦
1016,44,6,0,1003,44,20200325,7,0,0,0,Pakistan,巴基斯坦
1179,163,21,15,1149,146,20200326,9,2,0,0,Pakistan,巴基斯坦
1296,117,23,2,1264,115,20200327,9,0,0,0,Pakistan,巴基斯坦
1495,199,25,2,1458,194,20200328,12,3,0,0,Pakistan,巴基斯坦
1566,71,25,0,1526,68,20200329,15,3,0,0,Pakistan,巴基斯坦
1625,59,28,3,1579,53,20200330,18,3,0,0,Pakistan,巴基斯坦
1940,315,58,30,1856,277,20200331,26,8,0,0,Pakistan,巴基斯坦
2238,298,85,27,2122,266,20200401,31,5,0,0,Pakistan,巴基斯坦
2419,181,107,22,2278,156,20200402,34,3,0,0,Pakistan,巴基斯坦
2458,39,107,0,2316,38,20200403,35,1,0,0,Pakistan,巴基斯坦
2714,256,130,23,2544,228,20200404,40,5,0,0,Pakistan,巴基斯坦
3156,442,130,0,2979,435,20200405,47,7,0,0,Pakistan,巴基斯坦
3658,502,257,127,3349,370,20200406,52,5,0,0,Pakistan,巴基斯坦
4004,346,429,172,3520,171,20200407,55,3,0,0,Pakistan,巴基斯坦
4072,68,467,38,3547,27,20200408,58,3,0,0,Pakistan,巴基斯坦
4489,417,572,105,3854,307,20200409,63,5,0,0,Pakistan,巴基斯坦
4695,206,727,155,3902,48,20200410,66,3,0,0,Pakistan,巴基斯坦
5011,316,762,35,4172,270,20200411,77,11,0,0,Pakistan,巴基斯坦
5230,219,762,0,4377,205,20200412,91,14,0,0,Pakistan,巴基斯坦
5374,144,762,0,4519,142,20200413,93,2,0,0,Pakistan,巴基斯坦
5837,463,762,0,4979,460,20200414,96,3,0,0,Pakistan,巴基斯坦
6383,546,1446,684,4826,-153,20200415,111,15,0,0,Pakistan,巴基斯坦
6919,536,1446,0,5345,519,20200416,128,17,0,0,Pakistan,巴基斯坦
7392,473,1765,319,5490,145,20200417,137,9,0,0,Pakistan,巴基斯坦
7773,381,1832,67,5793,303,20200418,148,11,0,0,Pakistan,巴基斯坦
8348,575,1868,36,6312,519,20200419,168,20,0,0,Pakistan,巴基斯坦
9193,845,1970,102,7031,719,20200420,192,24,0,0,Pakistan,巴基斯坦
9595,402,2066,96,7328,297,20200421,201,9,0,0,Pakistan,巴基斯坦
9749,154,2066,0,7474,146,20200422,209,8,0,0,Pakistan,巴基斯坦
10513,764,2337,271,7952,478,20200423,224,15,0,0,Pakistan,巴基斯坦
11155,642,2337,0,8581,629,20200424,237,13,0,0,Pakistan,巴基斯坦
11940,785,2337,0,9350,769,20200425,253,16,0,0,Pakistan,巴基斯坦
12723,783,2337,0,10117,767,20200426,269,16,0,0,Pakistan,巴基斯坦
13328,605,3029,692,10018,-99,20200427,281,12,0,0,Pakistan,巴基斯坦
14079,751,3233,204,10545,527,20200428,301,20,0,0,Pakistan,巴基斯坦
14885,806,3425,192,11133,588,20200429,327,26,0,0,Pakistan,巴基斯坦
16117,1232,4105,680,11654,521,20200430,358,31,0,0,Pakistan,巴基斯坦
17439,1322,4315,210,12733,1079,20200501,391,33,0,0,Pakistan,巴基斯坦
18114,675,4315,0,13382,649,20200502,417,26,0,0,Pakistan,巴基斯坦
20084,1970,5114,799,14513,1131,20200503,457,40,0,0,Pakistan,巴基斯坦
20186,102,5590,476,14134,-379,20200504,462,5,0,0,Pakistan,巴基斯坦
21501,1315,5782,192,15233,1099,20200505,486,24,0,0,Pakistan,巴基斯坦
22550,1049,6217,435,15807,574,20200506,526,40,0,0,Pakistan,巴基斯坦
22550,0,6217,0,15807,0,20200507,526,0,0,0,Pakistan,巴基斯坦
25837,3287,7530,1313,17713,1906,20200508,594,68,0,0,Pakistan,巴基斯坦
27474,1637,7756,226,19100,1387,20200509,618,24,0,0,Pakistan,巴基斯坦
30334,2860,8063,307,21612,2512,20200510,659,41,0,0,Pakistan,巴基斯坦
30941,607,8212,149,22062,450,20200511,667,8,0,0,Pakistan,巴基斯坦
32674,1733,8555,343,23395,1333,20200512,724,57,0,0,Pakistan,巴基斯坦
35298,2624,8899,344,25638,2243,20200513,761,37,0,0,Pakistan,巴基斯坦
35788,490,9695,796,25323,-315,20200514,770,9,0,0,Pakistan,巴基斯坦
37218,1430,10155,460,26260,937,20200515,803,33,0,0,Pakistan,巴基斯坦
38799,1581,10880,725,27085,825,20200516,834,31,0,0,Pakistan,巴基斯坦
40151,1352,11341,461,27937,852,20200517,873,39,0,0,Pakistan,巴基斯坦
42125,1974,11922,581,29300,1363,20200518,903,30,0,0,Pakistan,巴基斯坦
45061,2936,12489,567,31603,2303,20200519,969,66,0,0,Pakistan,巴基斯坦
47259,2198,13101,612,33149,1546,20200520,1009,40,0,0,Pakistan,巴基斯坦
49497,2238,14155,1054,34290,1141,20200521,1052,43,0,0,Pakistan,巴基斯坦
51054,1557,15201,1046,34770,480,20200522,1083,31,0,0,Pakistan,巴基斯坦
53601,2547,16653,1452,35825,1055,20200523,1123,40,0,0,Pakistan,巴基斯坦
55768,2167,17198,545,37414,1589,20200524,1156,33,0,0,Pakistan,巴基斯坦
56349,581,17482,284,37700,286,20200525,1167,11,0,0,Pakistan,巴基斯坦
57705,1356,18314,832,38194,494,20200526,1197,30,0,0,Pakistan,巴基斯坦
60154,2449,19142,828,39773,1579,20200527,1239,42,0,0,Pakistan,巴基斯坦
61227,1073,20231,1089,39736,-37,20200528,1260,21,0,0,Pakistan,巴基斯坦
64028,2801,22305,2074,40406,670,20200529,1317,57,0,0,Pakistan,巴基斯坦
67704,3676,24131,1826,42140,1734,20200530,1433,116,0,0,Pakistan,巴基斯坦
71068,3364,25271,1140,44277,2137,20200531,1520,87,0,0,Pakistan,巴基斯坦
72460,1392,26083,812,44834,557,20200601,1543,23,0,0,Pakistan,巴基斯坦
76398,3938,27110,1027,47667,2833,20200602,1621,78,0,0,Pakistan,巴基斯坦
83267,6869,28923,1813,52627,4960,20200603,1717,96,0,0,Pakistan,巴基斯坦
85264,1997,30128,1205,53366,739,20200604,1770,53,0,0,Pakistan,巴基斯坦
89249,3985,31198,1070,56213,2847,20200605,1838,68,0,0,Pakistan,巴基斯坦
93983,4734,32581,1383,59467,3254,20200606,1935,97,0,0,Pakistan,巴基斯坦
98943,4960,33465,884,63476,4009,20200607,2002,67,0,0,Pakistan,巴基斯坦
103671,4728,34355,890,67249,3773,20200608,2067,65,0,0,Pakistan,巴基斯坦
108317,4646,35018,663,71127,3878,20200609,2172,105,0,0,Pakistan,巴基斯坦
113702,5385,36308,1290,75139,4012,20200610,2255,83,0,0,Pakistan,巴基斯坦
119536,5834,38391,2083,78789,3650,20200611,2356,101,0,0,Pakistan,巴基斯坦
125933,6397,40247,1856,83223,4434,20200612,2463,107,0,0,Pakistan,巴基斯坦
132405,6472,40247,0,89607,6384,20200613,2551,88,0,0,Pakistan,巴基斯坦
141517,9112,51735,11488,87135,-2472,20200614,2647,96,0,0,Pakistan,巴基斯坦
144478,2961,53721,1986,88028,893,20200615,2729,82,0,0,Pakistan,巴基斯坦
148921,4443,56390,2669,89692,1664,20200616,2839,110,0,0,Pakistan,巴基斯坦
157738,8817,58437,2047,96268,6576,20200617,3033,194,0,0,Pakistan,巴基斯坦
162404,4666,59215,778,100048,3780,20200618,3141,108,0,0,Pakistan,巴基斯坦
165062,2658,61383,2168,100450,402,20200619,3229,88,0,0,Pakistan,巴基斯坦
174510,9448,63504,2121,107570,7120,20200620,3436,207,0,0,Pakistan,巴基斯坦
179445,4935,67892,4388,107998,428,20200621,3555,119,0,0,Pakistan,巴基斯坦
183300,3855,71458,3566,108214,216,20200622,3628,73,0,0,Pakistan,巴基斯坦
187400,4100,73471,2013,110199,1985,20200623,3730,102,0,0,Pakistan,巴基斯坦
190839,3439,77754,4283,109280,-919,20200624,3805,75,0,0,Pakistan,巴基斯坦
192970,2131,81307,3553,107760,-1520,20200625,3903,98,0,0,Pakistan,巴基斯坦
195745,2775,84168,2861,107615,-145,20200626,3962,59,0,0,Pakistan,巴基斯坦
200832,5087,86906,2738,109853,2238,20200627,4073,111,0,0,Pakistan,巴基斯坦
205532,4700,92624,5718,108756,-1097,20200628,4152,79,0,0,Pakistan,巴基斯坦
206512,980,95407,2783,106938,-1818,20200629,4167,15,0,0,Pakistan,巴基斯坦
209337,2825,98503,3096,106530,-408,20200630,4304,137,0,0,Pakistan,巴基斯坦
213470,4133,100802,2299,108273,1743,20200701,4395,91,0,0,Pakistan,巴基斯坦
217809,4339,104694,3892,108642,369,20200702,4473,78,0,0,Pakistan,巴基斯坦
221896,4087,113623,8929,103722,-4920,20200703,4551,78,0,0,Pakistan,巴基斯坦
225823,3927,125094,11471,96110,-7612,20200704,4619,68,0,0,Pakistan,巴基斯坦
228474,2651,129830,4736,93932,-2178,20200705,4712,93,0,0,Pakistan,巴基斯坦
231818,3344,131649,1819,95407,1475,20200706,4762,50,0,0,Pakistan,巴基斯坦
234509,2691,134957,3308,94713,-694,20200707,4839,77,0,0,Pakistan,巴基斯坦
237489,2980,134957,0,97610,2897,20200708,4922,83,0,0,Pakistan,巴基斯坦
