﻿confirmedCount,confirmedIncr,curedCount,curedIncr,currentConfirmedCount,currentConfirmedIncr,dateId,deadCount,deadIncr,suspectedCount,suspectedCountIncr,countryFullName,countryName
1,1,0,0,1,1,20200130,0,0,0,0,Philippines,菲律宾
1,0,0,0,1,0,20200131,0,0,0,0,Philippines,菲律宾
1,0,0,0,1,0,20200201,0,0,0,0,Philippines,菲律宾
2,1,0,0,1,0,20200202,1,1,0,0,Philippines,菲律宾
2,0,0,0,1,0,20200203,1,0,0,0,Philippines,菲律宾
2,0,0,0,1,0,20200204,1,0,0,0,Philippines,菲律宾
3,1,0,0,2,1,20200205,1,0,0,0,Philippines,菲律宾
3,0,0,0,2,0,20200206,1,0,0,0,Philippines,菲律宾
3,0,0,0,2,0,20200207,1,0,0,0,Philippines,菲律宾
3,0,0,0,2,0,20200208,1,0,0,0,Philippines,菲律宾
3,0,0,0,2,0,20200209,1,0,0,0,Philippines,菲律宾
3,0,0,0,2,0,20200210,1,0,0,0,Philippines,菲律宾
3,0,0,0,2,0,20200211,1,0,0,0,Philippines,菲律宾
3,0,0,0,2,0,20200212,1,0,0,0,Philippines,菲律宾
3,0,0,0,2,0,20200213,1,0,0,0,Philippines,菲律宾
3,0,0,0,2,0,20200214,1,0,0,0,Philippines,菲律宾
3,0,0,0,2,0,20200215,1,0,0,0,Philippines,菲律宾
3,0,0,0,2,0,20200216,1,0,0,0,Philippines,菲律宾
3,0,0,0,2,0,20200217,1,0,0,0,Philippines,菲律宾
3,0,0,0,2,0,20200218,1,0,0,0,Philippines,菲律宾
3,0,0,0,2,0,20200219,1,0,0,0,Philippines,菲律宾
3,0,0,0,2,0,20200220,1,0,0,0,Philippines,菲律宾
3,0,0,0,2,0,20200221,1,0,0,0,Philippines,菲律宾
3,0,0,0,2,0,20200222,1,0,0,0,Philippines,菲律宾
3,0,0,0,2,0,20200223,1,0,0,0,Philippines,菲律宾
3,0,0,0,2,0,20200224,1,0,0,0,Philippines,菲律宾
3,0,0,0,2,0,20200225,1,0,0,0,Philippines,菲律宾
3,0,0,0,2,0,20200226,1,0,0,0,Philippines,菲律宾
3,0,0,0,2,0,20200227,1,0,0,0,Philippines,菲律宾
3,0,0,0,2,0,20200228,1,0,0,0,Philippines,菲律宾
3,0,0,0,2,0,20200229,1,0,0,0,Philippines,菲律宾
3,0,0,0,2,0,20200301,1,0,0,0,Philippines,菲律宾
3,0,0,0,2,0,20200302,1,0,0,0,Philippines,菲律宾
3,0,0,0,2,0,20200303,1,0,0,0,Philippines,菲律宾
3,0,0,0,2,0,20200304,1,0,0,0,Philippines,菲律宾
3,0,0,0,2,0,20200305,1,0,0,0,Philippines,菲律宾
5,2,0,0,4,2,20200306,1,0,0,0,Philippines,菲律宾
5,0,0,0,4,0,20200307,1,0,0,0,Philippines,菲律宾
6,1,0,0,5,1,20200308,1,0,0,0,Philippines,菲律宾
10,4,0,0,9,4,20200309,1,0,0,0,Philippines,菲律宾
33,23,0,0,32,23,20200310,1,0,0,0,Philippines,菲律宾
49,16,0,0,48,16,20200311,1,0,0,0,Philippines,菲律宾
52,3,0,0,50,2,20200312,2,1,0,0,Philippines,菲律宾
52,0,0,0,50,0,20200313,2,0,0,0,Philippines,菲律宾
64,12,0,0,62,12,20200314,2,0,0,0,Philippines,菲律宾
111,47,1,1,104,42,20200315,6,4,0,0,Philippines,菲律宾
140,29,1,0,127,23,20200316,12,6,0,0,Philippines,菲律宾
187,47,1,0,174,47,20200317,12,0,0,0,Philippines,菲律宾
187,0,1,0,174,0,20200318,12,0,0,0,Philippines,菲律宾
217,30,7,6,193,19,20200319,17,5,0,0,Philippines,菲律宾
230,13,7,0,205,12,20200320,18,1,0,0,Philippines,菲律宾
307,77,13,6,275,70,20200321,19,1,0,0,Philippines,菲律宾
380,73,17,4,338,63,20200322,25,6,0,0,Philippines,菲律宾
462,82,18,1,411,73,20200323,33,8,0,0,Philippines,菲律宾
552,90,20,2,497,86,20200324,35,2,0,0,Philippines,菲律宾
636,84,26,6,572,75,20200325,38,3,0,0,Philippines,菲律宾
707,71,28,2,634,62,20200326,45,7,0,0,Philippines,菲律宾
803,96,31,3,718,84,20200327,54,9,0,0,Philippines,菲律宾
1075,272,35,4,972,254,20200328,68,14,0,0,Philippines,菲律宾
1418,343,42,7,1305,333,20200329,71,3,0,0,Philippines,菲律宾
1546,128,42,0,1426,121,20200330,78,7,0,0,Philippines,菲律宾
2084,538,49,7,1947,521,20200331,88,10,0,0,Philippines,菲律宾
2311,227,50,1,2165,218,20200401,96,8,0,0,Philippines,菲律宾
2633,322,51,1,2475,310,20200402,107,11,0,0,Philippines,菲律宾
3018,385,52,1,2830,355,20200403,136,29,0,0,Philippines,菲律宾
3094,76,57,5,2893,63,20200404,144,8,0,0,Philippines,菲律宾
3246,152,64,7,3030,137,20200405,152,8,0,0,Philippines,菲律宾
3660,414,73,9,3424,394,20200406,163,11,0,0,Philippines,菲律宾
3764,104,84,11,3503,79,20200407,177,14,0,0,Philippines,菲律宾
3870,106,96,12,3592,89,20200408,182,5,0,0,Philippines,菲律宾
4076,206,124,28,3749,157,20200409,203,21,0,0,Philippines,菲律宾
4195,119,140,16,3834,85,20200410,221,18,0,0,Philippines,菲律宾
4428,233,157,17,4024,190,20200411,247,26,0,0,Philippines,菲律宾
4648,220,197,40,4154,130,20200412,297,50,0,0,Philippines,菲律宾
4932,284,242,45,4375,221,20200413,315,18,0,0,Philippines,菲律宾
5223,291,295,53,4593,218,20200414,335,20,0,0,Philippines,菲律宾
5453,230,353,58,4751,158,20200415,349,14,0,0,Philippines,菲律宾
5660,207,435,82,4863,112,20200416,362,13,0,0,Philippines,菲律宾
5878,218,487,52,5004,141,20200417,387,25,0,0,Philippines,菲律宾
6087,209,516,29,5174,170,20200418,397,10,0,0,Philippines,菲律宾
6259,172,572,56,5278,104,20200419,409,12,0,0,Philippines,菲律宾
6459,200,613,41,5418,140,20200420,428,19,0,0,Philippines,菲律宾
6599,140,654,41,5508,90,20200421,437,9,0,0,Philippines,菲律宾
6710,111,693,39,5571,63,20200422,446,9,0,0,Philippines,菲律宾
6981,271,722,29,5797,226,20200423,462,16,0,0,Philippines,菲律宾
7192,211,762,40,5953,156,20200424,477,15,0,0,Philippines,菲律宾
7294,102,792,30,6008,55,20200425,494,17,0,0,Philippines,菲律宾
7579,285,862,70,6216,208,20200426,501,7,0,0,Philippines,菲律宾
7777,198,932,70,6334,118,20200427,511,10,0,0,Philippines,菲律宾
7958,181,975,43,6453,119,20200428,530,19,0,0,Philippines,菲律宾
8212,254,1023,48,6631,178,20200429,558,28,0,0,Philippines,菲律宾
8488,276,1043,20,6877,246,20200430,568,10,0,0,Philippines,菲律宾
8772,284,1084,41,7109,232,20200501,579,11,0,0,Philippines,菲律宾
8928,156,1124,40,7201,92,20200502,603,24,0,0,Philippines,菲律宾
9223,295,1214,90,7402,201,20200503,607,4,0,0,Philippines,菲律宾
9485,262,1315,101,7547,145,20200504,623,16,0,0,Philippines,菲律宾
9684,199,1408,93,7639,92,20200505,637,14,0,0,Philippines,菲律宾
10004,320,1506,98,7840,201,20200506,658,21,0,0,Philippines,菲律宾
10343,339,1618,112,8040,200,20200507,685,27,0,0,Philippines,菲律宾
10463,120,1734,116,8033,-7,20200508,696,11,0,0,Philippines,菲律宾
10610,147,1842,108,8064,31,20200509,704,8,0,0,Philippines,菲律宾
10794,184,1924,82,8151,87,20200510,719,15,0,0,Philippines,菲律宾
11086,292,1999,75,8361,210,20200511,726,7,0,0,Philippines,菲律宾
11350,264,2106,107,8493,132,20200512,751,25,0,0,Philippines,菲律宾
11618,268,2251,145,8595,102,20200513,772,21,0,0,Philippines,菲律宾
11876,258,2337,86,8749,154,20200514,790,18,0,0,Philippines,菲律宾
12091,215,2460,123,8825,76,20200515,806,16,0,0,Philippines,菲律宾
12305,214,2561,101,8927,102,20200516,817,11,0,0,Philippines,菲律宾
12513,208,2635,74,9054,127,20200517,824,7,0,0,Philippines,菲律宾
12718,205,2729,94,9158,104,20200518,831,7,0,0,Philippines,菲律宾
12942,224,2843,114,9262,104,20200519,837,6,0,0,Philippines,菲律宾
13221,279,2932,89,9447,185,20200520,842,5,0,0,Philippines,菲律宾
13434,213,2932,0,9656,209,20200521,846,4,0,0,Philippines,菲律宾
13597,163,3092,160,9648,-8,20200522,857,11,0,0,Philippines,菲律宾
13777,180,3177,85,9737,89,20200523,863,6,0,0,Philippines,菲律宾
14035,258,3249,72,9918,181,20200524,868,5,0,0,Philippines,菲律宾
14319,284,3323,74,10123,205,20200525,873,5,0,0,Philippines,菲律宾
14669,350,3412,89,10371,248,20200526,886,13,0,0,Philippines,菲律宾
15049,380,3506,94,10639,268,20200527,904,18,0,0,Philippines,菲律宾
15588,539,3598,92,11069,430,20200528,921,17,0,0,Philippines,菲律宾
16634,1046,3720,122,11972,903,20200529,942,21,0,0,Philippines,菲律宾
17224,590,3808,88,12466,494,20200530,950,8,0,0,Philippines,菲律宾
18086,862,3909,101,13220,754,20200531,957,7,0,0,Philippines,菲律宾
18638,552,3979,70,13699,479,20200601,960,3,0,0,Philippines,菲律宾
18997,359,4063,84,13968,269,20200602,966,6,0,0,Philippines,菲律宾
19748,751,4153,90,14621,653,20200603,974,8,0,0,Philippines,菲律宾
20382,634,4248,95,15150,529,20200604,984,10,0,0,Philippines,菲律宾
20626,244,4330,82,15309,159,20200605,987,3,0,0,Philippines,菲律宾
21340,714,4441,111,15905,596,20200606,994,7,0,0,Philippines,菲律宾
21895,555,4530,89,16362,457,20200607,1003,9,0,0,Philippines,菲律宾
22474,579,4637,107,16826,464,20200608,1011,8,0,0,Philippines,菲律宾
22992,518,4736,99,17239,413,20200609,1017,6,0,0,Philippines,菲律宾
23732,740,4895,159,17810,571,20200610,1027,10,0,0,Philippines,菲律宾
24175,443,5165,270,17974,164,20200611,1036,9,0,0,Philippines,菲律宾
24787,612,5454,289,18281,307,20200612,1052,16,0,0,Philippines,菲律宾
25392,605,5706,252,18612,331,20200613,1074,22,0,0,Philippines,菲律宾
25930,538,5954,248,18888,276,20200614,1088,14,0,0,Philippines,菲律宾
26420,490,6252,298,19070,182,20200615,1098,10,0,0,Philippines,菲律宾
26781,361,6552,300,19126,56,20200616,1103,5,0,0,Philippines,菲律宾
26781,0,6552,0,19126,0,20200617,1103,0,0,0,Philippines,菲律宾
27799,1018,7090,538,19593,467,20200618,1116,13,0,0,Philippines,菲律宾
27799,0,7090,0,19593,0,20200619,1116,0,0,0,Philippines,菲律宾
29400,1601,7650,560,20600,1007,20200620,1150,34,0,0,Philippines,菲律宾
30052,652,7893,243,20990,390,20200621,1169,19,0,0,Philippines,菲律宾
30682,630,8143,250,21362,372,20200622,1177,8,0,0,Philippines,菲律宾
31825,1143,8442,299,22197,835,20200623,1186,9,0,0,Philippines,菲律宾
32295,470,8656,214,22435,238,20200624,1204,18,0,0,Philippines,菲律宾
33069,774,8910,254,22947,512,20200625,1212,8,0,0,Philippines,菲律宾
34073,1004,9182,272,23667,720,20200626,1224,12,0,0,Philippines,菲律宾
34803,730,9430,248,24137,470,20200627,1236,12,0,0,Philippines,菲律宾
35455,652,9686,256,24525,388,20200628,1244,8,0,0,Philippines,菲律宾
35455,0,9686,0,24525,0,20200629,1244,0,0,0,Philippines,菲律宾
37514,2059,10233,547,26015,1490,20200630,1266,22,0,0,Philippines,菲律宾
38511,997,10438,205,26803,788,20200701,1270,4,0,0,Philippines,菲律宾
38511,0,10438,0,26803,0,20200702,1270,0,0,0,Philippines,菲律宾
40336,1825,11073,635,27983,1180,20200703,1280,10,0,0,Philippines,菲律宾
41830,1494,11453,380,29087,1104,20200704,1290,10,0,0,Philippines,菲律宾
44254,2424,11942,489,31015,1928,20200705,1297,7,0,0,Philippines,菲律宾
46333,2079,12185,243,32845,1830,20200706,1303,6,0,0,Philippines,菲律宾
47873,1540,12386,201,34178,1333,20200707,1309,6,0,0,Philippines,菲律宾
50359,2486,12588,202,36457,2279,20200708,1314,5,0,0,Philippines,菲律宾
