﻿confirmedCount,confirmedIncr,curedCount,curedIncr,currentConfirmedCount,currentConfirmedIncr,dateId,deadCount,deadIncr,suspectedCount,suspectedCountIncr,countryFullName,countryName
1,1,0,0,1,1,20200304,0,0,0,0,Poland,波兰
1,0,0,0,1,0,20200305,0,0,0,0,Poland,波兰
1,0,0,0,1,0,20200306,0,0,0,0,Poland,波兰
5,4,0,0,5,4,20200307,0,0,0,0,Poland,波兰
6,1,0,0,6,1,20200308,0,0,0,0,Poland,波兰
11,5,0,0,11,5,20200309,0,0,0,0,Poland,波兰
16,5,0,0,16,5,20200310,0,0,0,0,Poland,波兰
22,6,0,0,22,6,20200311,0,0,0,0,Poland,波兰
44,22,0,0,44,22,20200312,0,0,0,0,Poland,波兰
49,5,0,0,48,4,20200313,1,1,0,0,Poland,波兰
64,15,0,0,63,15,20200314,1,0,0,0,Poland,波兰
111,47,0,0,108,45,20200315,3,2,0,0,Poland,波兰
150,39,13,13,134,26,20200316,3,0,0,0,Poland,波兰
150,0,13,0,134,0,20200317,3,0,0,0,Poland,波兰
246,96,13,0,228,94,20200318,5,2,0,0,Poland,波兰
355,109,13,0,337,109,20200319,5,0,0,0,Poland,波兰
425,70,13,0,407,70,20200320,5,0,0,0,Poland,波兰
536,111,13,0,518,111,20200321,5,0,0,0,Poland,波兰
634,98,13,0,614,96,20200322,7,2,0,0,Poland,波兰
634,0,13,0,614,0,20200323,7,0,0,0,Poland,波兰
901,267,13,0,878,264,20200324,10,3,0,0,Poland,波兰
901,0,13,0,878,0,20200325,10,0,0,0,Poland,波兰
1221,320,13,0,1192,314,20200326,16,6,0,0,Poland,波兰
1221,0,13,0,1192,0,20200327,16,0,0,0,Poland,波兰
1638,417,13,0,1607,415,20200328,18,2,0,0,Poland,波兰
1862,224,13,0,1827,220,20200329,22,4,0,0,Poland,波兰
2055,193,13,0,2011,184,20200330,31,9,0,0,Poland,波兰
2311,256,13,0,2265,254,20200331,33,2,0,0,Poland,波兰
2554,243,13,0,2498,233,20200401,43,10,0,0,Poland,波兰
2946,392,13,0,2876,378,20200402,57,14,0,0,Poland,波兰
3383,437,13,0,3299,423,20200403,71,14,0,0,Poland,波兰
3627,244,116,103,3432,133,20200404,79,8,0,0,Poland,波兰
4102,475,134,18,3874,442,20200405,94,15,0,0,Poland,波兰
4413,311,162,28,4144,270,20200406,107,13,0,0,Poland,波兰
4848,435,191,29,4528,384,20200407,129,22,0,0,Poland,波兰
5205,357,222,31,4824,296,20200408,159,30,0,0,Poland,波兰
5575,370,284,62,5117,293,20200409,174,15,0,0,Poland,波兰
5955,380,318,34,5456,339,20200410,181,7,0,0,Poland,波兰
5955,0,318,0,5456,0,20200411,181,0,0,0,Poland,波兰
6674,719,439,121,6003,547,20200412,232,51,0,0,Poland,波兰
6934,260,487,48,6202,199,20200413,245,13,0,0,Poland,波兰
7202,268,618,131,6321,119,20200414,263,18,0,0,Poland,波兰
7582,380,668,50,6628,307,20200415,286,23,0,0,Poland,波兰
7918,336,774,106,6830,202,20200416,314,28,0,0,Poland,波兰
8379,461,866,92,7181,351,20200417,332,18,0,0,Poland,波兰
8742,363,981,115,7414,233,20200418,347,15,0,0,Poland,波兰
9287,545,1040,59,7887,473,20200419,360,13,0,0,Poland,波兰
9596,309,1133,93,8083,196,20200420,380,20,0,0,Poland,波兰
9856,260,1297,164,8158,75,20200421,401,21,0,0,Poland,波兰
10169,313,1513,216,8230,72,20200422,426,25,0,0,Poland,波兰
10511,342,1740,227,8317,87,20200423,454,28,0,0,Poland,波兰
10892,381,1944,204,8454,137,20200424,494,40,0,0,Poland,波兰
11273,381,2126,182,8623,169,20200425,524,30,0,0,Poland,波兰
11617,344,2265,139,8817,194,20200426,535,11,0,0,Poland,波兰
11902,285,2466,201,8874,57,20200427,562,27,0,0,Poland,波兰
12218,316,2655,189,8967,93,20200428,596,34,0,0,Poland,波兰
12640,422,3025,370,8991,24,20200429,624,28,0,0,Poland,波兰
12877,237,3236,211,8997,6,20200430,644,20,0,0,Poland,波兰
13105,228,3491,255,8963,-34,20200501,651,7,0,0,Poland,波兰
13375,270,3762,271,8949,-14,20200502,664,13,0,0,Poland,波兰
13693,318,3945,183,9070,121,20200503,678,14,0,0,Poland,波兰
14006,313,4095,150,9213,143,20200504,698,20,0,0,Poland,波兰
14431,425,4280,185,9435,222,20200505,716,18,0,0,Poland,波兰
14740,309,4655,375,9352,-83,20200506,733,17,0,0,Poland,波兰
15047,307,4862,207,9430,78,20200507,755,22,0,0,Poland,波兰
15366,319,5184,322,9406,-24,20200508,776,21,0,0,Poland,波兰
15366,0,5184,0,9406,0,20200509,776,0,0,0,Poland,波兰
15651,285,5184,0,9682,276,20200510,785,9,0,0,Poland,波兰
16326,675,5816,632,9699,17,20200511,811,26,0,0,Poland,波兰
16921,595,6131,315,9951,252,20200512,839,28,0,0,Poland,波兰
17204,283,6410,279,9933,-18,20200513,861,22,0,0,Poland,波兰
17615,411,6696,286,10036,103,20200514,883,22,0,0,Poland,波兰
18016,401,6918,222,10191,155,20200515,907,24,0,0,Poland,波兰
18257,241,7175,257,10167,-24,20200516,915,8,0,0,Poland,波兰
18257,0,7175,0,10167,0,20200517,915,0,0,0,Poland,波兰
18885,628,7628,453,10321,154,20200518,936,21,0,0,Poland,波兰
19268,383,7903,275,10417,96,20200519,948,12,0,0,Poland,波兰
19739,471,8183,280,10594,177,20200520,962,14,0,0,Poland,波兰
20143,404,8452,269,10719,125,20200521,972,10,0,0,Poland,波兰
20619,476,8731,279,10906,187,20200522,982,10,0,0,Poland,波兰
20931,312,8977,246,10961,55,20200523,993,11,0,0,Poland,波兰
21326,395,9194,217,11136,175,20200524,996,3,0,0,Poland,波兰
21631,305,9276,82,11348,212,20200525,1007,11,0,0,Poland,波兰
22074,443,10020,744,11030,-318,20200526,1024,17,0,0,Poland,波兰
22074,0,10020,0,11030,0,20200527,1024,0,0,0,Poland,波兰
22473,399,10020,0,11425,395,20200528,1028,4,0,0,Poland,波兰
23155,682,10692,672,11412,-13,20200529,1051,23,0,0,Poland,波兰
23571,416,11016,324,11494,82,20200530,1061,10,0,0,Poland,波兰
23786,215,11271,255,11451,-43,20200531,1064,3,0,0,Poland,波兰
24165,379,11449,178,11642,191,20200601,1074,10,0,0,Poland,波兰
24395,230,11726,277,11577,-65,20200602,1092,18,0,0,Poland,波兰
24687,292,12014,288,11558,-19,20200603,1115,23,0,0,Poland,波兰
25048,361,12227,213,11704,146,20200604,1117,2,0,0,Poland,波兰
25410,362,12410,183,11863,159,20200605,1137,20,0,0,Poland,波兰
25419,9,12641,231,11625,-238,20200606,1153,16,0,0,Poland,波兰
26561,1142,12855,214,12549,924,20200607,1157,4,0,0,Poland,波兰
27160,599,12998,143,12996,447,20200608,1166,9,0,0,Poland,波兰
27560,400,13196,198,13181,185,20200609,1183,17,0,0,Poland,波兰
27842,282,13411,215,13225,44,20200610,1206,23,0,0,Poland,波兰
28201,359,13696,285,13290,65,20200611,1215,9,0,0,Poland,波兰
28577,376,13805,109,13550,260,20200612,1222,7,0,0,Poland,波兰
29017,440,14104,299,13676,126,20200613,1237,15,0,0,Poland,波兰
29392,375,14226,122,13919,243,20200614,1247,10,0,0,Poland,波兰
29788,396,14383,157,14149,230,20200615,1256,9,0,0,Poland,波兰
30195,407,14654,271,14269,120,20200616,1272,16,0,0,Poland,波兰
30701,506,14921,267,14494,225,20200617,1286,14,0,0,Poland,波兰
31015,314,15317,396,14382,-112,20200618,1316,30,0,0,Poland,波兰
31316,301,15698,381,14284,-98,20200619,1334,18,0,0,Poland,波兰
31620,304,16181,483,14093,-191,20200620,1346,12,0,0,Poland,波兰
31931,311,16683,502,13892,-201,20200621,1356,10,0,0,Poland,波兰
32227,296,17076,393,13792,-100,20200622,1359,3,0,0,Poland,波兰
32227,0,17076,0,13792,0,20200623,1359,0,0,0,Poland,波兰
32821,594,18134,1058,13291,-501,20200624,1396,37,0,0,Poland,波兰
33119,298,18654,520,13053,-238,20200625,1412,16,0,0,Poland,波兰
33119,0,18654,0,13053,0,20200626,1412,0,0,0,Poland,波兰
33395,276,18654,0,13312,259,20200627,1429,17,0,0,Poland,波兰
33907,512,20548,1894,11921,-1391,20200628,1438,9,0,0,Poland,波兰
33907,0,20548,0,11921,0,20200629,1438,0,0,0,Poland,波兰
34393,486,21281,733,11649,-272,20200630,1463,25,0,0,Poland,波兰
34775,382,21791,510,11507,-142,20200701,1477,14,0,0,Poland,波兰
35146,371,22209,418,11445,-62,20200702,1492,15,0,0,Poland,波兰
35405,259,22209,0,11689,244,20200703,1507,15,0,0,Poland,波兰
35719,314,23127,918,11080,-609,20200704,1512,5,0,0,Poland,波兰
35950,231,23746,619,10687,-393,20200705,1517,5,0,0,Poland,波兰
35950,0,23746,0,10687,0,20200706,1517,0,0,0,Poland,波兰
36412,462,24238,492,10646,-41,20200707,1528,11,0,0,Poland,波兰
36689,277,24878,640,10269,-377,20200708,1542,14,0,0,Poland,波兰
