﻿confirmedCount,confirmedIncr,curedCount,curedIncr,currentConfirmedCount,currentConfirmedIncr,dateId,deadCount,deadIncr,suspectedCount,suspectedCountIncr,countryFullName,countryName
2,2,0,0,2,2,20200303,0,0,0,0,Portugal,葡萄牙
2,0,0,0,2,0,20200304,0,0,0,0,Portugal,葡萄牙
7,5,0,0,7,5,20200305,0,0,0,0,Portugal,葡萄牙
9,2,0,0,9,2,20200306,0,0,0,0,Portugal,葡萄牙
13,4,0,0,13,4,20200307,0,0,0,0,Portugal,葡萄牙
21,8,0,0,21,8,20200308,0,0,0,0,Portugal,葡萄牙
30,9,0,0,30,9,20200309,0,0,0,0,Portugal,葡萄牙
30,0,0,0,30,0,20200310,0,0,0,0,Portugal,葡萄牙
41,11,0,0,41,11,20200311,0,0,0,0,Portugal,葡萄牙
41,0,0,0,41,0,20200312,0,0,0,0,Portugal,葡萄牙
41,0,0,0,41,0,20200313,0,0,0,0,Portugal,葡萄牙
112,71,0,0,112,71,20200314,0,0,0,0,Portugal,葡萄牙
112,0,0,0,112,0,20200315,0,0,0,0,Portugal,葡萄牙
245,133,0,0,245,133,20200316,0,0,0,0,Portugal,葡萄牙
331,86,3,3,328,83,20200317,0,0,0,0,Portugal,葡萄牙
448,117,3,0,444,116,20200318,1,1,0,0,Portugal,葡萄牙
642,194,3,0,638,194,20200319,1,0,0,0,Portugal,葡萄牙
785,143,3,0,779,141,20200320,3,2,0,0,Portugal,葡萄牙
1280,495,3,0,1265,486,20200321,12,9,0,0,Portugal,葡萄牙
1600,320,3,0,1585,320,20200322,12,0,0,0,Portugal,葡萄牙
2060,460,14,11,2023,438,20200323,23,11,0,0,Portugal,葡萄牙
2362,302,22,8,2311,288,20200324,29,6,0,0,Portugal,葡萄牙
2995,633,22,0,2940,629,20200325,33,4,0,0,Portugal,葡萄牙
3544,549,22,0,3462,522,20200326,60,27,0,0,Portugal,葡萄牙
4268,724,22,0,4170,708,20200327,76,16,0,0,Portugal,葡萄牙
4268,0,22,0,4170,0,20200328,76,0,0,0,Portugal,葡萄牙
5962,1694,22,0,5821,1651,20200329,119,43,0,0,Portugal,葡萄牙
6408,446,22,0,6246,425,20200330,140,21,0,0,Portugal,葡萄牙
7443,1035,22,0,7261,1015,20200331,160,20,0,0,Portugal,葡萄牙
8251,808,22,0,8042,781,20200401,187,27,0,0,Portugal,葡萄牙
9034,783,22,0,8803,761,20200402,209,22,0,0,Portugal,葡萄牙
9886,852,22,0,9618,815,20200403,246,37,0,0,Portugal,葡萄牙
10524,638,75,53,10183,565,20200404,266,20,0,0,Portugal,葡萄牙
11278,754,75,0,10937,754,20200405,266,0,0,0,Portugal,葡萄牙
11730,452,140,65,11279,342,20200406,311,45,0,0,Portugal,葡萄牙
12442,712,140,0,11957,678,20200407,345,34,0,0,Portugal,葡萄牙
13141,699,140,0,12621,664,20200408,380,35,0,0,Portugal,葡萄牙
13141,0,140,0,12621,0,20200409,380,0,0,0,Portugal,葡萄牙
15472,2331,140,0,14897,2276,20200410,435,55,0,0,Portugal,葡萄牙
15987,515,266,126,15251,354,20200411,470,35,0,0,Portugal,葡萄牙
16585,598,277,11,15804,553,20200412,504,34,0,0,Portugal,葡萄牙
16934,349,277,0,16122,318,20200413,535,31,0,0,Portugal,葡萄牙
17448,514,347,70,16534,412,20200414,567,32,0,0,Portugal,葡萄牙
18091,643,379,32,17113,579,20200415,599,32,0,0,Portugal,葡萄牙
18841,750,493,114,17719,606,20200416,629,30,0,0,Portugal,葡萄牙
19022,181,519,26,17846,127,20200417,657,28,0,0,Portugal,葡萄牙
19685,663,610,91,18388,542,20200418,687,30,0,0,Portugal,葡萄牙
20206,521,610,0,18882,494,20200419,714,27,0,0,Portugal,葡萄牙
20863,657,610,0,19518,636,20200420,735,21,0,0,Portugal,葡萄牙
21379,516,917,307,19700,182,20200421,762,27,0,0,Portugal,葡萄牙
21982,603,1143,226,20054,354,20200422,785,23,0,0,Portugal,葡萄牙
22353,371,1201,58,20332,278,20200423,820,35,0,0,Portugal,葡萄牙
22797,444,1228,27,20715,383,20200424,854,34,0,0,Portugal,葡萄牙
23392,595,1228,0,21284,569,20200425,880,26,0,0,Portugal,葡萄牙
23864,472,1329,101,21632,348,20200426,903,23,0,0,Portugal,葡萄牙
24027,163,1357,28,21742,110,20200427,928,25,0,0,Portugal,葡萄牙
24322,295,1389,32,21985,243,20200428,948,20,0,0,Portugal,葡萄牙
24505,183,1470,81,22062,77,20200429,973,25,0,0,Portugal,葡萄牙
25045,540,1519,49,22537,475,20200430,989,16,0,0,Portugal,葡萄牙
25351,306,1647,128,22697,160,20200501,1007,18,0,0,Portugal,葡萄牙
25351,0,1671,24,22657,-40,20200502,1023,16,0,0,Portugal,葡萄牙
25282,-69,1689,18,22550,-107,20200503,1043,20,0,0,Portugal,葡萄牙
25524,242,1712,23,22749,199,20200504,1063,20,0,0,Portugal,葡萄牙
25702,178,1743,31,22885,136,20200505,1074,11,0,0,Portugal,葡萄牙
26182,480,2076,333,23017,132,20200506,1089,15,0,0,Portugal,葡萄牙
26182,0,2076,0,23017,0,20200507,1089,0,0,0,Portugal,葡萄牙
27268,1086,2422,346,23732,715,20200508,1114,25,0,0,Portugal,葡萄牙
27406,138,2422,0,23858,126,20200509,1126,12,0,0,Portugal,葡萄牙
27581,175,2549,127,23897,39,20200510,1135,9,0,0,Portugal,葡萄牙
27689,108,2549,0,23996,99,20200511,1144,9,0,0,Portugal,葡萄牙
27913,224,2549,0,24201,205,20200512,1163,19,0,0,Portugal,葡萄牙
28132,219,2549,0,24408,207,20200513,1175,12,0,0,Portugal,葡萄牙
28132,0,2549,0,24408,0,20200514,1175,0,0,0,Portugal,葡萄牙
28583,451,3198,649,24195,-213,20200515,1190,15,0,0,Portugal,葡萄牙
28810,227,3198,0,24409,214,20200516,1203,13,0,0,Portugal,葡萄牙
28810,0,3198,0,24409,0,20200517,1203,0,0,0,Portugal,葡萄牙
29209,399,4636,1438,23342,-1067,20200518,1231,28,0,0,Portugal,葡萄牙
29209,0,4636,0,23342,0,20200519,1231,0,0,0,Portugal,葡萄牙
29660,451,4636,0,23761,419,20200520,1263,32,0,0,Portugal,葡萄牙
29912,252,6452,1816,22183,-1578,20200521,1277,14,0,0,Portugal,葡萄牙
30200,288,6452,0,22459,276,20200522,1289,12,0,0,Portugal,葡萄牙
30471,271,6452,0,22717,258,20200523,1302,13,0,0,Portugal,葡萄牙
30623,152,6452,0,22855,138,20200524,1316,14,0,0,Portugal,葡萄牙
30788,165,6452,0,23006,151,20200525,1330,14,0,0,Portugal,葡萄牙
31007,219,18096,11644,11569,-11437,20200526,1342,12,0,0,Portugal,葡萄牙
31007,0,18096,0,11569,0,20200527,1342,0,0,0,Portugal,葡萄牙
31596,589,18096,0,12131,562,20200528,1369,27,0,0,Portugal,葡萄牙
31596,0,18096,0,12131,0,20200529,1369,0,0,0,Portugal,葡萄牙
32203,607,18096,0,12711,580,20200530,1396,27,0,0,Portugal,葡萄牙
32500,297,19186,1090,11904,-807,20200531,1410,14,0,0,Portugal,葡萄牙
32700,200,19186,0,12090,186,20200601,1424,14,0,0,Portugal,葡萄牙
32895,195,19552,366,11907,-183,20200602,1436,12,0,0,Portugal,葡萄牙
33261,366,19552,0,12262,355,20200603,1447,11,0,0,Portugal,葡萄牙
33592,331,19552,0,12585,323,20200604,1455,8,0,0,Portugal,葡萄牙
33969,377,19552,0,12952,367,20200605,1465,10,0,0,Portugal,葡萄牙
34351,382,19552,0,13325,373,20200606,1474,9,0,0,Portugal,葡萄牙
34693,342,20995,1443,12219,-1106,20200607,1479,5,0,0,Portugal,葡萄牙
34885,192,20995,0,12405,186,20200608,1485,6,0,0,Portugal,葡萄牙
34885,0,20995,0,12405,0,20200609,1485,0,0,0,Portugal,葡萄牙
35600,715,20995,0,13108,703,20200610,1497,12,0,0,Portugal,葡萄牙
35910,310,20995,0,13411,303,20200611,1504,7,0,0,Portugal,葡萄牙
36180,270,20995,0,13680,269,20200612,1505,1,0,0,Portugal,葡萄牙
36180,0,20995,0,13680,0,20200613,1505,0,0,0,Portugal,葡萄牙
36690,510,20995,0,14178,498,20200614,1517,12,0,0,Portugal,葡萄牙
36690,0,20995,0,14178,0,20200615,1517,0,0,0,Portugal,葡萄牙
37336,646,23212,2217,12602,-1576,20200616,1522,5,0,0,Portugal,葡萄牙
37672,336,23212,0,12937,335,20200617,1523,1,0,0,Portugal,葡萄牙
38089,417,23212,0,13353,416,20200618,1524,1,0,0,Portugal,葡萄牙
38464,375,23212,0,13725,372,20200619,1527,3,0,0,Portugal,葡萄牙
38841,377,23212,0,14101,376,20200620,1528,1,0,0,Portugal,葡萄牙
39133,292,23212,0,14391,290,20200621,1530,2,0,0,Portugal,葡萄牙
39392,259,23212,0,14646,255,20200622,1534,4,0,0,Portugal,葡萄牙
39737,345,23212,0,14985,339,20200623,1540,6,0,0,Portugal,葡萄牙
40104,367,23212,0,15349,364,20200624,1543,3,0,0,Portugal,葡萄牙
40415,311,26083,2871,12783,-2566,20200625,1549,6,0,0,Portugal,葡萄牙
40866,451,26083,0,13228,445,20200626,1555,6,0,0,Portugal,葡萄牙
41189,323,26083,0,13545,317,20200627,1561,6,0,0,Portugal,葡萄牙
41646,457,26083,0,13999,454,20200628,1564,3,0,0,Portugal,葡萄牙
41912,266,26083,0,14261,262,20200629,1568,4,0,0,Portugal,葡萄牙
42141,229,26083,0,14482,221,20200630,1576,8,0,0,Portugal,葡萄牙
42454,313,26083,0,14792,310,20200701,1579,3,0,0,Portugal,葡萄牙
42782,328,26083,0,15112,320,20200702,1587,8,0,0,Portugal,葡萄牙
43156,374,26083,0,15475,363,20200703,1598,11,0,0,Portugal,葡萄牙
43569,413,26083,0,15881,406,20200704,1605,7,0,0,Portugal,葡萄牙
43897,328,26083,0,16200,319,20200705,1614,9,0,0,Portugal,葡萄牙
44129,232,26083,0,16426,226,20200706,1620,6,0,0,Portugal,葡萄牙
44416,287,26083,0,16704,278,20200707,1629,9,0,0,Portugal,葡萄牙
44416,0,26083,0,16704,0,20200708,1629,0,0,0,Portugal,葡萄牙
