﻿confirmedCount,confirmedIncr,curedCount,curedIncr,currentConfirmedCount,currentConfirmedIncr,dateId,deadCount,deadIncr,suspectedCount,suspectedCountIncr,countryFullName,countryName
3,3,0,0,3,3,20200316,0,0,0,0,Puerto Rico,波多黎各
3,0,0,0,3,0,20200317,0,0,0,0,Puerto Rico,波多黎各
3,0,0,0,3,0,20200318,0,0,0,0,Puerto Rico,波多黎各
5,2,0,0,5,2,20200319,0,0,0,0,Puerto Rico,波多黎各
6,1,0,0,6,1,20200320,0,0,0,0,Puerto Rico,波多黎各
14,8,0,0,14,8,20200321,0,0,0,0,Puerto Rico,波多黎各
21,7,0,0,20,6,20200322,1,1,0,0,Puerto Rico,波多黎各
23,2,0,0,22,2,20200323,1,0,0,0,Puerto Rico,波多黎各
31,8,0,0,29,7,20200324,2,1,0,0,Puerto Rico,波多黎各
39,8,0,0,37,8,20200325,2,0,0,0,Puerto Rico,波多黎各
51,12,0,0,49,12,20200326,2,0,0,0,Puerto Rico,波多黎各
64,13,0,0,62,13,20200327,2,0,0,0,Puerto Rico,波多黎各
64,0,0,0,62,0,20200328,2,0,0,0,Puerto Rico,波多黎各
64,0,0,0,62,0,20200329,2,0,0,0,Puerto Rico,波多黎各
64,0,0,0,62,0,20200330,2,0,0,0,Puerto Rico,波多黎各
174,110,0,0,168,106,20200331,6,4,0,0,Puerto Rico,波多黎各
239,65,0,0,231,63,20200401,8,2,0,0,Puerto Rico,波多黎各
286,47,0,0,275,44,20200402,11,3,0,0,Puerto Rico,波多黎各
316,30,0,0,304,29,20200403,12,1,0,0,Puerto Rico,波多黎各
378,62,0,0,363,59,20200404,15,3,0,0,Puerto Rico,波多黎各
452,74,0,0,434,71,20200405,18,3,0,0,Puerto Rico,波多黎各
452,0,0,0,434,0,20200406,18,0,0,0,Puerto Rico,波多黎各
513,61,0,0,492,58,20200407,21,3,0,0,Puerto Rico,波多黎各
573,60,0,0,550,58,20200408,23,2,0,0,Puerto Rico,波多黎各
620,47,0,0,596,46,20200409,24,1,0,0,Puerto Rico,波多黎各
683,63,0,0,650,54,20200410,33,9,0,0,Puerto Rico,波多黎各
725,42,0,0,686,36,20200411,39,6,0,0,Puerto Rico,波多黎各
788,63,0,0,746,60,20200412,42,3,0,0,Puerto Rico,波多黎各
897,109,0,0,853,107,20200413,44,2,0,0,Puerto Rico,波多黎各
903,6,0,0,858,5,20200414,45,1,0,0,Puerto Rico,波多黎各
923,20,0,0,878,20,20200415,45,0,0,0,Puerto Rico,波多黎各
974,51,0,0,923,45,20200416,51,6,0,0,Puerto Rico,波多黎各
1043,69,0,0,987,64,20200417,56,5,0,0,Puerto Rico,波多黎各
1068,25,0,0,1010,23,20200418,58,2,0,0,Puerto Rico,波多黎各
1118,50,0,0,1058,48,20200419,60,2,0,0,Puerto Rico,波多黎各
1213,95,0,0,1151,93,20200420,62,2,0,0,Puerto Rico,波多黎各
1252,39,0,0,1189,38,20200421,63,1,0,0,Puerto Rico,波多黎各
1298,46,0,0,1234,45,20200422,64,1,0,0,Puerto Rico,波多黎各
1298,0,0,0,1234,0,20200423,64,0,0,0,Puerto Rico,波多黎各
1416,118,0,0,1352,118,20200424,64,0,0,0,Puerto Rico,波多黎各
1416,0,0,0,1352,0,20200425,64,0,0,0,Puerto Rico,波多黎各
1416,0,0,0,1339,-13,20200426,77,13,0,0,Puerto Rico,波多黎各
1416,0,0,0,1339,0,20200427,77,0,0,0,Puerto Rico,波多黎各
1416,0,0,0,1339,0,20200428,77,0,0,0,Puerto Rico,波多黎各
1416,0,0,0,1339,0,20200429,77,0,0,0,Puerto Rico,波多黎各
1433,17,0,0,1356,17,20200430,77,0,0,0,Puerto Rico,波多黎各
1539,106,0,0,1462,106,20200501,77,0,0,0,Puerto Rico,波多黎各
1575,36,0,0,1498,36,20200502,77,0,0,0,Puerto Rico,波多黎各
1757,182,0,0,1680,182,20200503,77,0,0,0,Puerto Rico,波多黎各
1808,51,0,0,1711,31,20200504,97,20,0,0,Puerto Rico,波多黎各
1843,35,0,0,1746,35,20200505,97,0,0,0,Puerto Rico,波多黎各
1924,81,0,0,1827,81,20200506,97,0,0,0,Puerto Rico,波多黎各
1968,44,0,0,1871,44,20200507,97,0,0,0,Puerto Rico,波多黎各
2031,63,0,0,1934,63,20200508,97,0,0,0,Puerto Rico,波多黎各
2156,125,0,0,2059,125,20200509,97,0,0,0,Puerto Rico,波多黎各
2173,17,0,0,2065,6,20200510,108,11,0,0,Puerto Rico,波多黎各
2198,25,0,0,2087,22,20200511,111,3,0,0,Puerto Rico,波多黎各
2256,58,0,0,2143,56,20200512,113,2,0,0,Puerto Rico,波多黎各
2299,43,0,0,2185,42,20200513,114,1,0,0,Puerto Rico,波多黎各
2329,30,0,0,2214,29,20200514,115,1,0,0,Puerto Rico,波多黎各
2427,98,0,0,2310,96,20200515,117,2,0,0,Puerto Rico,波多黎各
2542,115,0,0,2420,110,20200516,122,5,0,0,Puerto Rico,波多黎各
2589,47,0,0,2467,47,20200517,122,0,0,0,Puerto Rico,波多黎各
2646,57,0,0,2523,56,20200518,123,1,0,0,Puerto Rico,波多黎各
2710,64,0,0,2586,63,20200519,124,1,0,0,Puerto Rico,波多黎各
2805,95,0,0,2681,95,20200520,124,0,0,0,Puerto Rico,波多黎各
2866,61,0,0,2741,60,20200521,125,1,0,0,Puerto Rico,波多黎各
2913,47,0,0,2787,46,20200522,126,1,0,0,Puerto Rico,波多黎各
3030,117,0,0,2904,117,20200523,126,0,0,0,Puerto Rico,波多黎各
3100,70,0,0,2973,69,20200524,127,1,0,0,Puerto Rico,波多黎各
3189,89,0,0,3062,89,20200525,127,0,0,0,Puerto Rico,波多黎各
3260,71,0,0,3131,69,20200526,129,2,0,0,Puerto Rico,波多黎各
3324,64,0,0,3195,64,20200527,129,0,0,0,Puerto Rico,波多黎各
3397,73,0,0,3268,73,20200528,129,0,0,0,Puerto Rico,波多黎各
3486,89,0,0,3355,87,20200529,131,2,0,0,Puerto Rico,波多黎各
3647,161,0,0,3515,160,20200530,132,1,0,0,Puerto Rico,波多黎各
3718,71,0,0,3585,70,20200531,133,1,0,0,Puerto Rico,波多黎各
3776,58,0,0,3640,55,20200601,136,3,0,0,Puerto Rico,波多黎各
3873,97,0,0,3737,97,20200602,136,0,0,0,Puerto Rico,波多黎各
3935,62,0,0,3797,60,20200603,138,2,0,0,Puerto Rico,波多黎各
4023,88,0,0,3883,86,20200604,140,2,0,0,Puerto Rico,波多黎各
4508,485,0,0,4368,485,20200605,140,0,0,0,Puerto Rico,波多黎各
4620,112,0,0,4479,111,20200606,141,1,0,0,Puerto Rico,波多黎各
4915,295,0,0,4773,294,20200607,142,1,0,0,Puerto Rico,波多黎各
4985,70,0,0,4843,70,20200608,142,0,0,0,Puerto Rico,波多黎各
5046,61,0,0,4904,61,20200609,142,0,0,0,Puerto Rico,波多黎各
5185,139,0,0,5043,139,20200610,142,0,0,0,Puerto Rico,波多黎各
5329,144,0,0,5186,143,20200611,143,1,0,0,Puerto Rico,波多黎各
5352,23,0,0,5208,22,20200612,144,1,0,0,Puerto Rico,波多黎各
5536,184,0,0,5390,182,20200613,146,2,0,0,Puerto Rico,波多黎各
5690,154,0,0,5544,154,20200614,146,0,0,0,Puerto Rico,波多黎各
5811,121,0,0,5664,120,20200615,147,1,0,0,Puerto Rico,波多黎各
5890,79,0,0,5743,79,20200616,147,0,0,0,Puerto Rico,波多黎各
5890,0,0,0,5743,0,20200617,147,0,0,0,Puerto Rico,波多黎各
6003,113,0,0,5856,113,20200618,147,0,0,0,Puerto Rico,波多黎各
6111,108,0,0,5964,108,20200619,147,0,0,0,Puerto Rico,波多黎各
6195,84,0,0,6048,84,20200620,147,0,0,0,Puerto Rico,波多黎各
6463,268,0,0,6316,268,20200621,147,0,0,0,Puerto Rico,波多黎各
6525,62,0,0,6376,60,20200622,149,2,0,0,Puerto Rico,波多黎各
6564,39,0,0,6415,39,20200623,149,0,0,0,Puerto Rico,波多黎各
6685,121,0,0,6536,121,20200624,149,0,0,0,Puerto Rico,波多黎各
6820,135,0,0,6671,135,20200625,149,0,0,0,Puerto Rico,波多黎各
6877,57,0,0,6726,55,20200626,151,2,0,0,Puerto Rico,波多黎各
6922,45,0,0,6771,45,20200627,151,0,0,0,Puerto Rico,波多黎各
7066,144,0,0,6914,143,20200628,152,1,0,0,Puerto Rico,波多黎各
7189,123,0,0,7036,122,20200629,153,1,0,0,Puerto Rico,波多黎各
7250,61,0,0,7097,61,20200630,153,0,0,0,Puerto Rico,波多黎各
7465,215,0,0,7312,215,20200701,153,0,0,0,Puerto Rico,波多黎各
7537,72,0,0,7384,72,20200702,153,0,0,0,Puerto Rico,波多黎各
7608,71,0,0,7455,71,20200703,153,0,0,0,Puerto Rico,波多黎各
7683,75,0,0,7529,74,20200704,154,1,0,0,Puerto Rico,波多黎各
7787,104,0,0,7632,103,20200705,155,1,0,0,Puerto Rico,波多黎各
7916,129,0,0,7761,129,20200706,155,0,0,0,Puerto Rico,波多黎各
8585,669,0,0,8430,669,20200707,155,0,0,0,Puerto Rico,波多黎各
8714,129,0,0,8557,127,20200708,157,2,0,0,Puerto Rico,波多黎各
