﻿confirmedCount,confirmedIncr,curedCount,curedIncr,currentConfirmedCount,currentConfirmedIncr,dateId,deadCount,deadIncr,suspectedCount,suspectedCountIncr,countryFullName,countryName
1,1,0,0,1,1,20200301,0,0,0,0,Qatar,卡塔尔
3,2,0,0,3,2,20200302,0,0,0,0,Qatar,卡塔尔
7,4,0,0,7,4,20200303,0,0,0,0,Qatar,卡塔尔
8,1,0,0,8,1,20200304,0,0,0,0,Qatar,卡塔尔
8,0,0,0,8,0,20200305,0,0,0,0,Qatar,卡塔尔
8,0,0,0,8,0,20200306,0,0,0,0,Qatar,卡塔尔
11,3,0,0,11,3,20200307,0,0,0,0,Qatar,卡塔尔
12,1,0,0,12,1,20200308,0,0,0,0,Qatar,卡塔尔
15,3,0,0,15,3,20200309,0,0,0,0,Qatar,卡塔尔
18,3,0,0,18,3,20200310,0,0,0,0,Qatar,卡塔尔
24,6,0,0,24,6,20200311,0,0,0,0,Qatar,卡塔尔
262,238,0,0,262,238,20200312,0,0,0,0,Qatar,卡塔尔
262,0,0,0,262,0,20200313,0,0,0,0,Qatar,卡塔尔
262,0,0,0,262,0,20200314,0,0,0,0,Qatar,卡塔尔
337,75,0,0,337,75,20200315,0,0,0,0,Qatar,卡塔尔
401,64,0,0,401,64,20200316,0,0,0,0,Qatar,卡塔尔
439,38,0,0,439,38,20200317,0,0,0,0,Qatar,卡塔尔
442,3,0,0,442,3,20200318,0,0,0,0,Qatar,卡塔尔
452,10,4,4,448,6,20200319,0,0,0,0,Qatar,卡塔尔
470,18,10,6,460,12,20200320,0,0,0,0,Qatar,卡塔尔
481,11,27,17,454,-6,20200321,0,0,0,0,Qatar,卡塔尔
494,13,33,6,461,7,20200322,0,0,0,0,Qatar,卡塔尔
501,7,37,4,464,3,20200323,0,0,0,0,Qatar,卡塔尔
526,25,41,4,485,21,20200324,0,0,0,0,Qatar,卡塔尔
537,11,41,0,496,11,20200325,0,0,0,0,Qatar,卡塔尔
549,12,43,2,506,10,20200326,0,0,0,0,Qatar,卡塔尔
562,13,43,0,519,13,20200327,0,0,0,0,Qatar,卡塔尔
590,28,45,2,544,25,20200328,1,1,0,0,Qatar,卡塔尔
634,44,48,3,585,41,20200329,1,0,0,0,Qatar,卡塔尔
693,59,51,3,640,55,20200330,2,1,0,0,Qatar,卡塔尔
781,88,62,11,717,77,20200331,2,0,0,0,Qatar,卡塔尔
835,54,71,9,762,45,20200401,2,0,0,0,Qatar,卡塔尔
949,114,72,1,872,110,20200402,5,3,0,0,Qatar,卡塔尔
1075,126,72,0,998,126,20200403,5,0,0,0,Qatar,卡塔尔
1325,250,109,37,1211,213,20200404,5,0,0,0,Qatar,卡塔尔
1604,279,123,14,1477,266,20200405,4,-1,0,0,Qatar,卡塔尔
1832,228,131,8,1697,220,20200406,4,0,0,0,Qatar,卡塔尔
2057,225,131,0,1920,223,20200407,6,2,0,0,Qatar,卡塔尔
2210,153,178,47,2026,106,20200408,6,0,0,0,Qatar,卡塔尔
2376,166,206,28,2164,138,20200409,6,0,0,0,Qatar,卡塔尔
2512,136,227,21,2279,115,20200410,6,0,0,0,Qatar,卡塔尔
2728,216,247,20,2475,196,20200411,6,0,0,0,Qatar,卡塔尔
2979,251,275,28,2697,222,20200412,7,1,0,0,Qatar,卡塔尔
3231,252,334,59,2890,193,20200413,7,0,0,0,Qatar,卡塔尔
3428,197,373,39,3048,158,20200414,7,0,0,0,Qatar,卡塔尔
3711,283,406,33,3298,250,20200415,7,0,0,0,Qatar,卡塔尔
3711,0,406,0,3298,0,20200416,7,0,0,0,Qatar,卡塔尔
4663,952,464,58,4192,894,20200417,7,0,0,0,Qatar,卡塔尔
5008,345,510,46,4490,298,20200418,8,1,0,0,Qatar,卡塔尔
5448,440,518,8,4922,432,20200419,8,0,0,0,Qatar,卡塔尔
6015,567,555,37,5451,529,20200420,9,1,0,0,Qatar,卡塔尔
6533,518,614,59,5910,459,20200421,9,0,0,0,Qatar,卡塔尔
7141,608,689,75,6442,532,20200422,10,1,0,0,Qatar,卡塔尔
7764,623,750,61,7004,562,20200423,10,0,0,0,Qatar,卡塔尔
8525,761,809,59,7706,702,20200424,10,0,0,0,Qatar,卡塔尔
9358,833,929,120,8419,713,20200425,10,0,0,0,Qatar,卡塔尔
10287,929,1012,83,9265,846,20200426,10,0,0,0,Qatar,卡塔尔
11244,957,1066,54,10168,903,20200427,10,0,0,0,Qatar,卡塔尔
11921,677,1134,68,10777,609,20200428,10,0,0,0,Qatar,卡塔尔
12564,643,1243,109,11311,534,20200429,10,0,0,0,Qatar,卡塔尔
13409,845,1372,129,12027,716,20200430,10,0,0,0,Qatar,卡塔尔
14096,687,1436,64,12648,621,20200501,12,2,0,0,Qatar,卡塔尔
14872,776,1534,98,13326,678,20200502,12,0,0,0,Qatar,卡塔尔
15551,679,1664,130,13875,549,20200503,12,0,0,0,Qatar,卡塔尔
16191,640,1810,146,14369,494,20200504,12,0,0,0,Qatar,卡塔尔
17142,951,1924,114,15206,837,20200505,12,0,0,0,Qatar,卡塔尔
17142,0,1924,0,15206,0,20200506,12,0,0,0,Qatar,卡塔尔
18890,1748,2286,362,16592,1386,20200507,12,0,0,0,Qatar,卡塔尔
20201,1311,2370,84,17819,1227,20200508,12,0,0,0,Qatar,卡塔尔
21331,1130,2499,129,18819,1000,20200509,13,1,0,0,Qatar,卡塔尔
22520,1189,2753,254,19753,934,20200510,14,1,0,0,Qatar,卡塔尔
23623,1103,2840,87,20769,1016,20200511,14,0,0,0,Qatar,卡塔尔
25149,1526,3019,179,22116,1347,20200512,14,0,0,0,Qatar,卡塔尔
26539,1390,3143,124,23382,1266,20200513,14,0,0,0,Qatar,卡塔尔
28272,1733,3356,213,24902,1520,20200514,14,0,0,0,Qatar,卡塔尔
29425,1153,3546,190,25865,963,20200515,14,0,0,0,Qatar,卡塔尔
30972,1547,3788,242,27169,1304,20200516,15,1,0,0,Qatar,卡塔尔
32604,1632,4370,582,28219,1050,20200517,15,0,0,0,Qatar,卡塔尔
33969,1365,4899,529,29055,836,20200518,15,0,0,0,Qatar,卡塔尔
35606,1637,5634,735,29957,902,20200519,15,0,0,0,Qatar,卡塔尔
37097,1491,6600,966,30481,524,20200520,16,1,0,0,Qatar,卡塔尔
38651,1554,7288,688,31346,865,20200521,17,1,0,0,Qatar,卡塔尔
40481,1830,7893,605,32569,1223,20200522,19,2,0,0,Qatar,卡塔尔
42213,1732,8513,620,33679,1110,20200523,21,2,0,0,Qatar,卡塔尔
43714,1501,9170,657,34521,842,20200524,23,2,0,0,Qatar,卡塔尔
45465,1751,10363,1193,35076,555,20200525,26,3,0,0,Qatar,卡塔尔
47207,1742,11844,1481,35335,259,20200526,28,2,0,0,Qatar,卡塔尔
48947,1740,13283,1439,35634,299,20200527,30,2,0,0,Qatar,卡塔尔
50914,1967,15399,2116,35482,-152,20200528,33,3,0,0,Qatar,卡塔尔
52907,1993,20604,5205,32267,-3215,20200529,36,3,0,0,Qatar,卡塔尔
55262,2355,25839,5235,29387,-2880,20200530,36,0,0,0,Qatar,卡塔尔
56910,1648,30290,4451,26582,-2805,20200531,38,2,0,0,Qatar,卡塔尔
58433,1523,33437,3147,24956,-1626,20200601,40,2,0,0,Qatar,卡塔尔
60259,1826,36036,2599,24180,-776,20200602,43,3,0,0,Qatar,卡塔尔
62160,1901,37542,1506,24573,393,20200603,45,2,0,0,Qatar,卡塔尔
63741,1581,39468,1926,24228,-345,20200604,45,0,0,0,Qatar,卡塔尔
65495,1754,40935,1467,24511,283,20200605,49,4,0,0,Qatar,卡塔尔
67195,1700,42527,1592,24617,106,20200606,51,2,0,0,Qatar,卡塔尔
68790,1595,44338,1811,24398,-219,20200607,54,3,0,0,Qatar,卡塔尔
70158,1368,45935,1597,24166,-232,20200608,57,3,0,0,Qatar,卡塔尔
71879,1721,47569,1634,24248,82,20200609,62,5,0,0,Qatar,卡塔尔
73595,1716,49413,1844,24116,-132,20200610,66,4,0,0,Qatar,卡塔尔
75071,1476,51331,1918,23671,-445,20200611,69,3,0,0,Qatar,卡塔尔
76588,1517,53296,1965,23222,-449,20200612,70,1,0,0,Qatar,卡塔尔
78416,1828,55252,1956,23094,-128,20200613,70,0,0,0,Qatar,卡塔尔
79602,1186,56898,1646,22631,-463,20200614,73,3,0,0,Qatar,卡塔尔
80876,1274,58681,1783,22119,-512,20200615,76,3,0,0,Qatar,卡塔尔
82077,1201,60461,1780,21536,-583,20200616,80,4,0,0,Qatar,卡塔尔
83174,1097,60461,0,22631,1095,20200617,82,2,0,0,Qatar,卡塔尔
84441,1267,63642,3181,20713,-1918,20200618,86,4,0,0,Qatar,卡塔尔
85462,1021,65409,1767,19960,-753,20200619,93,7,0,0,Qatar,卡塔尔
86488,1026,66763,1354,19631,-329,20200620,94,1,0,0,Qatar,卡塔尔
87369,881,68319,1556,18952,-679,20200621,98,4,0,0,Qatar,卡塔尔
88403,1034,69956,1637,18348,-604,20200622,99,1,0,0,Qatar,卡塔尔
89579,1176,71501,1545,17979,-369,20200623,99,0,0,0,Qatar,卡塔尔
90778,1199,73083,1582,17591,-388,20200624,104,5,0,0,Qatar,卡塔尔
91838,1060,74544,1461,17188,-403,20200625,106,2,0,0,Qatar,卡塔尔
92784,946,76072,1528,16603,-585,20200626,109,3,0,0,Qatar,卡塔尔
93663,879,77225,1153,16328,-275,20200627,110,1,0,0,Qatar,卡塔尔
94413,750,78702,1477,15601,-727,20200628,110,0,0,0,Qatar,卡塔尔
95106,693,80178,1476,14815,-786,20200629,113,3,0,0,Qatar,卡塔尔
96088,982,81564,1386,14411,-404,20200630,113,0,0,0,Qatar,卡塔尔
97003,915,83965,2401,12923,-1488,20200701,115,2,0,0,Qatar,卡塔尔
97897,894,86597,2632,11182,-1741,20200702,118,3,0,0,Qatar,卡塔尔
98653,756,88583,1986,9949,-1233,20200703,121,3,0,0,Qatar,卡塔尔
99568,915,90387,1804,9058,-891,20200704,123,2,0,0,Qatar,卡塔尔
99799,231,92284,1897,7387,-1671,20200705,128,5,0,0,Qatar,卡塔尔
100345,546,93898,1614,6314,-1073,20200706,133,5,0,0,Qatar,卡塔尔
100945,600,94903,1005,5908,-406,20200707,134,1,0,0,Qatar,卡塔尔
101553,608,96107,1204,5308,-600,20200708,138,4,0,0,Qatar,卡塔尔
