﻿confirmedCount,confirmedIncr,curedCount,curedIncr,currentConfirmedCount,currentConfirmedIncr,dateId,deadCount,deadIncr,suspectedCount,suspectedCountIncr,countryFullName,countryName
1,1,0,0,1,1,20200121,0,0,0,0,Republic of Korea,韩国
1,0,0,0,1,0,20200122,0,0,0,0,Republic of Korea,韩国
1,0,0,0,1,0,20200123,0,0,0,0,Republic of Korea,韩国
2,1,0,0,2,1,20200124,0,0,0,0,Republic of Korea,韩国
2,0,0,0,2,0,20200125,0,0,0,0,Republic of Korea,韩国
2,0,0,0,2,0,20200126,0,0,0,0,Republic of Korea,韩国
4,2,0,0,4,2,20200127,0,0,0,0,Republic of Korea,韩国
4,0,0,0,4,0,20200128,0,0,0,0,Republic of Korea,韩国
4,0,0,0,4,0,20200129,0,0,0,0,Republic of Korea,韩国
4,0,0,0,4,0,20200130,0,0,0,0,Republic of Korea,韩国
11,7,0,0,11,7,20200131,0,0,0,0,Republic of Korea,韩国
12,1,0,0,12,1,20200201,0,0,0,0,Republic of Korea,韩国
15,3,0,0,15,3,20200202,0,0,0,0,Republic of Korea,韩国
15,0,0,0,15,0,20200203,0,0,0,0,Republic of Korea,韩国
16,1,0,0,16,1,20200204,0,0,0,0,Republic of Korea,韩国
18,2,0,0,18,2,20200205,0,0,0,0,Republic of Korea,韩国
23,5,0,0,23,5,20200206,0,0,0,0,Republic of Korea,韩国
24,1,0,0,24,1,20200207,0,0,0,0,Republic of Korea,韩国
24,0,0,0,24,0,20200208,0,0,0,0,Republic of Korea,韩国
27,3,0,0,27,3,20200209,0,0,0,0,Republic of Korea,韩国
27,0,0,0,27,0,20200210,0,0,0,0,Republic of Korea,韩国
28,1,0,0,28,1,20200211,0,0,0,0,Republic of Korea,韩国
28,0,0,0,28,0,20200212,0,0,0,0,Republic of Korea,韩国
28,0,0,0,28,0,20200213,0,0,0,0,Republic of Korea,韩国
28,0,0,0,28,0,20200214,0,0,0,0,Republic of Korea,韩国
28,0,0,0,28,0,20200215,0,0,0,0,Republic of Korea,韩国
29,1,0,0,29,1,20200216,0,0,0,0,Republic of Korea,韩国
30,1,0,0,30,1,20200217,0,0,0,0,Republic of Korea,韩国
31,1,0,0,31,1,20200218,0,0,0,0,Republic of Korea,韩国
51,20,0,0,51,20,20200219,0,0,0,0,Republic of Korea,韩国
104,53,0,0,103,52,20200220,1,1,0,0,Republic of Korea,韩国
204,100,0,0,203,100,20200221,1,0,0,0,Republic of Korea,韩国
346,142,0,0,344,141,20200222,2,1,0,0,Republic of Korea,韩国
602,256,0,0,597,253,20200223,5,3,0,0,Republic of Korea,韩国
763,161,0,0,756,159,20200224,7,2,0,0,Republic of Korea,韩国
977,214,0,0,967,211,20200225,10,3,0,0,Republic of Korea,韩国
1261,284,0,0,1249,282,20200226,12,2,0,0,Republic of Korea,韩国
1766,505,0,0,1753,504,20200227,13,1,0,0,Republic of Korea,韩国
2337,571,0,0,2324,571,20200228,13,0,0,0,Republic of Korea,韩国
3150,813,0,0,3133,809,20200229,17,4,0,0,Republic of Korea,韩国
3736,586,0,0,3718,585,20200301,18,1,0,0,Republic of Korea,韩国
4212,476,0,0,4190,472,20200302,22,4,0,0,Republic of Korea,韩国
4812,600,0,0,4784,594,20200303,28,6,0,0,Republic of Korea,韩国
5328,516,0,0,5296,512,20200304,32,4,0,0,Republic of Korea,韩国
5766,438,0,0,5731,435,20200305,35,3,0,0,Republic of Korea,韩国
6284,518,0,0,6242,511,20200306,42,7,0,0,Republic of Korea,韩国
6767,483,0,0,6723,481,20200307,44,2,0,0,Republic of Korea,韩国
7134,367,0,0,7084,361,20200308,50,6,0,0,Republic of Korea,韩国
7382,248,0,0,7331,247,20200309,51,1,0,0,Republic of Korea,韩国
7513,131,0,0,7459,128,20200310,54,3,0,0,Republic of Korea,韩国
7755,242,0,0,7695,236,20200311,60,6,0,0,Republic of Korea,韩国
7869,114,0,0,7803,108,20200312,66,6,0,0,Republic of Korea,韩国
7979,110,0,0,7913,110,20200313,66,0,0,0,Republic of Korea,韩国
8086,107,0,0,8014,101,20200314,72,6,0,0,Republic of Korea,韩国
8162,76,834,834,7253,-761,20200315,75,3,0,0,Republic of Korea,韩国
8236,74,1137,303,7024,-229,20200316,75,0,0,0,Republic of Korea,韩国
8320,84,1401,264,6838,-186,20200317,81,6,0,0,Republic of Korea,韩国
8413,93,1540,139,6789,-49,20200318,84,3,0,0,Republic of Korea,韩国
8652,239,2233,693,6325,-464,20200319,94,10,0,0,Republic of Korea,韩国
8799,147,2612,379,6085,-240,20200320,102,8,0,0,Republic of Korea,韩国
8897,98,2909,297,5884,-201,20200321,104,2,0,0,Republic of Korea,韩国
8897,0,2909,0,5884,0,20200322,104,0,0,0,Republic of Korea,韩国
8961,64,3166,257,5684,-200,20200323,111,7,0,0,Republic of Korea,韩国
9037,76,3507,341,5410,-274,20200324,120,9,0,0,Republic of Korea,韩国
9241,204,4144,637,4966,-444,20200325,131,11,0,0,Republic of Korea,韩国
9332,91,4528,384,4665,-301,20200326,139,8,0,0,Republic of Korea,韩国
9332,0,4528,0,4665,0,20200327,139,0,0,0,Republic of Korea,韩国
9478,146,4811,283,4523,-142,20200328,144,5,0,0,Republic of Korea,韩国
9583,105,5033,222,4398,-125,20200329,152,8,0,0,Republic of Korea,韩国
9661,78,5228,195,4275,-123,20200330,158,6,0,0,Republic of Korea,韩国
9887,226,5408,180,4314,39,20200331,165,7,0,0,Republic of Korea,韩国
9887,0,5567,159,4155,-159,20200401,165,0,0,0,Republic of Korea,韩国
9976,89,5828,261,3979,-176,20200402,169,4,0,0,Republic of Korea,韩国
10156,180,6325,497,3654,-325,20200403,177,8,0,0,Republic of Korea,韩国
10156,0,6325,0,3654,0,20200404,177,0,0,0,Republic of Korea,韩国
10237,81,6463,138,3591,-63,20200405,183,6,0,0,Republic of Korea,韩国
10284,47,6598,135,3500,-91,20200406,186,3,0,0,Republic of Korea,韩国
10331,47,6694,96,3445,-55,20200407,192,6,0,0,Republic of Korea,韩国
10423,92,6973,279,3246,-199,20200408,204,12,0,0,Republic of Korea,韩国
10450,27,7117,144,3125,-121,20200409,208,4,0,0,Republic of Korea,韩国
10450,0,7117,0,3125,0,20200410,208,0,0,0,Republic of Korea,韩国
10480,30,7243,126,3026,-99,20200411,211,3,0,0,Republic of Korea,韩国
10537,57,7447,204,2873,-153,20200412,217,6,0,0,Republic of Korea,韩国
10564,27,7534,87,2808,-65,20200413,222,5,0,0,Republic of Korea,韩国
10564,0,7534,0,2808,0,20200414,222,0,0,0,Republic of Korea,韩国
10591,27,7616,82,2750,-58,20200415,225,3,0,0,Republic of Korea,韩国
10635,44,7829,213,2576,-174,20200416,230,5,0,0,Republic of Korea,韩国
10653,18,7937,108,2484,-92,20200417,232,2,0,0,Republic of Korea,韩国
10661,8,8042,105,2385,-99,20200418,234,2,0,0,Republic of Korea,韩国
10661,0,8042,0,2385,0,20200419,234,0,0,0,Republic of Korea,韩国
10674,13,8114,72,2324,-61,20200420,236,2,0,0,Republic of Korea,韩国
10683,9,8213,99,2233,-91,20200421,237,1,0,0,Republic of Korea,韩国
10694,11,8277,64,2179,-54,20200422,238,1,0,0,Republic of Korea,韩国
10708,14,8501,224,1967,-212,20200423,240,2,0,0,Republic of Korea,韩国
10708,0,8501,0,1967,0,20200424,240,0,0,0,Republic of Korea,韩国
10718,10,8501,0,1977,10,20200425,240,0,0,0,Republic of Korea,韩国
10728,10,8717,216,1769,-208,20200426,242,2,0,0,Republic of Korea,韩国
10738,10,8764,47,1731,-38,20200427,243,1,0,0,Republic of Korea,韩国
10761,23,8922,158,1593,-138,20200428,246,3,0,0,Republic of Korea,韩国
10761,0,8922,0,1593,0,20200429,246,0,0,0,Republic of Korea,韩国
10765,4,9059,137,1459,-134,20200430,247,1,0,0,Republic of Korea,韩国
10780,15,9123,64,1407,-52,20200501,250,3,0,0,Republic of Korea,韩国
10780,0,9123,0,1407,0,20200502,250,0,0,0,Republic of Korea,韩国
10793,13,9183,60,1360,-47,20200503,250,0,0,0,Republic of Korea,韩国
10801,8,9217,34,1332,-28,20200504,252,2,0,0,Republic of Korea,韩国
10804,3,9283,66,1267,-65,20200505,254,2,0,0,Republic of Korea,韩国
10806,2,9333,50,1218,-49,20200506,255,1,0,0,Republic of Korea,韩国
10810,4,9419,86,1135,-83,20200507,256,1,0,0,Republic of Korea,韩国
10822,12,9484,65,1082,-53,20200508,256,0,0,0,Republic of Korea,韩国
10840,18,9568,84,1016,-66,20200509,256,0,0,0,Republic of Korea,韩国
10874,34,9610,42,1008,-8,20200510,256,0,0,0,Republic of Korea,韩国
10909,35,9610,0,1043,35,20200511,256,0,0,0,Republic of Korea,韩国
10936,27,9670,60,1008,-35,20200512,258,2,0,0,Republic of Korea,韩国
10962,26,9695,25,1008,0,20200513,259,1,0,0,Republic of Korea,韩国
10991,29,9695,0,1036,28,20200514,260,1,0,0,Republic of Korea,韩国
11037,46,9851,156,924,-112,20200515,262,2,0,0,Republic of Korea,韩国
11037,0,9851,0,924,0,20200516,262,0,0,0,Republic of Korea,韩国
11050,13,9888,37,900,-24,20200517,262,0,0,0,Republic of Korea,韩国
11065,15,9904,16,898,-2,20200518,263,1,0,0,Republic of Korea,韩国
11078,13,9938,34,877,-21,20200519,263,0,0,0,Republic of Korea,韩国
11110,32,10066,128,781,-96,20200520,263,0,0,0,Republic of Korea,韩国
11122,12,10135,69,723,-58,20200521,264,1,0,0,Republic of Korea,韩国
11142,20,10162,27,716,-7,20200522,264,0,0,0,Republic of Korea,韩国
11165,23,10194,32,705,-11,20200523,266,2,0,0,Republic of Korea,韩国
11190,25,10194,0,730,25,20200524,266,0,0,0,Republic of Korea,韩国
11206,16,10226,32,713,-17,20200525,267,1,0,0,Republic of Korea,韩国
11225,19,10275,49,681,-32,20200526,269,2,0,0,Republic of Korea,韩国
11265,40,10275,0,721,40,20200527,269,0,0,0,Republic of Korea,韩国
11344,79,10340,65,735,14,20200528,269,0,0,0,Republic of Korea,韩国
11402,58,10363,23,770,35,20200529,269,0,0,0,Republic of Korea,韩国
11441,39,10398,35,774,4,20200530,269,0,0,0,Republic of Korea,韩国
11468,27,10405,7,793,19,20200531,270,1,0,0,Republic of Korea,韩国
11503,35,10422,17,810,17,20200601,271,1,0,0,Republic of Korea,韩国
11541,38,10446,24,823,13,20200602,272,1,0,0,Republic of Korea,韩国
11590,49,10446,0,871,48,20200603,273,1,0,0,Republic of Korea,韩国
11629,39,10499,53,857,-14,20200604,273,0,0,0,Republic of Korea,韩国
11668,39,10499,0,896,39,20200605,273,0,0,0,Republic of Korea,韩国
11719,51,10499,0,947,51,20200606,273,0,0,0,Republic of Korea,韩国
11776,57,10552,53,951,4,20200607,273,0,0,0,Republic of Korea,韩国
11814,38,10552,0,989,38,20200608,273,0,0,0,Republic of Korea,韩国
11852,38,10589,37,989,0,20200609,274,1,0,0,Republic of Korea,韩国
11902,50,10611,22,1015,26,20200610,276,2,0,0,Republic of Korea,韩国
11947,45,10611,0,1060,45,20200611,276,0,0,0,Republic of Korea,韩国
12051,104,10691,80,1083,23,20200612,277,1,0,0,Republic of Korea,韩国
12051,0,10691,0,1083,0,20200613,277,0,0,0,Republic of Korea,韩国
12085,34,10718,27,1090,7,20200614,277,0,0,0,Republic of Korea,韩国
12121,36,10730,12,1114,24,20200615,277,0,0,0,Republic of Korea,韩国
12155,34,10760,30,1117,3,20200616,278,1,0,0,Republic of Korea,韩国
12198,43,10774,14,1145,28,20200617,279,1,0,0,Republic of Korea,韩国
12257,59,10800,26,1177,32,20200618,280,1,0,0,Republic of Korea,韩国
12306,49,10800,0,1226,49,20200619,280,0,0,0,Republic of Korea,韩国
12373,67,10856,56,1237,11,20200620,280,0,0,0,Republic of Korea,韩国
12421,48,10868,12,1273,36,20200621,280,0,0,0,Republic of Korea,韩国
12438,17,10881,13,1277,4,20200622,280,0,0,0,Republic of Korea,韩国
12484,46,10908,27,1295,18,20200623,281,1,0,0,Republic of Korea,韩国
12535,51,10930,22,1324,29,20200624,281,0,0,0,Republic of Korea,韩国
12563,28,10974,44,1307,-17,20200625,282,1,0,0,Republic of Korea,韩国
12602,39,11172,198,1148,-159,20200626,282,0,0,0,Republic of Korea,韩国
12653,51,11317,145,1054,-94,20200627,282,0,0,0,Republic of Korea,韩国
12715,62,11364,47,1069,15,20200628,282,0,0,0,Republic of Korea,韩国
12757,42,11429,65,1046,-23,20200629,282,0,0,0,Republic of Korea,韩国
12800,43,11537,108,981,-65,20200630,282,0,0,0,Republic of Korea,韩国
12850,50,11613,76,955,-26,20200701,282,0,0,0,Republic of Korea,韩国
12904,54,11684,71,938,-17,20200702,282,0,0,0,Republic of Korea,韩国
12967,63,11759,75,926,-12,20200703,282,0,0,0,Republic of Korea,韩国
13030,63,11759,0,988,62,20200704,283,1,0,0,Republic of Korea,韩国
13091,61,11759,0,1049,61,20200705,283,0,0,0,Republic of Korea,韩国
13137,46,11759,0,1094,45,20200706,284,1,0,0,Republic of Korea,韩国
13181,44,11759,0,1137,43,20200707,285,1,0,0,Republic of Korea,韩国
13244,63,11759,0,1200,63,20200708,285,0,0,0,Republic of Korea,韩国
