﻿confirmedCount,confirmedIncr,curedCount,curedIncr,currentConfirmedCount,currentConfirmedIncr,dateId,deadCount,deadIncr,suspectedCount,suspectedCountIncr,countryFullName,countryName
2,2,0,0,2,2,20200201,0,0,0,0,Russian Federation,俄罗斯
2,0,0,0,2,0,20200202,0,0,0,0,Russian Federation,俄罗斯
2,0,0,0,2,0,20200203,0,0,0,0,Russian Federation,俄罗斯
2,0,0,0,2,0,20200204,0,0,0,0,Russian Federation,俄罗斯
2,0,0,0,2,0,20200205,0,0,0,0,Russian Federation,俄罗斯
2,0,0,0,2,0,20200206,0,0,0,0,Russian Federation,俄罗斯
2,0,0,0,2,0,20200207,0,0,0,0,Russian Federation,俄罗斯
2,0,0,0,2,0,20200208,0,0,0,0,Russian Federation,俄罗斯
2,0,0,0,2,0,20200209,0,0,0,0,Russian Federation,俄罗斯
2,0,0,0,2,0,20200210,0,0,0,0,Russian Federation,俄罗斯
2,0,0,0,2,0,20200211,0,0,0,0,Russian Federation,俄罗斯
2,0,0,0,2,0,20200212,0,0,0,0,Russian Federation,俄罗斯
2,0,0,0,2,0,20200213,0,0,0,0,Russian Federation,俄罗斯
2,0,0,0,2,0,20200214,0,0,0,0,Russian Federation,俄罗斯
2,0,0,0,2,0,20200215,0,0,0,0,Russian Federation,俄罗斯
2,0,0,0,2,0,20200216,0,0,0,0,Russian Federation,俄罗斯
2,0,0,0,2,0,20200217,0,0,0,0,Russian Federation,俄罗斯
2,0,0,0,2,0,20200218,0,0,0,0,Russian Federation,俄罗斯
2,0,0,0,2,0,20200219,0,0,0,0,Russian Federation,俄罗斯
2,0,0,0,2,0,20200220,0,0,0,0,Russian Federation,俄罗斯
2,0,0,0,2,0,20200221,0,0,0,0,Russian Federation,俄罗斯
2,0,0,0,2,0,20200222,0,0,0,0,Russian Federation,俄罗斯
2,0,0,0,2,0,20200223,0,0,0,0,Russian Federation,俄罗斯
2,0,0,0,2,0,20200224,0,0,0,0,Russian Federation,俄罗斯
2,0,0,0,2,0,20200225,0,0,0,0,Russian Federation,俄罗斯
2,0,0,0,2,0,20200226,0,0,0,0,Russian Federation,俄罗斯
2,0,0,0,2,0,20200227,0,0,0,0,Russian Federation,俄罗斯
2,0,0,0,2,0,20200228,0,0,0,0,Russian Federation,俄罗斯
2,0,0,0,2,0,20200229,0,0,0,0,Russian Federation,俄罗斯
2,0,0,0,2,0,20200301,0,0,0,0,Russian Federation,俄罗斯
2,0,0,0,2,0,20200302,0,0,0,0,Russian Federation,俄罗斯
3,1,0,0,3,1,20200303,0,0,0,0,Russian Federation,俄罗斯
3,0,0,0,3,0,20200304,0,0,0,0,Russian Federation,俄罗斯
3,0,0,0,3,0,20200305,0,0,0,0,Russian Federation,俄罗斯
4,1,0,0,4,1,20200306,0,0,0,0,Russian Federation,俄罗斯
7,3,0,0,7,3,20200307,0,0,0,0,Russian Federation,俄罗斯
7,0,0,0,7,0,20200308,0,0,0,0,Russian Federation,俄罗斯
7,0,0,0,7,0,20200309,0,0,0,0,Russian Federation,俄罗斯
7,0,0,0,7,0,20200310,0,0,0,0,Russian Federation,俄罗斯
7,0,0,0,7,0,20200311,0,0,0,0,Russian Federation,俄罗斯
20,13,0,0,20,13,20200312,0,0,0,0,Russian Federation,俄罗斯
34,14,0,0,34,14,20200313,0,0,0,0,Russian Federation,俄罗斯
34,0,0,0,34,0,20200314,0,0,0,0,Russian Federation,俄罗斯
34,0,3,3,31,-3,20200315,0,0,0,0,Russian Federation,俄罗斯
63,29,3,0,60,29,20200316,0,0,0,0,Russian Federation,俄罗斯
93,30,3,0,90,30,20200317,0,0,0,0,Russian Federation,俄罗斯
93,0,5,2,88,-2,20200318,0,0,0,0,Russian Federation,俄罗斯
199,106,8,3,190,102,20200319,1,1,0,0,Russian Federation,俄罗斯
253,54,8,0,244,54,20200320,1,0,0,0,Russian Federation,俄罗斯
306,53,16,8,289,45,20200321,1,0,0,0,Russian Federation,俄罗斯
396,90,16,0,379,90,20200322,1,0,0,0,Russian Federation,俄罗斯
438,42,17,1,420,41,20200323,1,0,0,0,Russian Federation,俄罗斯
495,57,17,0,477,57,20200324,1,0,0,0,Russian Federation,俄罗斯
658,163,29,12,628,151,20200325,1,0,0,0,Russian Federation,俄罗斯
840,182,38,9,800,172,20200326,2,1,0,0,Russian Federation,俄罗斯
1036,196,45,7,988,188,20200327,3,1,0,0,Russian Federation,俄罗斯
1264,228,49,4,1211,223,20200328,4,1,0,0,Russian Federation,俄罗斯
1534,270,64,15,1462,251,20200329,8,4,0,0,Russian Federation,俄罗斯
1836,302,66,2,1760,298,20200330,10,2,0,0,Russian Federation,俄罗斯
2337,501,121,55,2199,439,20200331,17,7,0,0,Russian Federation,俄罗斯
2777,440,190,69,2563,364,20200401,24,7,0,0,Russian Federation,俄罗斯
3548,771,235,45,3283,720,20200402,30,6,0,0,Russian Federation,俄罗斯
4149,601,281,46,3834,551,20200403,34,4,0,0,Russian Federation,俄罗斯
4731,582,333,52,4355,521,20200404,43,9,0,0,Russian Federation,俄罗斯
5389,658,355,22,4989,634,20200405,45,2,0,0,Russian Federation,俄罗斯
6343,954,406,51,5890,901,20200406,47,2,0,0,Russian Federation,俄罗斯
7497,1154,494,88,6945,1055,20200407,58,11,0,0,Russian Federation,俄罗斯
8672,1175,580,86,8029,1084,20200408,63,5,0,0,Russian Federation,俄罗斯
10131,1459,698,118,9357,1328,20200409,76,13,0,0,Russian Federation,俄罗斯
11917,1786,795,97,11028,1671,20200410,94,18,0,0,Russian Federation,俄罗斯
13584,1667,1045,250,12433,1405,20200411,106,12,0,0,Russian Federation,俄罗斯
15770,2186,1291,246,14349,1916,20200412,130,24,0,0,Russian Federation,俄罗斯
18328,2558,1470,179,16710,2361,20200413,148,18,0,0,Russian Federation,俄罗斯
21102,2774,1694,224,19238,2528,20200414,170,22,0,0,Russian Federation,俄罗斯
24490,3388,1986,292,22306,3068,20200415,198,28,0,0,Russian Federation,俄罗斯
27938,3448,2304,318,25402,3096,20200416,232,34,0,0,Russian Federation,俄罗斯
32008,4070,2590,286,29145,3743,20200417,273,41,0,0,Russian Federation,俄罗斯
36793,4785,3057,467,33423,4278,20200418,313,40,0,0,Russian Federation,俄罗斯
42853,6060,3291,234,39201,5778,20200419,361,48,0,0,Russian Federation,俄罗斯
47121,4268,3446,155,43270,4069,20200420,405,44,0,0,Russian Federation,俄罗斯
52763,5642,3873,427,48434,5164,20200421,456,51,0,0,Russian Federation,俄罗斯
57999,5236,4420,547,53066,4632,20200422,513,57,0,0,Russian Federation,俄罗斯
62773,4774,4891,471,57327,4261,20200423,555,42,0,0,Russian Federation,俄罗斯
68622,5849,5568,677,62439,5112,20200424,615,60,0,0,Russian Federation,俄罗斯
74588,5966,6250,682,67657,5218,20200425,681,66,0,0,Russian Federation,俄罗斯
80949,6361,6767,517,73435,5778,20200426,747,66,0,0,Russian Federation,俄罗斯
87147,6198,7346,579,79007,5572,20200427,794,47,0,0,Russian Federation,俄罗斯
93558,6411,8456,1110,84235,5228,20200428,867,73,0,0,Russian Federation,俄罗斯
99399,5841,10286,1830,88141,3906,20200429,972,105,0,0,Russian Federation,俄罗斯
106498,7099,11619,1333,93806,5665,20200430,1073,101,0,0,Russian Federation,俄罗斯
114431,7933,13220,1601,100042,6236,20200501,1169,96,0,0,Russian Federation,俄罗斯
124054,9623,15013,1793,107819,7777,20200502,1222,53,0,0,Russian Federation,俄罗斯
134687,10633,16639,1626,116768,8949,20200503,1280,58,0,0,Russian Federation,俄罗斯
145268,10581,18095,1456,125817,9049,20200504,1356,76,0,0,Russian Federation,俄罗斯
155370,10102,19865,1770,134054,8237,20200505,1451,95,0,0,Russian Federation,俄罗斯
165929,10559,21327,1462,143065,9011,20200506,1537,86,0,0,Russian Federation,俄罗斯
177160,11231,23803,2476,151732,8667,20200507,1625,88,0,0,Russian Federation,俄罗斯
187859,10699,26608,2805,159528,7796,20200508,1723,98,0,0,Russian Federation,俄罗斯
198676,10817,31916,5308,164933,5405,20200509,1827,104,0,0,Russian Federation,俄罗斯
209688,11012,34306,2390,173467,8534,20200510,1915,88,0,0,Russian Federation,俄罗斯
221344,11656,39801,5495,179534,6067,20200511,2009,94,0,0,Russian Federation,俄罗斯
232243,10899,43512,3711,186615,7081,20200512,2116,107,0,0,Russian Federation,俄罗斯
242271,10028,48003,4491,192056,5441,20200513,2212,96,0,0,Russian Federation,俄罗斯
252245,9974,53530,5527,196410,4354,20200514,2305,93,0,0,Russian Federation,俄罗斯
262843,10598,58226,4696,202199,5789,20200515,2418,113,0,0,Russian Federation,俄罗斯
272043,9200,63166,4940,206340,4141,20200516,2537,119,0,0,Russian Federation,俄罗斯
281752,9709,67373,4207,211748,5408,20200517,2631,94,0,0,Russian Federation,俄罗斯
290678,8926,70209,2836,217747,5999,20200518,2722,91,0,0,Russian Federation,俄罗斯
299941,9263,76130,5921,220974,3227,20200519,2837,115,0,0,Russian Federation,俄罗斯
308705,8764,85392,9262,220341,-633,20200520,2972,135,0,0,Russian Federation,俄罗斯
317554,8849,92681,7289,221774,1433,20200521,3099,127,0,0,Russian Federation,俄罗斯
326448,8894,99825,7144,223374,1600,20200522,3249,150,0,0,Russian Federation,俄罗斯
335882,9434,107936,8111,224558,1184,20200523,3388,139,0,0,Russian Federation,俄罗斯
344481,8599,113299,5363,227641,3083,20200524,3541,153,0,0,Russian Federation,俄罗斯
353427,8946,118798,5499,230996,3355,20200525,3633,92,0,0,Russian Federation,俄罗斯
362342,8915,131129,12331,227406,-3590,20200526,3807,174,0,0,Russian Federation,俄罗斯
370680,8338,142208,11079,224504,-2902,20200527,3968,161,0,0,Russian Federation,俄罗斯
379051,8371,150993,8785,223916,-588,20200528,4142,174,0,0,Russian Federation,俄罗斯
387623,8572,159257,8264,223992,76,20200529,4374,232,0,0,Russian Federation,俄罗斯
396575,8952,167469,8212,224551,559,20200530,4555,181,0,0,Russian Federation,俄罗斯
405843,9268,171883,4414,229267,4716,20200531,4693,138,0,0,Russian Federation,俄罗斯
414878,9035,175877,3994,234146,4879,20200601,4855,162,0,0,Russian Federation,俄罗斯
423741,8863,186985,11108,231719,-2427,20200602,5037,182,0,0,Russian Federation,俄罗斯
432277,8536,195957,8972,231105,-614,20200603,5215,178,0,0,Russian Federation,俄罗斯
441108,8831,204623,8666,231101,-4,20200604,5384,169,0,0,Russian Federation,俄罗斯
449834,8726,212680,8057,231626,525,20200605,5528,144,0,0,Russian Federation,俄罗斯
458689,8855,221388,8708,231576,-50,20200606,5725,197,0,0,Russian Federation,俄罗斯
467673,8984,226731,5343,235083,3507,20200607,5859,134,0,0,Russian Federation,俄罗斯
476658,8985,230688,3957,239999,4916,20200608,5971,112,0,0,Russian Federation,俄罗斯
485253,8595,242397,11709,236714,-3285,20200609,6142,171,0,0,Russian Federation,俄罗斯
493657,8404,252783,10386,234516,-2198,20200610,6358,216,0,0,Russian Federation,俄罗斯
502436,8779,261150,8367,234754,238,20200611,6532,174,0,0,Russian Federation,俄罗斯
511423,8987,269370,8220,235338,584,20200612,6715,183,0,0,Russian Federation,俄罗斯
520129,8706,274641,5271,238659,3321,20200613,6829,114,0,0,Russian Federation,俄罗斯
528964,8835,280050,5409,241966,3307,20200614,6948,119,0,0,Russian Federation,俄罗斯
537210,8246,284539,4489,245580,3614,20200615,7091,143,0,0,Russian Federation,俄罗斯
545458,8248,294306,9767,243868,-1712,20200616,7284,193,0,0,Russian Federation,俄罗斯
553301,7843,304342,10036,241481,-2387,20200617,7478,194,0,0,Russian Federation,俄罗斯
561091,7790,313963,9621,239468,-2013,20200618,7660,182,0,0,Russian Federation,俄罗斯
569063,7972,324406,10443,236816,-2652,20200619,7841,181,0,0,Russian Federation,俄罗斯
576952,7889,334592,10186,234358,-2458,20200620,8002,161,0,0,Russian Federation,俄罗斯
584680,7728,339711,5119,236858,2500,20200621,8111,109,0,0,Russian Federation,俄罗斯
592280,7600,344416,4705,239658,2800,20200622,8206,95,0,0,Russian Federation,俄罗斯
599705,7425,356429,12013,234917,-4741,20200623,8359,153,0,0,Russian Federation,俄罗斯
606881,7176,368822,12393,229546,-5371,20200624,8513,154,0,0,Russian Federation,俄罗斯
613994,7113,375164,6342,230225,679,20200625,8605,92,0,0,Russian Federation,俄罗斯
620794,6800,384152,8988,227861,-2364,20200626,8781,176,0,0,Russian Federation,俄罗斯
627646,6852,393352,9200,225325,-2536,20200627,8969,188,0,0,Russian Federation,俄罗斯
634437,6791,399087,5735,226277,952,20200628,9073,104,0,0,Russian Federation,俄罗斯
641156,6719,403430,4343,228560,2283,20200629,9166,93,0,0,Russian Federation,俄罗斯
647849,6693,412650,9220,225879,-2681,20200630,9320,154,0,0,Russian Federation,俄罗斯
654405,6556,422931,10281,221938,-3941,20200701,9536,216,0,0,Russian Federation,俄罗斯
661165,6760,428978,6047,222504,566,20200702,9683,147,0,0,Russian Federation,俄罗斯
667883,6718,437893,8915,220131,-2373,20200703,9859,176,0,0,Russian Federation,俄罗斯
674515,6632,446879,8986,217609,-2522,20200704,10027,168,0,0,Russian Federation,俄罗斯
681251,6736,450750,3871,220340,2731,20200705,10161,134,0,0,Russian Federation,俄罗斯
687862,6611,454329,3579,223237,2897,20200706,10296,135,0,0,Russian Federation,俄罗斯
694230,6368,463880,9551,219856,-3381,20200707,10494,198,0,0,Russian Federation,俄罗斯
700792,6562,472511,8631,217614,-2242,20200708,10667,173,0,0,Russian Federation,俄罗斯
