﻿confirmedCount,confirmedIncr,curedCount,curedIncr,currentConfirmedCount,currentConfirmedIncr,dateId,deadCount,deadIncr,suspectedCount,suspectedCountIncr,countryFullName,countryName
5,5,0,0,5,5,20200316,0,0,0,0,Rwanda,卢旺达
7,2,0,0,7,2,20200317,0,0,0,0,Rwanda,卢旺达
7,0,0,0,7,0,20200318,0,0,0,0,Rwanda,卢旺达
11,4,0,0,11,4,20200319,0,0,0,0,Rwanda,卢旺达
17,6,0,0,17,6,20200320,0,0,0,0,Rwanda,卢旺达
17,0,0,0,17,0,20200321,0,0,0,0,Rwanda,卢旺达
17,0,0,0,17,0,20200322,0,0,0,0,Rwanda,卢旺达
17,0,0,0,17,0,20200323,0,0,0,0,Rwanda,卢旺达
40,23,0,0,40,23,20200324,0,0,0,0,Rwanda,卢旺达
41,1,0,0,41,1,20200325,0,0,0,0,Rwanda,卢旺达
50,9,0,0,50,9,20200326,0,0,0,0,Rwanda,卢旺达
54,4,0,0,54,4,20200327,0,0,0,0,Rwanda,卢旺达
60,6,0,0,60,6,20200328,0,0,0,0,Rwanda,卢旺达
60,0,0,0,60,0,20200329,0,0,0,0,Rwanda,卢旺达
70,10,0,0,70,10,20200330,0,0,0,0,Rwanda,卢旺达
75,5,0,0,75,5,20200331,0,0,0,0,Rwanda,卢旺达
82,7,0,0,82,7,20200401,0,0,0,0,Rwanda,卢旺达
84,2,0,0,84,2,20200402,0,0,0,0,Rwanda,卢旺达
89,5,0,0,89,5,20200403,0,0,0,0,Rwanda,卢旺达
102,13,0,0,102,13,20200404,0,0,0,0,Rwanda,卢旺达
104,2,4,4,100,-2,20200405,0,0,0,0,Rwanda,卢旺达
105,1,4,0,101,1,20200406,0,0,0,0,Rwanda,卢旺达
105,0,4,0,101,0,20200407,0,0,0,0,Rwanda,卢旺达
110,5,7,3,103,2,20200408,0,0,0,0,Rwanda,卢旺达
113,3,7,0,106,3,20200409,0,0,0,0,Rwanda,卢旺达
113,0,7,0,106,0,20200410,0,0,0,0,Rwanda,卢旺达
120,7,18,11,102,-4,20200411,0,0,0,0,Rwanda,卢旺达
126,6,25,7,101,-1,20200412,0,0,0,0,Rwanda,卢旺达
126,0,25,0,101,0,20200413,0,0,0,0,Rwanda,卢旺达
134,8,49,24,85,-16,20200414,0,0,0,0,Rwanda,卢旺达
134,0,49,0,85,0,20200415,0,0,0,0,Rwanda,卢旺达
138,4,60,11,78,-7,20200416,0,0,0,0,Rwanda,卢旺达
138,0,60,0,78,0,20200417,0,0,0,0,Rwanda,卢旺达
143,5,65,5,78,0,20200418,0,0,0,0,Rwanda,卢旺达
144,1,69,4,75,-3,20200419,0,0,0,0,Rwanda,卢旺达
147,3,76,7,71,-4,20200420,0,0,0,0,Rwanda,卢旺达
150,3,84,8,66,-5,20200421,0,0,0,0,Rwanda,卢旺达
150,0,84,0,66,0,20200422,0,0,0,0,Rwanda,卢旺达
153,3,84,0,69,3,20200423,0,0,0,0,Rwanda,卢旺达
154,1,84,0,70,1,20200424,0,0,0,0,Rwanda,卢旺达
176,22,87,3,89,19,20200425,0,0,0,0,Rwanda,卢旺达
183,7,88,1,95,6,20200426,0,0,0,0,Rwanda,卢旺达
191,8,92,4,99,4,20200427,0,0,0,0,Rwanda,卢旺达
207,16,93,1,114,15,20200428,0,0,0,0,Rwanda,卢旺达
212,5,95,2,117,3,20200429,0,0,0,0,Rwanda,卢旺达
225,13,98,3,127,10,20200430,0,0,0,0,Rwanda,卢旺达
243,18,104,6,139,12,20200501,0,0,0,0,Rwanda,卢旺达
249,6,109,5,140,1,20200502,0,0,0,0,Rwanda,卢旺达
255,6,109,0,146,6,20200503,0,0,0,0,Rwanda,卢旺达
259,4,124,15,135,-11,20200504,0,0,0,0,Rwanda,卢旺达
261,2,128,4,133,-2,20200505,0,0,0,0,Rwanda,卢旺达
261,0,129,1,132,-1,20200506,0,0,0,0,Rwanda,卢旺达
268,7,130,1,138,6,20200507,0,0,0,0,Rwanda,卢旺达
271,3,133,3,138,0,20200508,0,0,0,0,Rwanda,卢旺达
273,2,133,0,140,2,20200509,0,0,0,0,Rwanda,卢旺达
280,7,133,0,147,7,20200510,0,0,0,0,Rwanda,卢旺达
284,4,140,7,144,-3,20200511,0,0,0,0,Rwanda,卢旺达
285,1,150,10,135,-9,20200512,0,0,0,0,Rwanda,卢旺达
286,1,153,3,133,-2,20200513,0,0,0,0,Rwanda,卢旺达
287,1,153,0,134,1,20200514,0,0,0,0,Rwanda,卢旺达
287,0,153,0,134,0,20200515,0,0,0,0,Rwanda,卢旺达
289,2,178,25,111,-23,20200516,0,0,0,0,Rwanda,卢旺达
289,0,178,0,111,0,20200517,0,0,0,0,Rwanda,卢旺达
292,3,178,0,114,3,20200518,0,0,0,0,Rwanda,卢旺达
297,5,178,0,119,5,20200519,0,0,0,0,Rwanda,卢旺达
308,11,178,0,130,11,20200520,0,0,0,0,Rwanda,卢旺达
314,6,178,0,136,6,20200521,0,0,0,0,Rwanda,卢旺达
320,6,178,0,142,6,20200522,0,0,0,0,Rwanda,卢旺达
321,1,178,0,143,1,20200523,0,0,0,0,Rwanda,卢旺达
325,4,178,0,147,4,20200524,0,0,0,0,Rwanda,卢旺达
327,2,178,0,149,2,20200525,0,0,0,0,Rwanda,卢旺达
336,9,178,0,158,9,20200526,0,0,0,0,Rwanda,卢旺达
339,3,178,0,161,3,20200527,0,0,0,0,Rwanda,卢旺达
346,7,178,0,168,7,20200528,0,0,0,0,Rwanda,卢旺达
349,3,178,0,171,3,20200529,0,0,0,0,Rwanda,卢旺达
355,6,178,0,177,6,20200530,0,0,0,0,Rwanda,卢旺达
359,4,178,0,180,3,20200531,1,1,0,0,Rwanda,卢旺达
370,11,178,0,191,11,20200601,1,0,0,0,Rwanda,卢旺达
377,7,178,0,198,7,20200602,1,0,0,0,Rwanda,卢旺达
384,7,178,0,204,6,20200603,2,1,0,0,Rwanda,卢旺达
397,13,178,0,217,13,20200604,2,0,0,0,Rwanda,卢旺达
410,13,178,0,230,13,20200605,2,0,0,0,Rwanda,卢旺达
420,10,178,0,240,10,20200606,2,0,0,0,Rwanda,卢旺达
431,11,178,0,251,11,20200607,2,0,0,0,Rwanda,卢旺达
439,8,290,112,147,-104,20200608,2,0,0,0,Rwanda,卢旺达
451,12,297,7,152,5,20200609,2,0,0,0,Rwanda,卢旺达
463,12,300,3,161,9,20200610,2,0,0,0,Rwanda,卢旺达
476,13,300,0,174,13,20200611,2,0,0,0,Rwanda,卢旺达
494,18,300,0,192,18,20200612,2,0,0,0,Rwanda,卢旺达
510,16,300,0,208,16,20200613,2,0,0,0,Rwanda,卢旺达
541,31,332,32,207,-1,20200614,2,0,0,0,Rwanda,卢旺达
582,41,332,0,248,41,20200615,2,0,0,0,Rwanda,卢旺达
636,54,338,6,296,48,20200616,2,0,0,0,Rwanda,卢旺达
636,0,338,0,296,0,20200617,2,0,0,0,Rwanda,卢旺达
639,3,338,0,299,3,20200618,2,0,0,0,Rwanda,卢旺达
646,7,338,0,306,7,20200619,2,0,0,0,Rwanda,卢旺达
661,15,338,0,321,15,20200620,2,0,0,0,Rwanda,卢旺达
702,41,338,0,362,41,20200621,2,0,0,0,Rwanda,卢旺达
728,26,359,21,367,5,20200622,2,0,0,0,Rwanda,卢旺达
787,59,359,0,426,59,20200623,2,0,0,0,Rwanda,卢旺达
798,11,359,0,437,11,20200624,2,0,0,0,Rwanda,卢旺达
830,32,359,0,469,32,20200625,2,0,0,0,Rwanda,卢旺达
850,20,359,0,489,20,20200626,2,0,0,0,Rwanda,卢旺达
858,8,359,0,497,8,20200627,2,0,0,0,Rwanda,卢旺达
900,42,443,84,455,-42,20200628,2,0,0,0,Rwanda,卢旺达
900,0,443,0,455,0,20200629,2,0,0,0,Rwanda,卢旺达
1001,101,443,0,556,101,20200630,2,0,0,0,Rwanda,卢旺达
1025,24,443,0,580,24,20200701,2,0,0,0,Rwanda,卢旺达
1042,17,443,0,596,16,20200702,3,1,0,0,Rwanda,卢旺达
1063,21,493,50,567,-29,20200703,3,0,0,0,Rwanda,卢旺达
1081,18,493,0,585,18,20200704,3,0,0,0,Rwanda,卢旺达
1092,11,523,30,566,-19,20200705,3,0,0,0,Rwanda,卢旺达
1105,13,523,0,579,13,20200706,3,0,0,0,Rwanda,卢旺达
1113,8,523,0,587,8,20200707,3,0,0,0,Rwanda,卢旺达
1172,59,595,72,574,-13,20200708,3,0,0,0,Rwanda,卢旺达
