﻿confirmedCount,confirmedIncr,curedCount,curedIncr,currentConfirmedCount,currentConfirmedIncr,dateId,deadCount,deadIncr,suspectedCount,suspectedCountIncr,countryFullName,countryName
1,1,0,0,1,1,20200229,0,0,0,0,San Marino,圣马力诺
1,0,0,0,1,0,20200301,0,0,0,0,San Marino,圣马力诺
1,0,0,0,1,0,20200302,0,0,0,0,San Marino,圣马力诺
8,7,0,0,8,7,20200303,0,0,0,0,San Marino,圣马力诺
8,0,0,0,8,0,20200304,0,0,0,0,San Marino,圣马力诺
16,8,0,0,16,8,20200305,0,0,0,0,San Marino,圣马力诺
21,5,0,0,21,5,20200306,0,0,0,0,San Marino,圣马力诺
24,3,0,0,24,3,20200307,0,0,0,0,San Marino,圣马力诺
27,3,0,0,26,2,20200308,1,1,0,0,San Marino,圣马力诺
37,10,0,0,36,10,20200309,1,0,0,0,San Marino,圣马力诺
49,12,0,0,47,11,20200310,2,1,0,0,San Marino,圣马力诺
63,14,0,0,61,14,20200311,2,0,0,0,San Marino,圣马力诺
63,0,0,0,61,0,20200312,2,0,0,0,San Marino,圣马力诺
63,0,0,0,61,0,20200313,2,0,0,0,San Marino,圣马力诺
66,3,0,0,64,3,20200314,2,0,0,0,San Marino,圣马力诺
92,26,2,2,85,21,20200315,5,3,0,0,San Marino,圣马力诺
92,0,2,0,85,0,20200316,5,0,0,0,San Marino,圣马力诺
102,10,2,0,91,6,20200317,9,4,0,0,San Marino,圣马力诺
104,2,2,0,91,0,20200318,11,2,0,0,San Marino,圣马力诺
109,5,2,0,93,2,20200319,14,3,0,0,San Marino,圣马力诺
126,17,2,0,110,17,20200320,14,0,0,0,San Marino,圣马力诺
151,25,2,0,135,25,20200321,14,0,0,0,San Marino,圣马力诺
151,0,2,0,129,-6,20200322,20,6,0,0,San Marino,圣马力诺
151,0,2,0,129,0,20200323,20,0,0,0,San Marino,圣马力诺
187,36,2,0,165,36,20200324,20,0,0,0,San Marino,圣马力诺
187,0,2,0,164,-1,20200325,21,1,0,0,San Marino,圣马力诺
208,21,2,0,185,21,20200326,21,0,0,0,San Marino,圣马力诺
218,10,2,0,195,10,20200327,21,0,0,0,San Marino,圣马力诺
242,24,2,0,219,24,20200328,21,0,0,0,San Marino,圣马力诺
242,0,2,0,218,-1,20200329,22,1,0,0,San Marino,圣马力诺
242,0,2,0,216,-2,20200330,24,2,0,0,San Marino,圣马力诺
242,0,2,0,215,-1,20200331,25,1,0,0,San Marino,圣马力诺
242,0,2,0,214,-1,20200401,26,1,0,0,San Marino,圣马力诺
242,0,2,0,212,-2,20200402,28,2,0,0,San Marino,圣马力诺
245,3,2,0,213,1,20200403,30,2,0,0,San Marino,圣马力诺
252,7,2,0,218,5,20200404,32,2,0,0,San Marino,圣马力诺
259,7,2,0,225,7,20200405,32,0,0,0,San Marino,圣马力诺
266,7,2,0,232,7,20200406,32,0,0,0,San Marino,圣马力诺
277,11,2,0,243,11,20200407,32,0,0,0,San Marino,圣马力诺
279,2,2,0,243,0,20200408,34,2,0,0,San Marino,圣马力诺
308,29,2,0,272,29,20200409,34,0,0,0,San Marino,圣马力诺
344,36,2,0,308,36,20200410,34,0,0,0,San Marino,圣马力诺
344,0,2,0,308,0,20200411,34,0,0,0,San Marino,圣马力诺
356,12,2,0,319,11,20200412,35,1,0,0,San Marino,圣马力诺
356,0,2,0,319,0,20200413,35,0,0,0,San Marino,圣马力诺
371,15,2,0,333,14,20200414,36,1,0,0,San Marino,圣马力诺
372,1,2,0,334,1,20200415,36,0,0,0,San Marino,圣马力诺
393,21,2,0,355,21,20200416,36,0,0,0,San Marino,圣马力诺
426,33,2,0,386,31,20200417,38,2,0,0,San Marino,圣马力诺
426,0,2,0,386,0,20200418,38,0,0,0,San Marino,圣马力诺
455,29,2,0,414,28,20200419,39,1,0,0,San Marino,圣马力诺
461,6,2,0,420,6,20200420,39,0,0,0,San Marino,圣马力诺
462,1,2,0,421,1,20200421,39,0,0,0,San Marino,圣马力诺
476,14,2,0,434,13,20200422,40,1,0,0,San Marino,圣马力诺
488,12,2,0,446,12,20200423,40,0,0,0,San Marino,圣马力诺
501,13,2,0,459,13,20200424,40,0,0,0,San Marino,圣马力诺
513,12,2,0,471,12,20200425,40,0,0,0,San Marino,圣马力诺
513,0,2,0,471,0,20200426,40,0,0,0,San Marino,圣马力诺
538,25,2,0,495,24,20200427,41,1,0,0,San Marino,圣马力诺
538,0,2,0,495,0,20200428,41,0,0,0,San Marino,圣马力诺
553,15,2,0,510,15,20200429,41,0,0,0,San Marino,圣马力诺
563,10,2,0,520,10,20200430,41,0,0,0,San Marino,圣马力诺
569,6,2,0,526,6,20200501,41,0,0,0,San Marino,圣马力诺
580,11,2,0,537,11,20200502,41,0,0,0,San Marino,圣马力诺
580,0,2,0,537,0,20200503,41,0,0,0,San Marino,圣马力诺
580,0,2,0,537,0,20200504,41,0,0,0,San Marino,圣马力诺
582,2,2,0,539,2,20200505,41,0,0,0,San Marino,圣马力诺
589,7,2,0,546,7,20200506,41,0,0,0,San Marino,圣马力诺
608,19,2,0,565,19,20200507,41,0,0,0,San Marino,圣马力诺
632,24,2,0,589,24,20200508,41,0,0,0,San Marino,圣马力诺
632,0,2,0,589,0,20200509,41,0,0,0,San Marino,圣马力诺
632,0,2,0,589,0,20200510,41,0,0,0,San Marino,圣马力诺
637,5,2,0,594,5,20200511,41,0,0,0,San Marino,圣马力诺
647,10,2,0,604,10,20200512,41,0,0,0,San Marino,圣马力诺
647,0,2,0,604,0,20200513,41,0,0,0,San Marino,圣马力诺
647,0,2,0,604,0,20200514,41,0,0,0,San Marino,圣马力诺
647,0,2,0,604,0,20200515,41,0,0,0,San Marino,圣马力诺
652,5,2,0,609,5,20200516,41,0,0,0,San Marino,圣马力诺
652,0,2,0,609,0,20200517,41,0,0,0,San Marino,圣马力诺
668,16,2,0,625,16,20200518,41,0,0,0,San Marino,圣马力诺
668,0,2,0,625,0,20200519,41,0,0,0,San Marino,圣马力诺
668,0,2,0,625,0,20200520,41,0,0,0,San Marino,圣马力诺
670,2,2,0,627,2,20200521,41,0,0,0,San Marino,圣马力诺
672,2,2,0,629,2,20200522,41,0,0,0,San Marino,圣马力诺
672,0,2,0,629,0,20200523,41,0,0,0,San Marino,圣马力诺
672,0,2,0,628,-1,20200524,42,1,0,0,San Marino,圣马力诺
672,0,2,0,628,0,20200525,42,0,0,0,San Marino,圣马力诺
672,0,2,0,628,0,20200526,42,0,0,0,San Marino,圣马力诺
672,0,2,0,628,0,20200527,42,0,0,0,San Marino,圣马力诺
672,0,2,0,628,0,20200528,42,0,0,0,San Marino,圣马力诺
687,15,2,0,643,15,20200529,42,0,0,0,San Marino,圣马力诺
687,0,2,0,643,0,20200530,42,0,0,0,San Marino,圣马力诺
687,0,2,0,643,0,20200531,42,0,0,0,San Marino,圣马力诺
687,0,2,0,643,0,20200601,42,0,0,0,San Marino,圣马力诺
687,0,2,0,643,0,20200602,42,0,0,0,San Marino,圣马力诺
687,0,2,0,643,0,20200603,42,0,0,0,San Marino,圣马力诺
687,0,2,0,643,0,20200604,42,0,0,0,San Marino,圣马力诺
695,8,2,0,651,8,20200605,42,0,0,0,San Marino,圣马力诺
695,0,2,0,651,0,20200606,42,0,0,0,San Marino,圣马力诺
695,0,2,0,651,0,20200607,42,0,0,0,San Marino,圣马力诺
695,0,2,0,651,0,20200608,42,0,0,0,San Marino,圣马力诺
695,0,2,0,651,0,20200609,42,0,0,0,San Marino,圣马力诺
695,0,2,0,651,0,20200610,42,0,0,0,San Marino,圣马力诺
695,0,2,0,651,0,20200611,42,0,0,0,San Marino,圣马力诺
695,0,2,0,651,0,20200612,42,0,0,0,San Marino,圣马力诺
695,0,2,0,651,0,20200613,42,0,0,0,San Marino,圣马力诺
695,0,2,0,651,0,20200614,42,0,0,0,San Marino,圣马力诺
695,0,2,0,651,0,20200615,42,0,0,0,San Marino,圣马力诺
695,0,2,0,651,0,20200616,42,0,0,0,San Marino,圣马力诺
695,0,2,0,651,0,20200617,42,0,0,0,San Marino,圣马力诺
709,14,2,0,665,14,20200618,42,0,0,0,San Marino,圣马力诺
709,0,2,0,665,0,20200619,42,0,0,0,San Marino,圣马力诺
713,4,2,0,669,4,20200620,42,0,0,0,San Marino,圣马力诺
713,0,2,0,669,0,20200621,42,0,0,0,San Marino,圣马力诺
713,0,2,0,669,0,20200622,42,0,0,0,San Marino,圣马力诺
713,0,2,0,669,0,20200623,42,0,0,0,San Marino,圣马力诺
713,0,2,0,669,0,20200624,42,0,0,0,San Marino,圣马力诺
713,0,2,0,669,0,20200625,42,0,0,0,San Marino,圣马力诺
713,0,2,0,669,0,20200626,42,0,0,0,San Marino,圣马力诺
713,0,2,0,669,0,20200627,42,0,0,0,San Marino,圣马力诺
713,0,2,0,669,0,20200628,42,0,0,0,San Marino,圣马力诺
713,0,2,0,669,0,20200629,42,0,0,0,San Marino,圣马力诺
713,0,2,0,669,0,20200630,42,0,0,0,San Marino,圣马力诺
713,0,2,0,669,0,20200701,42,0,0,0,San Marino,圣马力诺
713,0,2,0,669,0,20200702,42,0,0,0,San Marino,圣马力诺
713,0,2,0,669,0,20200703,42,0,0,0,San Marino,圣马力诺
713,0,2,0,669,0,20200704,42,0,0,0,San Marino,圣马力诺
713,0,2,0,669,0,20200705,42,0,0,0,San Marino,圣马力诺
713,0,2,0,669,0,20200706,42,0,0,0,San Marino,圣马力诺
713,0,2,0,669,0,20200707,42,0,0,0,San Marino,圣马力诺
713,0,2,0,669,0,20200708,42,0,0,0,San Marino,圣马力诺
