﻿confirmedCount,confirmedIncr,curedCount,curedIncr,currentConfirmedCount,currentConfirmedIncr,dateId,deadCount,deadIncr,suspectedCount,suspectedCountIncr,countryFullName,countryName
1,1,0,0,1,1,20200303,0,0,0,0,Senegal,塞内加尔
1,0,0,0,1,0,20200304,0,0,0,0,Senegal,塞内加尔
4,3,0,0,4,3,20200305,0,0,0,0,Senegal,塞内加尔
4,0,0,0,4,0,20200306,0,0,0,0,Senegal,塞内加尔
4,0,0,0,4,0,20200307,0,0,0,0,Senegal,塞内加尔
4,0,0,0,4,0,20200308,0,0,0,0,Senegal,塞内加尔
4,0,0,0,4,0,20200309,0,0,0,0,Senegal,塞内加尔
4,0,0,0,4,0,20200310,0,0,0,0,Senegal,塞内加尔
4,0,0,0,4,0,20200311,0,0,0,0,Senegal,塞内加尔
4,0,0,0,4,0,20200312,0,0,0,0,Senegal,塞内加尔
10,6,0,0,10,6,20200313,0,0,0,0,Senegal,塞内加尔
10,0,0,0,10,0,20200314,0,0,0,0,Senegal,塞内加尔
21,11,2,2,19,9,20200315,0,0,0,0,Senegal,塞内加尔
26,5,2,0,24,5,20200316,0,0,0,0,Senegal,塞内加尔
27,1,2,0,25,1,20200317,0,0,0,0,Senegal,塞内加尔
27,0,2,0,25,0,20200318,0,0,0,0,Senegal,塞内加尔
38,11,2,0,36,11,20200319,0,0,0,0,Senegal,塞内加尔
47,9,5,3,42,6,20200320,0,0,0,0,Senegal,塞内加尔
56,9,5,0,51,9,20200321,0,0,0,0,Senegal,塞内加尔
67,11,5,0,62,11,20200322,0,0,0,0,Senegal,塞内加尔
79,12,8,3,71,9,20200323,0,0,0,0,Senegal,塞内加尔
86,7,8,0,78,7,20200324,0,0,0,0,Senegal,塞内加尔
86,0,8,0,78,0,20200325,0,0,0,0,Senegal,塞内加尔
105,19,9,1,96,18,20200326,0,0,0,0,Senegal,塞内加尔
119,14,11,2,108,12,20200327,0,0,0,0,Senegal,塞内加尔
130,11,18,7,112,4,20200328,0,0,0,0,Senegal,塞内加尔
142,12,27,9,115,3,20200329,0,0,0,0,Senegal,塞内加尔
162,20,27,0,135,20,20200330,0,0,0,0,Senegal,塞内加尔
175,13,40,13,135,0,20200331,0,0,0,0,Senegal,塞内加尔
190,15,45,5,144,9,20200401,1,1,0,0,Senegal,塞内加尔
195,5,55,10,139,-5,20200402,1,0,0,0,Senegal,塞内加尔
207,12,66,11,140,1,20200403,1,0,0,0,Senegal,塞内加尔
219,12,72,6,145,5,20200404,2,1,0,0,Senegal,塞内加尔
222,3,82,10,138,-7,20200405,2,0,0,0,Senegal,塞内加尔
226,4,92,10,132,-6,20200406,2,0,0,0,Senegal,塞内加尔
237,11,105,13,130,-2,20200407,2,0,0,0,Senegal,塞内加尔
244,7,113,8,129,-1,20200408,2,0,0,0,Senegal,塞内加尔
250,6,123,10,125,-4,20200409,2,0,0,0,Senegal,塞内加尔
265,15,137,14,126,1,20200410,2,0,0,0,Senegal,塞内加尔
278,13,152,15,124,-2,20200411,2,0,0,0,Senegal,塞内加尔
280,2,171,19,107,-17,20200412,2,0,0,0,Senegal,塞内加尔
291,11,178,7,111,4,20200413,2,0,0,0,Senegal,塞内加尔
299,8,183,5,114,3,20200414,2,0,0,0,Senegal,塞内加尔
314,15,190,7,122,8,20200415,2,0,0,0,Senegal,塞内加尔
335,21,194,4,139,17,20200416,2,0,0,0,Senegal,塞内加尔
342,7,198,4,142,3,20200417,2,0,0,0,Senegal,塞内加尔
350,8,211,13,136,-6,20200418,3,1,0,0,Senegal,塞内加尔
367,17,220,9,144,8,20200419,3,0,0,0,Senegal,塞内加尔
377,10,235,15,137,-7,20200420,5,2,0,0,Senegal,塞内加尔
412,35,242,7,165,28,20200421,5,0,0,0,Senegal,塞内加尔
442,30,253,11,183,18,20200422,6,1,0,0,Senegal,塞内加尔
479,37,257,4,216,33,20200423,6,0,0,0,Senegal,塞内加尔
545,66,262,5,277,61,20200424,6,0,0,0,Senegal,塞内加尔
614,69,276,14,331,54,20200425,7,1,0,0,Senegal,塞内加尔
671,57,283,7,380,49,20200426,8,1,0,0,Senegal,塞内加尔
736,65,284,1,443,63,20200427,9,1,0,0,Senegal,塞内加尔
823,87,296,12,518,75,20200428,9,0,0,0,Senegal,塞内加尔
882,59,315,19,558,40,20200429,9,0,0,0,Senegal,塞内加尔
993,111,334,19,650,92,20200430,9,0,0,0,Senegal,塞内加尔
1024,31,356,22,659,9,20200501,9,0,0,0,Senegal,塞内加尔
1115,91,368,12,738,79,20200502,9,0,0,0,Senegal,塞内加尔
1182,67,372,4,801,63,20200503,9,0,0,0,Senegal,塞内加尔
1273,91,415,43,848,47,20200504,10,1,0,0,Senegal,塞内加尔
1329,56,470,55,848,0,20200505,11,1,0,0,Senegal,塞内加尔
1433,104,493,23,928,80,20200506,12,1,0,0,Senegal,塞内加尔
1492,59,562,69,917,-11,20200507,13,1,0,0,Senegal,塞内加尔
1551,59,611,49,927,10,20200508,13,0,0,0,Senegal,塞内加尔
1634,83,643,32,976,49,20200509,15,2,0,0,Senegal,塞内加尔
1709,75,650,7,1041,65,20200510,18,3,0,0,Senegal,塞内加尔
1886,177,715,65,1152,111,20200511,19,1,0,0,Senegal,塞内加尔
1995,109,742,27,1234,82,20200512,19,0,0,0,Senegal,塞内加尔
2105,110,782,40,1302,68,20200513,21,2,0,0,Senegal,塞内加尔
2105,0,782,0,1301,-1,20200514,22,1,0,0,Senegal,塞内加尔
2310,205,890,108,1395,94,20200515,25,3,0,0,Senegal,塞内加尔
2420,110,949,59,1446,51,20200516,25,0,0,0,Senegal,塞内加尔
2480,60,973,24,1482,36,20200517,25,0,0,0,Senegal,塞内加尔
2544,64,1076,103,1442,-40,20200518,26,1,0,0,Senegal,塞内加尔
2617,73,1133,57,1454,12,20200519,30,4,0,0,Senegal,塞内加尔
2714,97,1186,53,1498,44,20200520,30,0,0,0,Senegal,塞内加尔
2812,98,1251,65,1531,33,20200521,30,0,0,0,Senegal,塞内加尔
2909,97,1311,60,1565,34,20200522,33,3,0,0,Senegal,塞内加尔
2976,67,1416,105,1526,-39,20200523,34,1,0,0,Senegal,塞内加尔
3047,71,1456,40,1556,30,20200524,35,1,0,0,Senegal,塞内加尔
3130,83,1515,59,1580,24,20200525,35,0,0,0,Senegal,塞内加尔
3161,31,1565,50,1560,-20,20200526,36,1,0,0,Senegal,塞内加尔
3253,92,1586,21,1629,69,20200527,38,2,0,0,Senegal,塞内加尔
3348,95,1686,100,1623,-6,20200528,39,1,0,0,Senegal,塞内加尔
3429,81,1738,52,1650,27,20200529,41,2,0,0,Senegal,塞内加尔
3535,106,1761,23,1732,82,20200530,42,1,0,0,Senegal,塞内加尔
3645,110,1801,40,1802,70,20200531,42,0,0,0,Senegal,塞内加尔
3739,94,1858,57,1839,37,20200601,42,0,0,0,Senegal,塞内加尔
3836,97,1954,96,1839,0,20200602,43,1,0,0,Senegal,塞内加尔
3932,96,2063,109,1824,-15,20200603,45,2,0,0,Senegal,塞内加尔
4021,89,2162,99,1814,-10,20200604,45,0,0,0,Senegal,塞内加尔
4155,134,2276,114,1834,20,20200605,45,0,0,0,Senegal,塞内加尔
4249,94,2512,236,1690,-144,20200606,47,2,0,0,Senegal,塞内加尔
4249,0,2512,0,1690,0,20200607,47,0,0,0,Senegal,塞内加尔
4427,178,2699,187,1679,-11,20200608,49,2,0,0,Senegal,塞内加尔
4516,89,2809,110,1655,-24,20200609,52,3,0,0,Senegal,塞内加尔
4640,124,2885,76,1703,48,20200610,52,0,0,0,Senegal,塞内加尔
4759,119,2994,109,1710,7,20200611,55,3,0,0,Senegal,塞内加尔
4851,92,3100,106,1695,-15,20200612,56,1,0,0,Senegal,塞内加尔
4996,145,3228,128,1708,13,20200613,60,4,0,0,Senegal,塞内加尔
5090,94,3344,116,1686,-22,20200614,60,0,0,0,Senegal,塞内加尔
5173,83,3424,80,1685,-1,20200615,64,4,0,0,Senegal,塞内加尔
5247,74,3525,101,1652,-33,20200616,70,6,0,0,Senegal,塞内加尔
5369,122,3606,81,1690,38,20200617,73,3,0,0,Senegal,塞内加尔
5475,106,3716,110,1683,-7,20200618,76,3,0,0,Senegal,塞内加尔
5639,164,3788,72,1772,89,20200619,79,3,0,0,Senegal,塞内加尔
5639,0,3788,0,1772,0,20200620,79,0,0,0,Senegal,塞内加尔
5888,249,3919,131,1885,113,20200621,84,5,0,0,Senegal,塞内加尔
5970,82,3953,34,1931,46,20200622,86,2,0,0,Senegal,塞内加尔
6034,64,4046,93,1899,-32,20200623,89,3,0,0,Senegal,塞内加尔
6129,95,4046,0,1990,91,20200624,93,4,0,0,Senegal,塞内加尔
6233,104,4162,116,1977,-13,20200625,94,1,0,0,Senegal,塞内加尔
6354,121,4193,31,2063,86,20200626,98,4,0,0,Senegal,塞内加尔
6459,105,4255,62,2102,39,20200627,102,4,0,0,Senegal,塞内加尔
6586,127,4291,36,2190,88,20200628,105,3,0,0,Senegal,塞内加尔
6698,112,4341,50,2249,59,20200629,108,3,0,0,Senegal,塞内加尔
6698,0,4341,0,2249,0,20200630,108,0,0,0,Senegal,塞内加尔
6925,227,4545,204,2264,15,20200701,116,8,0,0,Senegal,塞内加尔
7054,129,4599,54,2334,70,20200702,121,5,0,0,Senegal,塞内加尔
7164,110,4666,67,2373,39,20200703,125,4,0,0,Senegal,塞内加尔
7272,108,4713,47,2430,57,20200704,129,4,0,0,Senegal,塞内加尔
7400,128,4870,157,2397,-33,20200705,133,4,0,0,Senegal,塞内加尔
7478,78,4909,39,2433,36,20200706,136,3,0,0,Senegal,塞内加尔
7547,69,5023,114,2387,-46,20200707,137,1,0,0,Senegal,塞内加尔
7657,110,5097,74,2419,32,20200708,141,4,0,0,Senegal,塞内加尔
