﻿confirmedCount,confirmedIncr,curedCount,curedIncr,currentConfirmedCount,currentConfirmedIncr,dateId,deadCount,deadIncr,suspectedCount,suspectedCountIncr,countryFullName,countryName
1,1,0,0,1,1,20200331,0,0,0,0,Sierra Leone,塞拉利昂
2,1,0,0,2,1,20200401,0,0,0,0,Sierra Leone,塞拉利昂
2,0,0,0,2,0,20200402,0,0,0,0,Sierra Leone,塞拉利昂
2,0,0,0,2,0,20200403,0,0,0,0,Sierra Leone,塞拉利昂
4,2,0,0,4,2,20200404,0,0,0,0,Sierra Leone,塞拉利昂
4,0,0,0,4,0,20200405,0,0,0,0,Sierra Leone,塞拉利昂
6,2,0,0,6,2,20200406,0,0,0,0,Sierra Leone,塞拉利昂
6,0,0,0,6,0,20200407,0,0,0,0,Sierra Leone,塞拉利昂
6,0,0,0,6,0,20200408,0,0,0,0,Sierra Leone,塞拉利昂
7,1,0,0,7,1,20200409,0,0,0,0,Sierra Leone,塞拉利昂
8,1,0,0,8,1,20200410,0,0,0,0,Sierra Leone,塞拉利昂
10,2,0,0,10,2,20200411,0,0,0,0,Sierra Leone,塞拉利昂
10,0,0,0,10,0,20200412,0,0,0,0,Sierra Leone,塞拉利昂
10,0,0,0,10,0,20200413,0,0,0,0,Sierra Leone,塞拉利昂
10,0,0,0,10,0,20200414,0,0,0,0,Sierra Leone,塞拉利昂
13,3,0,0,13,3,20200415,0,0,0,0,Sierra Leone,塞拉利昂
15,2,0,0,15,2,20200416,0,0,0,0,Sierra Leone,塞拉利昂
26,11,0,0,26,11,20200417,0,0,0,0,Sierra Leone,塞拉利昂
30,4,0,0,30,4,20200418,0,0,0,0,Sierra Leone,塞拉利昂
35,5,0,0,35,5,20200419,0,0,0,0,Sierra Leone,塞拉利昂
43,8,6,6,37,2,20200420,0,0,0,0,Sierra Leone,塞拉利昂
50,7,6,0,44,7,20200421,0,0,0,0,Sierra Leone,塞拉利昂
61,11,6,0,55,11,20200422,0,0,0,0,Sierra Leone,塞拉利昂
64,3,10,4,53,-2,20200423,1,1,0,0,Sierra Leone,塞拉利昂
82,18,10,0,69,16,20200424,3,2,0,0,Sierra Leone,塞拉利昂
86,4,10,0,73,4,20200425,3,0,0,0,Sierra Leone,塞拉利昂
86,0,10,0,73,0,20200426,3,0,0,0,Sierra Leone,塞拉利昂
99,13,10,0,85,12,20200427,4,1,0,0,Sierra Leone,塞拉利昂
99,0,10,0,85,0,20200428,4,0,0,0,Sierra Leone,塞拉利昂
116,17,14,4,98,13,20200429,4,0,0,0,Sierra Leone,塞拉利昂
116,0,14,0,97,-1,20200430,5,1,0,0,Sierra Leone,塞拉利昂
136,20,21,7,108,11,20200501,7,2,0,0,Sierra Leone,塞拉利昂
155,19,21,0,126,18,20200502,8,1,0,0,Sierra Leone,塞拉利昂
155,0,21,0,126,0,20200503,8,0,0,0,Sierra Leone,塞拉利昂
157,2,21,0,128,2,20200504,8,0,0,0,Sierra Leone,塞拉利昂
178,21,21,0,148,20,20200505,9,1,0,0,Sierra Leone,塞拉利昂
225,47,54,33,157,9,20200506,14,5,0,0,Sierra Leone,塞拉利昂
225,0,54,0,157,0,20200507,14,0,0,0,Sierra Leone,塞拉利昂
231,6,54,0,163,6,20200508,14,0,0,0,Sierra Leone,塞拉利昂
257,26,54,0,186,23,20200509,17,3,0,0,Sierra Leone,塞拉利昂
307,50,67,13,222,36,20200510,18,1,0,0,Sierra Leone,塞拉利昂
338,31,72,5,247,25,20200511,19,1,0,0,Sierra Leone,塞拉利昂
338,0,72,0,247,0,20200512,19,0,0,0,Sierra Leone,塞拉利昂
338,0,72,0,246,-1,20200513,20,1,0,0,Sierra Leone,塞拉利昂
387,49,72,0,294,48,20200514,21,1,0,0,Sierra Leone,塞拉利昂
447,60,97,25,323,29,20200515,27,6,0,0,Sierra Leone,塞拉利昂
447,0,97,0,323,0,20200516,27,0,0,0,Sierra Leone,塞拉利昂
505,58,141,44,332,9,20200517,32,5,0,0,Sierra Leone,塞拉利昂
505,0,141,0,332,0,20200518,32,0,0,0,Sierra Leone,塞拉利昂
534,29,167,26,334,2,20200519,33,1,0,0,Sierra Leone,塞拉利昂
570,36,205,38,331,-3,20200520,34,1,0,0,Sierra Leone,塞拉利昂
585,15,205,0,345,14,20200521,35,1,0,0,Sierra Leone,塞拉利昂
585,0,205,0,345,0,20200522,35,0,0,0,Sierra Leone,塞拉利昂
606,21,205,0,363,18,20200523,38,3,0,0,Sierra Leone,塞拉利昂
621,15,205,0,377,14,20200524,39,1,0,0,Sierra Leone,塞拉利昂
721,100,205,0,476,99,20200525,40,1,0,0,Sierra Leone,塞拉利昂
735,14,205,0,488,12,20200526,42,2,0,0,Sierra Leone,塞拉利昂
754,19,205,0,505,17,20200527,44,2,0,0,Sierra Leone,塞拉利昂
782,28,205,0,532,27,20200528,45,1,0,0,Sierra Leone,塞拉利昂
812,30,205,0,562,30,20200529,45,0,0,0,Sierra Leone,塞拉利昂
829,17,205,0,579,17,20200530,45,0,0,0,Sierra Leone,塞拉利昂
852,23,205,0,601,22,20200531,46,1,0,0,Sierra Leone,塞拉利昂
861,9,205,0,610,9,20200601,46,0,0,0,Sierra Leone,塞拉利昂
865,4,205,0,614,4,20200602,46,0,0,0,Sierra Leone,塞拉利昂
896,31,205,0,645,31,20200603,46,0,0,0,Sierra Leone,塞拉利昂
909,13,205,0,657,12,20200604,47,1,0,0,Sierra Leone,塞拉利昂
914,5,205,0,662,5,20200605,47,0,0,0,Sierra Leone,塞拉利昂
929,15,205,0,677,15,20200606,47,0,0,0,Sierra Leone,塞拉利昂
946,17,205,0,693,16,20200607,48,1,0,0,Sierra Leone,塞拉利昂
969,23,205,0,716,23,20200608,48,0,0,0,Sierra Leone,塞拉利昂
1025,56,621,416,354,-362,20200609,50,2,0,0,Sierra Leone,塞拉利昂
1025,0,621,0,354,0,20200610,50,0,0,0,Sierra Leone,塞拉利昂
1062,37,621,0,391,37,20200611,50,0,0,0,Sierra Leone,塞拉利昂
1085,23,621,0,414,23,20200612,50,0,0,0,Sierra Leone,塞拉利昂
1103,18,621,0,431,17,20200613,51,1,0,0,Sierra Leone,塞拉利昂
1132,29,621,0,460,29,20200614,51,0,0,0,Sierra Leone,塞拉利昂
1169,37,621,0,497,37,20200615,51,0,0,0,Sierra Leone,塞拉利昂
1176,7,621,0,504,7,20200616,51,0,0,0,Sierra Leone,塞拉利昂
1176,0,621,0,504,0,20200617,51,0,0,0,Sierra Leone,塞拉利昂
1249,73,621,0,577,73,20200618,51,0,0,0,Sierra Leone,塞拉利昂
1272,23,621,0,600,23,20200619,51,0,0,0,Sierra Leone,塞拉利昂
1298,26,621,0,624,24,20200620,53,2,0,0,Sierra Leone,塞拉利昂
1309,11,621,0,635,11,20200621,53,0,0,0,Sierra Leone,塞拉利昂
1327,18,621,0,651,16,20200622,55,2,0,0,Sierra Leone,塞拉利昂
1340,13,621,0,664,13,20200623,55,0,0,0,Sierra Leone,塞拉利昂
1347,7,621,0,671,7,20200624,55,0,0,0,Sierra Leone,塞拉利昂
1354,7,621,0,677,6,20200625,56,1,0,0,Sierra Leone,塞拉利昂
1381,27,621,0,704,27,20200626,56,0,0,0,Sierra Leone,塞拉利昂
1394,13,621,0,714,10,20200627,59,3,0,0,Sierra Leone,塞拉利昂
1410,16,937,316,414,-300,20200628,59,0,0,0,Sierra Leone,塞拉利昂
1427,17,937,0,430,16,20200629,60,1,0,0,Sierra Leone,塞拉利昂
1450,23,937,0,453,23,20200630,60,0,0,0,Sierra Leone,塞拉利昂
1498,48,999,62,439,-14,20200701,60,0,0,0,Sierra Leone,塞拉利昂
1498,0,999,0,439,0,20200702,60,0,0,0,Sierra Leone,塞拉利昂
1518,20,999,0,459,20,20200703,60,0,0,0,Sierra Leone,塞拉利昂
1524,6,999,0,463,4,20200704,62,2,0,0,Sierra Leone,塞拉利昂
1533,9,999,0,472,9,20200705,62,0,0,0,Sierra Leone,塞拉利昂
1542,9,999,0,481,9,20200706,62,0,0,0,Sierra Leone,塞拉利昂
1547,5,999,0,486,5,20200707,62,0,0,0,Sierra Leone,塞拉利昂
1572,25,999,0,510,24,20200708,63,1,0,0,Sierra Leone,塞拉利昂
