﻿confirmedCount,confirmedIncr,curedCount,curedIncr,currentConfirmedCount,currentConfirmedIncr,dateId,deadCount,deadIncr,suspectedCount,suspectedCountIncr,countryFullName,countryName
1,1,0,0,1,1,20200307,0,0,0,0,Slovakia,斯洛伐克
3,2,0,0,3,2,20200308,0,0,0,0,Slovakia,斯洛伐克
5,2,0,0,5,2,20200309,0,0,0,0,Slovakia,斯洛伐克
7,2,0,0,7,2,20200310,0,0,0,0,Slovakia,斯洛伐克
7,0,0,0,7,0,20200311,0,0,0,0,Slovakia,斯洛伐克
10,3,0,0,10,3,20200312,0,0,0,0,Slovakia,斯洛伐克
21,11,0,0,21,11,20200313,0,0,0,0,Slovakia,斯洛伐克
30,9,0,0,30,9,20200314,0,0,0,0,Slovakia,斯洛伐克
44,14,0,0,44,14,20200315,0,0,0,0,Slovakia,斯洛伐克
61,17,0,0,61,17,20200316,0,0,0,0,Slovakia,斯洛伐克
72,11,0,0,72,11,20200317,0,0,0,0,Slovakia,斯洛伐克
97,25,0,0,97,25,20200318,0,0,0,0,Slovakia,斯洛伐克
123,26,0,0,122,25,20200319,1,1,0,0,Slovakia,斯洛伐克
137,14,0,0,136,14,20200320,1,0,0,0,Slovakia,斯洛伐克
178,41,0,0,177,41,20200321,1,0,0,0,Slovakia,斯洛伐克
185,7,0,0,184,7,20200322,1,0,0,0,Slovakia,斯洛伐克
186,1,7,7,178,-6,20200323,1,0,0,0,Slovakia,斯洛伐克
204,18,7,0,196,18,20200324,1,0,0,0,Slovakia,斯洛伐克
216,12,7,0,209,13,20200325,0,-1,0,0,Slovakia,斯洛伐克
226,10,7,0,219,10,20200326,0,0,0,0,Slovakia,斯洛伐克
269,43,7,0,262,43,20200327,0,0,0,0,Slovakia,斯洛伐克
295,26,7,0,288,26,20200328,0,0,0,0,Slovakia,斯洛伐克
314,19,7,0,307,19,20200329,0,0,0,0,Slovakia,斯洛伐克
336,22,7,0,329,22,20200330,0,0,0,0,Slovakia,斯洛伐克
363,27,3,-4,359,30,20200331,1,1,0,0,Slovakia,斯洛伐克
400,37,3,0,396,37,20200401,1,0,0,0,Slovakia,斯洛伐克
426,26,3,0,422,26,20200402,1,0,0,0,Slovakia,斯洛伐克
450,24,8,5,441,19,20200403,1,0,0,0,Slovakia,斯洛伐克
471,21,8,0,462,21,20200404,1,0,0,0,Slovakia,斯洛伐克
485,14,8,0,476,14,20200405,1,0,0,0,Slovakia,斯洛伐克
534,49,8,0,525,49,20200406,1,0,0,0,Slovakia,斯洛伐克
581,47,8,0,571,46,20200407,2,1,0,0,Slovakia,斯洛伐克
682,101,13,5,667,96,20200408,2,0,0,0,Slovakia,斯洛伐克
701,19,16,3,683,16,20200409,2,0,0,0,Slovakia,斯洛伐克
715,14,23,7,690,7,20200410,2,0,0,0,Slovakia,斯洛伐克
728,13,23,0,703,13,20200411,2,0,0,0,Slovakia,斯洛伐克
742,14,23,0,717,14,20200412,2,0,0,0,Slovakia,斯洛伐克
769,27,107,84,660,-57,20200413,2,0,0,0,Slovakia,斯洛伐克
835,66,113,6,720,60,20200414,2,0,0,0,Slovakia,斯洛伐克
863,28,151,38,710,-10,20200415,2,0,0,0,Slovakia,斯洛伐克
977,114,167,16,802,92,20200416,8,6,0,0,Slovakia,斯洛伐克
1049,72,167,0,873,71,20200417,9,1,0,0,Slovakia,斯洛伐克
1089,40,213,46,865,-8,20200418,11,2,0,0,Slovakia,斯洛伐克
1161,72,229,16,920,55,20200419,12,1,0,0,Slovakia,斯洛伐克
1173,12,251,22,909,-11,20200420,13,1,0,0,Slovakia,斯洛伐克
1199,26,258,7,927,18,20200421,14,1,0,0,Slovakia,斯洛伐克
1244,45,284,26,946,19,20200422,14,0,0,0,Slovakia,斯洛伐克
1325,81,288,4,1022,76,20200423,15,1,0,0,Slovakia,斯洛伐克
1360,35,355,67,988,-34,20200424,17,2,0,0,Slovakia,斯洛伐克
1373,13,386,31,970,-18,20200425,17,0,0,0,Slovakia,斯洛伐克
1379,6,394,8,967,-3,20200426,18,1,0,0,Slovakia,斯洛伐克
1379,0,394,0,967,0,20200427,18,0,0,0,Slovakia,斯洛伐克
1384,5,423,29,941,-26,20200428,20,2,0,0,Slovakia,斯洛伐克
1391,7,484,61,885,-56,20200429,22,2,0,0,Slovakia,斯洛伐克
1396,5,524,40,849,-36,20200430,23,1,0,0,Slovakia,斯洛伐克
1403,7,558,34,822,-27,20200501,23,0,0,0,Slovakia,斯洛伐克
1407,4,608,50,775,-47,20200502,24,1,0,0,Slovakia,斯洛伐克
1407,0,608,0,775,0,20200503,24,0,0,0,Slovakia,斯洛伐克
1408,1,608,0,776,1,20200504,24,0,0,0,Slovakia,斯洛伐克
1421,13,741,133,655,-121,20200505,25,1,0,0,Slovakia,斯洛伐克
1429,8,762,21,642,-13,20200506,25,0,0,0,Slovakia,斯洛伐克
1445,16,806,44,613,-29,20200507,26,1,0,0,Slovakia,斯洛伐克
1445,0,806,0,613,0,20200508,26,0,0,0,Slovakia,斯洛伐克
1455,10,806,0,623,10,20200509,26,0,0,0,Slovakia,斯洛伐克
1455,0,806,0,623,0,20200510,26,0,0,0,Slovakia,斯洛伐克
1457,2,806,0,625,2,20200511,26,0,0,0,Slovakia,斯洛伐克
1457,0,806,0,625,0,20200512,26,0,0,0,Slovakia,斯洛伐克
1465,8,806,0,632,7,20200513,27,1,0,0,Slovakia,斯洛伐克
1469,4,806,0,636,4,20200514,27,0,0,0,Slovakia,斯洛伐克
1477,8,806,0,644,8,20200515,27,0,0,0,Slovakia,斯洛伐克
1480,3,806,0,647,3,20200516,27,0,0,0,Slovakia,斯洛伐克
1493,13,806,0,659,12,20200517,28,1,0,0,Slovakia,斯洛伐克
1494,1,806,0,660,1,20200518,28,0,0,0,Slovakia,斯洛伐克
1495,1,806,0,661,1,20200519,28,0,0,0,Slovakia,斯洛伐克
1495,0,806,0,661,0,20200520,28,0,0,0,Slovakia,斯洛伐克
1496,1,806,0,662,1,20200521,28,0,0,0,Slovakia,斯洛伐克
1502,6,806,0,668,6,20200522,28,0,0,0,Slovakia,斯洛伐克
1503,1,806,0,669,1,20200523,28,0,0,0,Slovakia,斯洛伐克
1509,6,1301,495,180,-489,20200524,28,0,0,0,Slovakia,斯洛伐克
1509,0,1301,0,180,0,20200525,28,0,0,0,Slovakia,斯洛伐克
1511,2,1301,0,182,2,20200526,28,0,0,0,Slovakia,斯洛伐克
1513,2,1301,0,184,2,20200527,28,0,0,0,Slovakia,斯洛伐克
1515,2,1301,0,186,2,20200528,28,0,0,0,Slovakia,斯洛伐克
1520,5,1301,0,191,5,20200529,28,0,0,0,Slovakia,斯洛伐克
1520,0,1301,0,191,0,20200530,28,0,0,0,Slovakia,斯洛伐克
1521,1,1301,0,192,1,20200531,28,0,0,0,Slovakia,斯洛伐克
1522,1,1368,67,126,-66,20200601,28,0,0,0,Slovakia,斯洛伐克
1522,0,1368,0,126,0,20200602,28,0,0,0,Slovakia,斯洛伐克
1522,0,1368,0,126,0,20200603,28,0,0,0,Slovakia,斯洛伐克
1525,3,1368,0,129,3,20200604,28,0,0,0,Slovakia,斯洛伐克
1526,1,1368,0,130,1,20200605,28,0,0,0,Slovakia,斯洛伐克
1526,0,1368,0,130,0,20200606,28,0,0,0,Slovakia,斯洛伐克
1528,2,1368,0,132,2,20200607,28,0,0,0,Slovakia,斯洛伐克
1528,0,1368,0,132,0,20200608,28,0,0,0,Slovakia,斯洛伐克
1530,2,1368,0,134,2,20200609,28,0,0,0,Slovakia,斯洛伐克
1533,3,1404,36,101,-33,20200610,28,0,0,0,Slovakia,斯洛伐克
1533,0,1404,0,101,0,20200611,28,0,0,0,Slovakia,斯洛伐克
1541,8,1404,0,109,8,20200612,28,0,0,0,Slovakia,斯洛伐克
1542,1,1404,0,110,1,20200613,28,0,0,0,Slovakia,斯洛伐克
1545,3,1404,0,113,3,20200614,28,0,0,0,Slovakia,斯洛伐克
1548,3,1404,0,116,3,20200615,28,0,0,0,Slovakia,斯洛伐克
1552,4,1404,0,120,4,20200616,28,0,0,0,Slovakia,斯洛伐克
1552,0,1404,0,120,0,20200617,28,0,0,0,Slovakia,斯洛伐克
1561,9,1404,0,129,9,20200618,28,0,0,0,Slovakia,斯洛伐克
1562,1,1404,0,130,1,20200619,28,0,0,0,Slovakia,斯洛伐克
1576,14,1404,0,144,14,20200620,28,0,0,0,Slovakia,斯洛伐克
1586,10,1404,0,154,10,20200621,28,0,0,0,Slovakia,斯洛伐克
1587,1,1404,0,155,1,20200622,28,0,0,0,Slovakia,斯洛伐克
1588,1,1404,0,156,1,20200623,28,0,0,0,Slovakia,斯洛伐克
1589,1,1404,0,157,1,20200624,28,0,0,0,Slovakia,斯洛伐克
1630,41,1452,48,150,-7,20200625,28,0,0,0,Slovakia,斯洛伐克
1643,13,1455,3,160,10,20200626,28,0,0,0,Slovakia,斯洛伐克
1643,0,1455,0,160,0,20200627,28,0,0,0,Slovakia,斯洛伐克
1664,21,1461,6,175,15,20200628,28,0,0,0,Slovakia,斯洛伐克
1664,0,1461,0,175,0,20200629,28,0,0,0,Slovakia,斯洛伐克
1665,1,1461,0,176,1,20200630,28,0,0,0,Slovakia,斯洛伐克
1667,2,1461,0,178,2,20200701,28,0,0,0,Slovakia,斯洛伐克
1687,20,1461,0,198,20,20200702,28,0,0,0,Slovakia,斯洛伐克
1720,33,1466,5,226,28,20200703,28,0,0,0,Slovakia,斯洛伐克
1720,0,1466,0,226,0,20200704,28,0,0,0,Slovakia,斯洛伐克
1749,29,1466,0,255,29,20200705,28,0,0,0,Slovakia,斯洛伐克
1764,15,1466,0,270,15,20200706,28,0,0,0,Slovakia,斯洛伐克
1765,1,1466,0,271,1,20200707,28,0,0,0,Slovakia,斯洛伐克
1767,2,1466,0,273,2,20200708,28,0,0,0,Slovakia,斯洛伐克
