﻿confirmedCount,confirmedIncr,curedCount,curedIncr,currentConfirmedCount,currentConfirmedIncr,dateId,deadCount,deadIncr,suspectedCount,suspectedCountIncr,countryFullName,countryName
1,1,0,0,1,1,20200317,0,0,0,0,Somalia,索马里
1,0,0,0,1,0,20200318,0,0,0,0,Somalia,索马里
1,0,0,0,1,0,20200319,0,0,0,0,Somalia,索马里
1,0,0,0,1,0,20200320,0,0,0,0,Somalia,索马里
1,0,0,0,1,0,20200321,0,0,0,0,Somalia,索马里
1,0,0,0,1,0,20200322,0,0,0,0,Somalia,索马里
1,0,0,0,1,0,20200323,0,0,0,0,Somalia,索马里
1,0,0,0,1,0,20200324,0,0,0,0,Somalia,索马里
1,0,0,0,1,0,20200325,0,0,0,0,Somalia,索马里
2,1,0,0,2,1,20200326,0,0,0,0,Somalia,索马里
3,1,0,0,3,1,20200327,0,0,0,0,Somalia,索马里
3,0,0,0,3,0,20200328,0,0,0,0,Somalia,索马里
3,0,0,0,3,0,20200329,0,0,0,0,Somalia,索马里
3,0,0,0,3,0,20200330,0,0,0,0,Somalia,索马里
5,2,0,0,5,2,20200331,0,0,0,0,Somalia,索马里
5,0,0,0,5,0,20200401,0,0,0,0,Somalia,索马里
5,0,0,0,5,0,20200402,0,0,0,0,Somalia,索马里
7,2,0,0,7,2,20200403,0,0,0,0,Somalia,索马里
7,0,1,1,6,-1,20200404,0,0,0,0,Somalia,索马里
7,0,1,0,6,0,20200405,0,0,0,0,Somalia,索马里
7,0,1,0,6,0,20200406,0,0,0,0,Somalia,索马里
8,1,1,0,7,1,20200407,0,0,0,0,Somalia,索马里
12,4,1,0,10,3,20200408,1,1,0,0,Somalia,索马里
12,0,1,0,10,0,20200409,1,0,0,0,Somalia,索马里
12,0,1,0,10,0,20200410,1,0,0,0,Somalia,索马里
21,9,1,0,19,9,20200411,1,0,0,0,Somalia,索马里
21,0,1,0,19,0,20200412,1,0,0,0,Somalia,索马里
25,4,1,0,22,3,20200413,2,1,0,0,Somalia,索马里
60,35,1,0,57,35,20200414,2,0,0,0,Somalia,索马里
80,20,2,1,73,16,20200415,5,3,0,0,Somalia,索马里
80,0,2,0,73,0,20200416,5,0,0,0,Somalia,索马里
80,0,2,0,73,0,20200417,5,0,0,0,Somalia,索马里
116,36,2,0,109,36,20200418,5,0,0,0,Somalia,索马里
135,19,2,0,126,17,20200419,7,2,0,0,Somalia,索马里
164,29,3,1,154,28,20200420,7,0,0,0,Somalia,索马里
286,122,3,0,275,121,20200421,8,1,0,0,Somalia,索马里
286,0,3,0,269,-6,20200422,14,6,0,0,Somalia,索马里
328,42,8,5,304,35,20200423,16,2,0,0,Somalia,索马里
328,0,8,0,304,0,20200424,16,0,0,0,Somalia,索马里
390,62,10,2,362,58,20200425,18,2,0,0,Somalia,索马里
436,46,10,0,403,41,20200426,23,5,0,0,Somalia,索马里
436,0,10,0,403,0,20200427,23,0,0,0,Somalia,索马里
480,44,14,4,440,37,20200428,26,3,0,0,Somalia,索马里
528,48,19,5,481,41,20200429,28,2,0,0,Somalia,索马里
582,54,20,1,534,53,20200430,28,0,0,0,Somalia,索马里
601,19,31,11,542,8,20200501,28,0,0,0,Somalia,索马里
671,70,31,0,606,64,20200502,34,6,0,0,Somalia,索马里
671,0,31,0,606,0,20200503,34,0,0,0,Somalia,索马里
722,51,44,13,646,40,20200504,32,-2,0,0,Somalia,索马里
756,34,44,0,677,31,20200505,35,3,0,0,Somalia,索马里
835,79,75,31,722,45,20200506,38,3,0,0,Somalia,索马里
873,38,87,12,747,25,20200507,39,1,0,0,Somalia,索马里
928,55,87,0,797,50,20200508,44,5,0,0,Somalia,索马里
997,69,110,23,839,42,20200509,48,4,0,0,Somalia,索马里
1054,57,118,8,885,46,20200510,51,3,0,0,Somalia,索马里
1089,35,118,0,919,34,20200511,52,1,0,0,Somalia,索马里
1170,81,121,3,997,78,20200512,52,0,0,0,Somalia,索马里
1219,49,121,0,1046,49,20200513,52,0,0,0,Somalia,索马里
1284,65,121,0,1110,64,20200514,53,1,0,0,Somalia,索马里
1284,0,135,14,1096,-14,20200515,53,0,0,0,Somalia,索马里
1357,73,148,13,1154,58,20200516,55,2,0,0,Somalia,索马里
1421,64,152,4,1213,59,20200517,56,1,0,0,Somalia,索马里
1455,34,163,11,1235,22,20200518,57,1,0,0,Somalia,索马里
1502,47,163,0,1280,45,20200519,59,2,0,0,Somalia,索马里
1573,71,188,25,1324,44,20200520,61,2,0,0,Somalia,索马里
1594,21,204,16,1329,5,20200521,61,0,0,0,Somalia,索马里
1594,0,204,0,1329,0,20200522,61,0,0,0,Somalia,索马里
1594,0,204,0,1329,0,20200523,61,0,0,0,Somalia,索马里
1594,0,204,0,1329,0,20200524,61,0,0,0,Somalia,索马里
1594,0,204,0,1329,0,20200525,61,0,0,0,Somalia,索马里
1711,117,253,49,1391,62,20200526,67,6,0,0,Somalia,索马里
1711,0,253,0,1391,0,20200527,67,0,0,0,Somalia,索马里
1828,117,310,57,1446,55,20200528,72,5,0,0,Somalia,索马里
1828,0,310,0,1446,0,20200529,72,0,0,0,Somalia,索马里
1828,0,310,0,1446,0,20200530,72,0,0,0,Somalia,索马里
1916,88,310,0,1533,87,20200531,73,1,0,0,Somalia,索马里
1976,60,310,0,1588,55,20200601,78,5,0,0,Somalia,索马里
2089,113,380,70,1630,42,20200602,79,1,0,0,Somalia,索马里
2146,57,406,26,1661,31,20200603,79,0,0,0,Somalia,索马里
2146,0,406,0,1661,0,20200604,79,0,0,0,Somalia,索马里
2204,58,406,0,1719,58,20200605,79,0,0,0,Somalia,索马里
2204,0,406,0,1719,0,20200606,79,0,0,0,Somalia,索马里
2289,85,406,0,1801,82,20200607,82,3,0,0,Somalia,索马里
2368,79,470,64,1814,13,20200608,84,2,0,0,Somalia,索马里
2368,0,470,0,1814,0,20200609,84,0,0,0,Somalia,索马里
2416,48,489,19,1842,28,20200610,85,1,0,0,Somalia,索马里
2513,97,532,43,1896,54,20200611,85,0,0,0,Somalia,索马里
2513,0,532,0,1896,0,20200612,85,0,0,0,Somalia,索马里
2513,0,532,0,1896,0,20200613,85,0,0,0,Somalia,索马里
2579,66,559,27,1933,37,20200614,87,2,0,0,Somalia,索马里
2595,16,559,0,1948,15,20200615,88,1,0,0,Somalia,索马里
2642,47,559,0,1995,47,20200616,88,0,0,0,Somalia,索马里
2642,0,559,0,1995,0,20200617,88,0,0,0,Somalia,索马里
2696,54,559,0,2049,54,20200618,88,0,0,0,Somalia,索马里
2719,23,724,165,1907,-142,20200619,88,0,0,0,Somalia,索马里
2719,0,724,0,1907,0,20200620,88,0,0,0,Somalia,索马里
2755,36,724,0,1943,36,20200621,88,0,0,0,Somalia,索马里
2812,57,818,94,1904,-39,20200622,90,2,0,0,Somalia,索马里
2835,23,829,11,1916,12,20200623,90,0,0,0,Somalia,索马里
2835,0,829,0,1916,0,20200624,90,0,0,0,Somalia,索马里
2860,25,829,0,1941,25,20200625,90,0,0,0,Somalia,索马里
2878,18,829,0,1959,18,20200626,90,0,0,0,Somalia,索马里
2878,0,829,0,1959,0,20200627,90,0,0,0,Somalia,索马里
2878,0,829,0,1959,0,20200628,90,0,0,0,Somalia,索马里
2894,16,829,0,1975,16,20200629,90,0,0,0,Somalia,索马里
2904,10,829,0,1985,10,20200630,90,0,0,0,Somalia,索马里
2924,20,829,0,2005,20,20200701,90,0,0,0,Somalia,索马里
2924,0,829,0,2005,0,20200702,90,0,0,0,Somalia,索马里
2944,20,829,0,2025,20,20200703,90,0,0,0,Somalia,索马里
2944,0,829,0,2025,0,20200704,90,0,0,0,Somalia,索马里
2961,17,829,0,2040,15,20200705,92,2,0,0,Somalia,索马里
2997,36,829,0,2076,36,20200706,92,0,0,0,Somalia,索马里
3006,9,829,0,2085,9,20200707,92,0,0,0,Somalia,索马里
3015,9,829,0,2094,9,20200708,92,0,0,0,Somalia,索马里
