﻿confirmedCount,confirmedIncr,curedCount,curedIncr,currentConfirmedCount,currentConfirmedIncr,dateId,deadCount,deadIncr,suspectedCount,suspectedCountIncr,countryFullName,countryName
1,1,0,0,1,1,20200306,0,0,0,0,South Africa,南非
1,0,0,0,1,0,20200307,0,0,0,0,South Africa,南非
2,1,0,0,2,1,20200308,0,0,0,0,South Africa,南非
3,1,0,0,3,1,20200309,0,0,0,0,South Africa,南非
7,4,0,0,7,4,20200310,0,0,0,0,South Africa,南非
7,0,0,0,7,0,20200311,0,0,0,0,South Africa,南非
13,6,0,0,13,6,20200312,0,0,0,0,South Africa,南非
17,4,0,0,17,4,20200313,0,0,0,0,South Africa,南非
17,0,0,0,17,0,20200314,0,0,0,0,South Africa,南非
38,21,0,0,38,21,20200315,0,0,0,0,South Africa,南非
51,13,0,0,51,13,20200316,0,0,0,0,South Africa,南非
62,11,0,0,62,11,20200317,0,0,0,0,South Africa,南非
62,0,0,0,62,0,20200318,0,0,0,0,South Africa,南非
150,88,0,0,150,88,20200319,0,0,0,0,South Africa,南非
202,52,0,0,202,52,20200320,0,0,0,0,South Africa,南非
240,38,0,0,240,38,20200321,0,0,0,0,South Africa,南非
274,34,0,0,274,34,20200322,0,0,0,0,South Africa,南非
402,128,0,0,402,128,20200323,0,0,0,0,South Africa,南非
554,152,0,0,554,152,20200324,0,0,0,0,South Africa,南非
709,155,0,0,709,155,20200325,0,0,0,0,South Africa,南非
927,218,0,0,927,218,20200326,0,0,0,0,South Africa,南非
1170,243,1,1,1168,241,20200327,1,1,0,0,South Africa,南非
1187,17,1,0,1184,16,20200328,2,1,0,0,South Africa,南非
1280,93,1,0,1277,93,20200329,2,0,0,0,South Africa,南非
1326,46,1,0,1322,45,20200330,3,1,0,0,South Africa,南非
1353,27,1,0,1347,25,20200331,5,2,0,0,South Africa,南非
1380,27,1,0,1374,27,20200401,5,0,0,0,South Africa,南非
1462,82,45,44,1412,38,20200402,5,0,0,0,South Africa,南非
1505,43,45,0,1455,43,20200403,5,0,0,0,South Africa,南非
1585,80,45,0,1531,76,20200404,9,4,0,0,South Africa,南非
1655,70,45,0,1599,68,20200405,11,2,0,0,South Africa,南非
1686,31,45,0,1630,31,20200406,11,0,0,0,South Africa,南非
1686,0,45,0,1629,-1,20200407,12,1,0,0,South Africa,南非
1845,159,45,0,1782,153,20200408,18,6,0,0,South Africa,南非
1934,89,45,0,1871,89,20200409,18,0,0,0,South Africa,南非
2003,69,45,0,1934,63,20200410,24,6,0,0,South Africa,南非
2028,25,45,0,1958,24,20200411,25,1,0,0,South Africa,南非
2173,145,45,0,2103,145,20200412,25,0,0,0,South Africa,南非
2272,99,45,0,2200,97,20200413,27,2,0,0,South Africa,南非
2415,143,45,0,2343,143,20200414,27,0,0,0,South Africa,南非
2506,91,45,0,2427,84,20200415,34,7,0,0,South Africa,南非
2605,99,903,858,1654,-773,20200416,48,14,0,0,South Africa,南非
2783,178,903,0,1830,176,20200417,50,2,0,0,South Africa,南非
3034,251,903,0,2079,249,20200418,52,2,0,0,South Africa,南非
3158,124,903,0,2201,122,20200419,54,2,0,0,South Africa,南非
3300,142,1055,152,2187,-14,20200420,58,4,0,0,South Africa,南非
3465,165,1055,0,2352,165,20200421,58,0,0,0,South Africa,南非
3635,170,1055,0,2515,163,20200422,65,7,0,0,South Africa,南非
3953,318,1473,418,2405,-110,20200423,75,10,0,0,South Africa,南非
4220,267,1473,0,2668,263,20200424,79,4,0,0,South Africa,南非
4361,141,1473,0,2802,134,20200425,86,7,0,0,South Africa,南非
4546,185,1473,0,2986,184,20200426,87,1,0,0,South Africa,南非
4793,247,1473,0,3230,244,20200427,90,3,0,0,South Africa,南非
4996,203,1473,0,3430,200,20200428,93,3,0,0,South Africa,南非
5350,354,1473,0,3774,344,20200429,103,10,0,0,South Africa,南非
5647,297,2073,600,3471,-303,20200430,103,0,0,0,South Africa,南非
5951,304,2382,309,3453,-18,20200501,116,13,0,0,South Africa,南非
6336,385,2549,167,3664,211,20200502,123,7,0,0,South Africa,南非
6783,447,2549,0,4103,439,20200503,131,8,0,0,South Africa,南非
7220,437,2746,197,4336,233,20200504,138,7,0,0,South Africa,南非
7572,352,2746,0,4678,342,20200505,148,10,0,0,South Africa,南非
7808,236,3153,407,4502,-176,20200506,153,5,0,0,South Africa,南非
8232,424,3153,0,4918,416,20200507,161,8,0,0,South Africa,南非
8895,663,3153,0,5564,646,20200508,178,17,0,0,South Africa,南非
9420,525,3153,0,6081,517,20200509,186,8,0,0,South Africa,南非
10015,595,3153,0,6668,587,20200510,194,8,0,0,South Africa,南非
10652,637,4357,1204,6089,-579,20200511,206,12,0,0,South Africa,南非
11350,698,4357,0,6787,698,20200512,206,0,0,0,South Africa,南非
12074,724,4745,388,7110,323,20200513,219,13,0,0,South Africa,南非
12739,665,5676,931,6825,-285,20200514,238,19,0,0,South Africa,南非
13524,785,6083,407,7194,369,20200515,247,9,0,0,South Africa,南非
14355,831,6478,395,7616,422,20200516,261,14,0,0,South Africa,南非
15515,1160,7006,528,8245,629,20200517,264,3,0,0,South Africa,南非
16433,918,7298,292,8849,604,20200518,286,22,0,0,South Africa,南非
16433,0,7298,0,8849,0,20200519,286,0,0,0,South Africa,南非
18003,1570,8950,1652,8714,-135,20200520,339,53,0,0,South Africa,南非
19137,1134,8950,0,9818,1104,20200521,369,30,0,0,South Africa,南非
20125,988,10104,1154,9624,-194,20200522,397,28,0,0,South Africa,南非
21343,1218,10104,0,10832,1208,20200523,407,10,0,0,South Africa,南非
22583,1240,11100,996,11054,222,20200524,429,22,0,0,South Africa,南非
23615,1032,11917,817,11217,163,20200525,481,52,0,0,South Africa,南非
24264,649,12741,824,10999,-218,20200526,524,43,0,0,South Africa,南非
25937,1673,13451,710,11934,935,20200527,552,28,0,0,South Africa,南非
25937,0,13451,0,11934,0,20200528,552,0,0,0,South Africa,南非
29240,3303,15093,1642,13536,1602,20200529,611,59,0,0,South Africa,南非
30967,1727,16116,1023,14208,672,20200530,643,32,0,0,South Africa,南非
32683,1716,16809,693,15191,983,20200531,683,40,0,0,South Africa,南非
34357,1674,17291,482,16361,1170,20200601,705,22,0,0,South Africa,南非
35812,1455,18313,1022,16744,383,20200602,755,50,0,0,South Africa,南非
37525,1713,19682,1369,17051,307,20200603,792,37,0,0,South Africa,南非
40792,3267,21311,1629,18633,1582,20200604,848,56,0,0,South Africa,南非
43434,2642,23088,1777,19438,805,20200605,908,60,0,0,South Africa,南非
45973,2539,24258,1170,20763,1325,20200606,952,44,0,0,South Africa,南非
48285,2312,24364,106,22923,2160,20200607,998,46,0,0,South Africa,南非
50879,2594,26099,1735,23700,777,20200608,1080,82,0,0,South Africa,南非
52991,2112,29006,2907,22823,-877,20200609,1162,82,0,0,South Africa,南非
55421,2430,31505,2499,22706,-117,20200610,1210,48,0,0,South Africa,南非
58568,3147,33252,1747,24106,1400,20200611,1210,0,0,0,South Africa,南非
61927,3359,35008,1756,25565,1459,20200612,1354,144,0,0,South Africa,南非
65736,3809,36850,1842,27463,1898,20200613,1423,69,0,0,South Africa,南非
70038,4302,386531,349681,-317973,-345436,20200614,1480,57,0,0,South Africa,南非
73533,3495,39867,-346664,32098,350071,20200615,1568,88,0,0,South Africa,南非
76334,2801,42063,2196,32646,548,20200616,1625,57,0,0,South Africa,南非
80412,4078,44331,2268,34407,1761,20200617,1674,49,0,0,South Africa,南非
83890,3478,44920,589,37233,2826,20200618,1737,63,0,0,South Africa,南非
87715,3825,47825,2905,38059,826,20200619,1831,94,0,0,South Africa,南非
92681,4966,50326,2501,40478,2419,20200620,1877,46,0,0,South Africa,南非
97302,4621,51608,1282,43764,3286,20200621,1930,53,0,0,South Africa,南非
101590,4288,53444,1836,46155,2391,20200622,1991,61,0,0,South Africa,南非
106108,4518,55045,1601,48961,2806,20200623,2102,111,0,0,South Africa,南非
111796,5688,56874,1829,52717,3756,20200624,2205,103,0,0,South Africa,南非
118375,6579,59974,3100,56109,3392,20200625,2292,87,0,0,South Africa,南非
124590,6215,64111,4137,58139,2030,20200626,2340,48,0,0,South Africa,南非
131800,7210,67094,2983,62293,4154,20200627,2413,73,0,0,South Africa,南非
138134,6334,68925,1831,66753,4460,20200628,2456,43,0,0,South Africa,南非
144264,6130,70614,1689,71121,4368,20200629,2529,73,0,0,South Africa,南非
151209,6945,73543,2929,75009,3888,20200630,2657,128,0,0,South Africa,南非
159333,8124,76025,2482,80559,5550,20200701,2749,92,0,0,South Africa,南非
168061,8728,81999,5974,83218,2659,20200702,2844,95,0,0,South Africa,南非
177124,9063,86298,4299,87874,4656,20200703,2952,108,0,0,South Africa,南非
177124,0,86298,0,87874,0,20200704,2952,0,0,0,South Africa,南非
196750,19626,93315,7017,100236,12362,20200705,3199,247,0,0,South Africa,南非
205712,8962,97848,4533,104554,4318,20200706,3310,111,0,0,South Africa,南非
205721,9,97848,0,104563,9,20200707,3310,0,0,0,South Africa,南非
224665,18944,106842,8994,114223,9660,20200708,3600,290,0,0,South Africa,南非
