﻿confirmedCount,confirmedIncr,curedCount,curedIncr,currentConfirmedCount,currentConfirmedIncr,dateId,deadCount,deadIncr,suspectedCount,suspectedCountIncr,countryFullName,countryName
1,1,0,0,1,1,20200226,0,0,0,0,Switzerland,瑞士
1,0,0,0,1,0,20200227,0,0,0,0,Switzerland,瑞士
6,5,0,0,6,5,20200228,0,0,0,0,Switzerland,瑞士
10,4,0,0,10,4,20200229,0,0,0,0,Switzerland,瑞士
18,8,0,0,18,8,20200301,0,0,0,0,Switzerland,瑞士
24,6,0,0,24,6,20200302,0,0,0,0,Switzerland,瑞士
30,6,0,0,30,6,20200303,0,0,0,0,Switzerland,瑞士
37,7,0,0,37,7,20200304,0,0,0,0,Switzerland,瑞士
56,19,0,0,56,19,20200305,0,0,0,0,Switzerland,瑞士
86,30,0,0,85,29,20200306,1,1,0,0,Switzerland,瑞士
209,123,0,0,208,123,20200307,1,0,0,0,Switzerland,瑞士
264,55,0,0,262,54,20200308,2,1,0,0,Switzerland,瑞士
332,68,0,0,330,68,20200309,2,0,0,0,Switzerland,瑞士
332,0,0,0,330,0,20200310,2,0,0,0,Switzerland,瑞士
491,159,0,0,488,158,20200311,3,1,0,0,Switzerland,瑞士
645,154,0,0,641,153,20200312,4,1,0,0,Switzerland,瑞士
858,213,0,0,852,211,20200313,6,2,0,0,Switzerland,瑞士
1125,267,0,0,1119,267,20200314,6,0,0,0,Switzerland,瑞士
1359,234,3,3,1345,226,20200315,11,5,0,0,Switzerland,瑞士
2200,841,3,0,2184,839,20200316,13,2,0,0,Switzerland,瑞士
2200,0,3,0,2183,-1,20200317,14,1,0,0,Switzerland,瑞士
2650,450,3,0,2633,450,20200318,14,0,0,0,Switzerland,瑞士
3438,788,3,0,3396,763,20200319,39,25,0,0,Switzerland,瑞士
4176,738,3,0,4130,734,20200320,43,4,0,0,Switzerland,瑞士
6113,1937,3,0,6054,1924,20200321,56,13,0,0,Switzerland,瑞士
7014,901,3,0,6951,897,20200322,60,4,0,0,Switzerland,瑞士
8060,1046,3,0,7991,1040,20200323,66,6,0,0,Switzerland,瑞士
8836,776,3,0,8747,756,20200324,86,20,0,0,Switzerland,瑞士
9765,929,3,0,9659,912,20200325,103,17,0,0,Switzerland,瑞士
11811,2046,3,0,11647,1988,20200326,161,58,0,0,Switzerland,瑞士
11811,0,3,0,11647,0,20200327,161,0,0,0,Switzerland,瑞士
13213,1402,1530,1527,11448,-199,20200328,235,74,0,0,Switzerland,瑞士
14336,1123,1530,0,12549,1101,20200329,257,22,0,0,Switzerland,瑞士
14799,463,1823,293,12676,127,20200330,300,43,0,0,Switzerland,瑞士
16176,1377,1823,0,13980,1304,20200331,373,73,0,0,Switzerland,瑞士
17139,963,1823,0,14938,958,20200401,378,5,0,0,Switzerland,瑞士
18267,1128,1823,0,16012,1074,20200402,432,54,0,0,Switzerland,瑞士
19702,1435,5657,3834,13441,-2571,20200403,604,172,0,0,Switzerland,瑞士
19985,283,5657,0,13691,250,20200404,637,33,0,0,Switzerland,瑞士
21100,1115,6415,758,14019,328,20200405,666,29,0,0,Switzerland,瑞士
21190,90,7298,883,13158,-861,20200406,734,68,0,0,Switzerland,瑞士
22253,1063,8704,1406,12728,-430,20200407,821,87,0,0,Switzerland,瑞士
22488,235,8704,0,12938,210,20200408,846,25,0,0,Switzerland,瑞士
24051,1563,10600,1896,12502,-436,20200409,949,103,0,0,Switzerland,瑞士
24184,133,10600,0,12625,123,20200410,959,10,0,0,Switzerland,瑞士
24713,529,11100,500,12600,-25,20200411,1013,54,0,0,Switzerland,瑞士
25135,422,12100,1000,12177,-423,20200412,858,-155,0,0,Switzerland,瑞士
25486,351,12700,600,11670,-507,20200413,1116,258,0,0,Switzerland,瑞士
25936,450,14700,2000,10062,-1608,20200414,1174,58,0,0,Switzerland,瑞士
26336,400,14700,0,10453,391,20200415,1183,9,0,0,Switzerland,瑞士
26480,144,15400,700,9806,-647,20200416,1274,91,0,0,Switzerland,瑞士
26810,330,15900,500,9592,-214,20200417,1318,44,0,0,Switzerland,瑞士
27201,391,17100,1200,8733,-859,20200418,1368,50,0,0,Switzerland,瑞士
27469,268,17800,700,8276,-457,20200419,1393,25,0,0,Switzerland,瑞士
27658,189,17800,0,8454,178,20200420,1404,11,0,0,Switzerland,瑞士
27822,164,19400,1600,6944,-1510,20200421,1478,74,0,0,Switzerland,瑞士
28071,249,19900,500,6663,-281,20200422,1508,30,0,0,Switzerland,瑞士
28275,204,20600,700,6126,-537,20200423,1549,41,0,0,Switzerland,瑞士
28494,219,21000,400,5908,-218,20200424,1586,37,0,0,Switzerland,瑞士
28595,101,21000,0,6002,94,20200425,1593,7,0,0,Switzerland,瑞士
28978,383,21300,300,6074,72,20200426,1604,11,0,0,Switzerland,瑞士
28978,0,22200,900,5115,-959,20200427,1663,59,0,0,Switzerland,瑞士
29264,286,22200,0,5684,569,20200428,1380,-283,0,0,Switzerland,瑞士
29407,143,23100,900,4899,-785,20200429,1408,28,0,0,Switzerland,瑞士
29586,179,23400,300,4763,-136,20200430,1423,15,0,0,Switzerland,瑞士
29705,119,23400,0,4870,107,20200501,1435,12,0,0,Switzerland,瑞士
29817,112,24200,800,4150,-720,20200502,1467,32,0,0,Switzerland,瑞士
29905,88,24200,0,4232,82,20200503,1473,6,0,0,Switzerland,瑞士
29981,76,25200,1000,3304,-928,20200504,1477,4,0,0,Switzerland,瑞士
30009,28,25400,200,3126,-178,20200505,1483,6,0,0,Switzerland,瑞士
30060,51,25700,300,2855,-271,20200506,1505,22,0,0,Switzerland,瑞士
30044,-16,25845,145,2682,-173,20200507,1517,12,0,0,Switzerland,瑞士
30125,81,25845,0,2755,73,20200508,1525,8,0,0,Switzerland,瑞士
30231,106,26345,500,2355,-400,20200509,1531,6,0,0,Switzerland,瑞士
30305,74,26400,55,2367,12,20200510,1538,7,0,0,Switzerland,瑞士
30262,-43,26545,145,2175,-192,20200511,1542,4,0,0,Switzerland,瑞士
30298,36,26845,300,1893,-282,20200512,1560,18,0,0,Switzerland,瑞士
30331,33,26845,0,1923,30,20200513,1563,3,0,0,Switzerland,瑞士
30381,50,27045,200,1748,-175,20200514,1588,25,0,0,Switzerland,瑞士
30432,51,27145,100,1693,-55,20200515,1594,6,0,0,Switzerland,瑞士
30432,0,27145,0,1693,0,20200516,1594,0,0,0,Switzerland,瑞士
30489,57,27145,0,1743,50,20200517,1601,7,0,0,Switzerland,瑞士
30504,15,27145,0,1757,14,20200518,1602,1,0,0,Switzerland,瑞士
30514,10,27145,0,1767,10,20200519,1602,0,0,0,Switzerland,瑞士
30536,22,27645,500,1278,-489,20200520,1613,11,0,0,Switzerland,瑞士
30576,40,27745,100,1202,-76,20200521,1629,16,0,0,Switzerland,瑞士
30694,118,27900,155,1156,-46,20200522,1638,9,0,0,Switzerland,瑞士
30694,0,27900,0,1156,0,20200523,1638,0,0,0,Switzerland,瑞士
30694,0,27900,0,1154,-2,20200524,1640,2,0,0,Switzerland,瑞士
30654,-40,27945,45,1069,-85,20200525,1640,0,0,0,Switzerland,瑞士
30679,25,28145,200,887,-182,20200526,1647,7,0,0,Switzerland,瑞士
30679,0,28145,0,887,0,20200527,1647,0,0,0,Switzerland,瑞士
30694,15,28145,0,901,14,20200528,1648,1,0,0,Switzerland,瑞士
30714,20,28245,100,815,-86,20200529,1654,6,0,0,Switzerland,瑞士
30745,31,28245,0,844,29,20200530,1656,2,0,0,Switzerland,瑞士
30862,117,28400,155,805,-39,20200531,1657,1,0,0,Switzerland,瑞士
30862,0,28400,0,805,0,20200601,1657,0,0,0,Switzerland,瑞士
30862,0,28400,0,805,0,20200602,1657,0,0,0,Switzerland,瑞士
30792,-70,28445,45,691,-114,20200603,1656,-1,0,0,Switzerland,瑞士
30831,39,28545,100,627,-64,20200604,1659,3,0,0,Switzerland,瑞士
30831,0,28545,0,627,0,20200605,1659,0,0,0,Switzerland,瑞士
30874,43,28545,0,669,42,20200606,1660,1,0,0,Switzerland,瑞士
30883,9,28545,0,678,9,20200607,1660,0,0,0,Switzerland,瑞士
30883,0,28545,0,678,0,20200608,1660,0,0,0,Switzerland,瑞士
30890,7,28645,100,585,-93,20200609,1660,0,0,0,Switzerland,瑞士
30906,16,28645,0,599,14,20200610,1662,2,0,0,Switzerland,瑞士
30962,56,28645,0,643,44,20200611,1674,12,0,0,Switzerland,瑞士
30962,0,28645,0,643,0,20200612,1674,0,0,0,Switzerland,瑞士
30980,18,28645,0,659,16,20200613,1676,2,0,0,Switzerland,瑞士
31011,31,28645,0,690,31,20200614,1676,0,0,0,Switzerland,瑞士
31049,38,28645,0,728,38,20200615,1676,0,0,0,Switzerland,瑞士
31064,15,28845,200,542,-186,20200616,1677,1,0,0,Switzerland,瑞士
31183,119,28845,0,660,118,20200617,1678,1,0,0,Switzerland,瑞士
31118,-65,28845,0,596,-64,20200618,1677,-1,0,0,Switzerland,瑞士
31135,17,28845,0,611,15,20200619,1679,2,0,0,Switzerland,瑞士
31217,82,28845,0,692,81,20200620,1680,1,0,0,Switzerland,瑞士
31217,0,28845,0,692,0,20200621,1680,0,0,0,Switzerland,瑞士
31217,0,28845,0,692,0,20200622,1680,0,0,0,Switzerland,瑞士
31249,32,28845,0,724,32,20200623,1680,0,0,0,Switzerland,瑞士
31376,127,28845,0,849,125,20200624,1682,2,0,0,Switzerland,瑞士
31345,-31,28931,86,733,-116,20200625,1681,-1,0,0,Switzerland,瑞士
31345,0,28931,0,733,0,20200626,1681,0,0,0,Switzerland,瑞士
31555,210,28931,0,942,209,20200627,1682,1,0,0,Switzerland,瑞士
31534,-21,29031,100,822,-120,20200628,1681,-1,0,0,Switzerland,瑞士
31569,35,29131,100,757,-65,20200629,1681,0,0,0,Switzerland,瑞士
31652,83,29200,69,770,13,20200630,1682,1,0,0,Switzerland,瑞士
31631,-21,29131,-69,816,46,20200701,1684,2,0,0,Switzerland,瑞士
31851,220,29131,0,1036,220,20200702,1684,0,0,0,Switzerland,瑞士
32018,167,29131,0,1202,166,20200703,1685,1,0,0,Switzerland,瑞士
32115,97,29131,0,1299,97,20200704,1685,0,0,0,Switzerland,瑞士
32185,70,29131,0,1369,70,20200705,1685,0,0,0,Switzerland,瑞士
32232,47,29131,0,1416,47,20200706,1685,0,0,0,Switzerland,瑞士
32232,0,29131,0,1416,0,20200707,1685,0,0,0,Switzerland,瑞士
32315,83,29300,169,1329,-87,20200708,1686,1,0,0,Switzerland,瑞士
