﻿confirmedCount,confirmedIncr,curedCount,curedIncr,currentConfirmedCount,currentConfirmedIncr,dateId,deadCount,deadIncr,suspectedCount,suspectedCountIncr,countryFullName,countryName
2,2,0,0,2,2,20200201,0,0,0,0,The United Kingdom,英国
2,0,0,0,2,0,20200202,0,0,0,0,The United Kingdom,英国
2,0,0,0,2,0,20200203,0,0,0,0,The United Kingdom,英国
2,0,0,0,2,0,20200204,0,0,0,0,The United Kingdom,英国
2,0,0,0,2,0,20200205,0,0,0,0,The United Kingdom,英国
2,0,0,0,2,0,20200206,0,0,0,0,The United Kingdom,英国
3,1,0,0,3,1,20200207,0,0,0,0,The United Kingdom,英国
3,0,0,0,3,0,20200208,0,0,0,0,The United Kingdom,英国
3,0,0,0,3,0,20200209,0,0,0,0,The United Kingdom,英国
4,1,0,0,4,1,20200210,0,0,0,0,The United Kingdom,英国
8,4,0,0,8,4,20200211,0,0,0,0,The United Kingdom,英国
8,0,0,0,8,0,20200212,0,0,0,0,The United Kingdom,英国
9,1,0,0,9,1,20200213,0,0,0,0,The United Kingdom,英国
9,0,0,0,9,0,20200214,0,0,0,0,The United Kingdom,英国
9,0,0,0,9,0,20200215,0,0,0,0,The United Kingdom,英国
9,0,0,0,9,0,20200216,0,0,0,0,The United Kingdom,英国
9,0,0,0,9,0,20200217,0,0,0,0,The United Kingdom,英国
9,0,0,0,9,0,20200218,0,0,0,0,The United Kingdom,英国
9,0,0,0,9,0,20200219,0,0,0,0,The United Kingdom,英国
9,0,0,0,9,0,20200220,0,0,0,0,The United Kingdom,英国
9,0,0,0,9,0,20200221,0,0,0,0,The United Kingdom,英国
9,0,0,0,9,0,20200222,0,0,0,0,The United Kingdom,英国
9,0,0,0,9,0,20200223,0,0,0,0,The United Kingdom,英国
9,0,0,0,9,0,20200224,0,0,0,0,The United Kingdom,英国
13,4,0,0,13,4,20200225,0,0,0,0,The United Kingdom,英国
13,0,0,0,13,0,20200226,0,0,0,0,The United Kingdom,英国
13,0,0,0,13,0,20200227,0,0,0,0,The United Kingdom,英国
16,3,0,0,16,3,20200228,0,0,0,0,The United Kingdom,英国
20,4,0,0,20,4,20200229,0,0,0,0,The United Kingdom,英国
23,3,0,0,23,3,20200301,0,0,0,0,The United Kingdom,英国
36,13,0,0,36,13,20200302,0,0,0,0,The United Kingdom,英国
39,3,0,0,39,3,20200303,0,0,0,0,The United Kingdom,英国
51,12,0,0,51,12,20200304,0,0,0,0,The United Kingdom,英国
89,38,0,0,89,38,20200305,0,0,0,0,The United Kingdom,英国
118,29,0,0,118,29,20200306,0,0,0,0,The United Kingdom,英国
167,49,0,0,166,48,20200307,1,1,0,0,The United Kingdom,英国
210,43,0,0,208,42,20200308,2,1,0,0,The United Kingdom,英国
277,67,0,0,275,67,20200309,2,0,0,0,The United Kingdom,英国
323,46,0,0,320,45,20200310,3,1,0,0,The United Kingdom,英国
373,50,0,0,367,47,20200311,6,3,0,0,The United Kingdom,英国
460,87,0,0,454,87,20200312,6,0,0,0,The United Kingdom,英国
594,134,0,0,586,132,20200313,8,2,0,0,The United Kingdom,英国
802,208,0,0,792,206,20200314,10,2,0,0,The United Kingdom,英国
1144,342,18,18,1105,313,20200315,21,11,0,0,The United Kingdom,英国
1395,251,18,0,1342,237,20200316,35,14,0,0,The United Kingdom,英国
1547,152,18,0,1474,132,20200317,55,20,0,0,The United Kingdom,英国
1954,407,52,34,1847,373,20200318,55,0,0,0,The United Kingdom,英国
3269,1315,79,27,3046,1199,20200319,144,89,0,0,The United Kingdom,英国
3983,714,79,0,3727,681,20200320,177,33,0,0,The United Kingdom,英国
5018,1035,79,0,4706,979,20200321,233,56,0,0,The United Kingdom,英国
5683,665,93,14,5309,603,20200322,281,48,0,0,The United Kingdom,英国
6650,967,135,42,6180,871,20200323,335,54,0,0,The United Kingdom,英国
8077,1427,135,0,7520,1340,20200324,422,87,0,0,The United Kingdom,英国
9529,1452,135,0,8929,1409,20200325,465,43,0,0,The United Kingdom,英国
11772,2243,135,0,11059,2130,20200326,578,113,0,0,The United Kingdom,英国
14579,2807,135,0,13685,2626,20200327,759,181,0,0,The United Kingdom,英国
17089,2510,135,0,15935,2250,20200328,1019,260,0,0,The United Kingdom,英国
19522,2433,135,0,18159,2224,20200329,1228,209,0,0,The United Kingdom,英国
22141,2619,135,0,20598,2439,20200330,1408,180,0,0,The United Kingdom,英国
25150,3009,135,0,23226,2628,20200331,1789,381,0,0,The United Kingdom,英国
29474,4324,135,0,26987,3761,20200401,2352,563,0,0,The United Kingdom,英国
33718,4244,135,0,30662,3675,20200402,2921,569,0,0,The United Kingdom,英国
38168,4450,135,0,33583,2921,20200403,4450,1529,0,0,The United Kingdom,英国
41903,3735,135,0,37455,3872,20200404,4313,-137,0,0,The United Kingdom,英国
47806,5903,135,0,42737,5282,20200405,4934,621,0,0,The United Kingdom,英国
51608,3802,135,0,46100,3363,20200406,5373,439,0,0,The United Kingdom,英国
55242,3634,135,0,48948,2848,20200407,6159,786,0,0,The United Kingdom,英国
60733,5491,135,0,53501,4553,20200408,7097,938,0,0,The United Kingdom,英国
65077,4344,135,0,56964,3463,20200409,7978,881,0,0,The United Kingdom,英国
70272,5195,135,0,62159,5195,20200410,7978,0,0,0,The United Kingdom,英国
78991,8719,135,0,68981,6822,20200411,9875,1897,0,0,The United Kingdom,英国
84279,5288,344,209,73323,4342,20200412,10612,737,0,0,The United Kingdom,英国
88621,4342,344,0,76948,3625,20200413,11329,717,0,0,The United Kingdom,英国
93873,5252,344,0,81422,4474,20200414,12107,778,0,0,The United Kingdom,英国
98476,4603,344,0,85264,3842,20200415,12868,761,0,0,The United Kingdom,英国
103093,4617,344,0,89020,3756,20200416,13729,861,0,0,The United Kingdom,英国
108692,5599,344,0,93772,4752,20200417,14576,847,0,0,The United Kingdom,英国
114217,5525,344,0,98409,4637,20200418,15464,888,0,0,The United Kingdom,英国
120067,5850,344,0,103663,5254,20200419,16060,596,0,0,The United Kingdom,英国
124743,4676,344,0,107890,4227,20200420,16509,449,0,0,The United Kingdom,英国
129044,4301,344,0,111363,3473,20200421,17337,828,0,0,The United Kingdom,英国
133495,4451,344,0,115051,3688,20200422,18100,763,0,0,The United Kingdom,英国
138078,4583,344,0,118996,3945,20200423,18738,638,0,0,The United Kingdom,英国
143464,5386,344,0,123614,4618,20200424,19506,768,0,0,The United Kingdom,英国
148377,4913,344,0,127714,4100,20200425,20319,813,0,0,The United Kingdom,英国
152840,4463,344,0,131764,4050,20200426,20732,413,0,0,The United Kingdom,英国
157149,4309,344,0,135713,3949,20200427,21092,360,0,0,The United Kingdom,英国
161145,3996,344,0,139123,3410,20200428,21678,586,0,0,The United Kingdom,英国
161145,0,344,0,139123,0,20200429,21678,0,0,0,The United Kingdom,英国
171253,10108,344,0,144138,5015,20200430,26771,5093,0,0,The United Kingdom,英国
177454,6201,344,0,149600,5462,20200501,27510,739,0,0,The United Kingdom,英国
182260,4806,344,0,153785,4185,20200502,28131,621,0,0,The United Kingdom,英国
186599,4339,344,0,157809,4024,20200503,28446,315,0,0,The United Kingdom,英国
190584,3985,344,0,161506,3697,20200504,28734,288,0,0,The United Kingdom,英国
194990,4406,344,0,165219,3713,20200505,29427,693,0,0,The United Kingdom,英国
201101,6111,344,0,170681,5462,20200506,30076,649,0,0,The United Kingdom,英国
206715,5614,344,0,175756,5075,20200507,30615,539,0,0,The United Kingdom,英国
211364,4649,539,195,179584,3828,20200508,31241,626,0,0,The United Kingdom,英国
215260,3896,539,0,183134,3550,20200509,31587,346,0,0,The United Kingdom,英国
219183,3923,539,0,186789,3655,20200510,31855,268,0,0,The United Kingdom,英国
223060,3877,539,0,190456,3667,20200511,32065,210,0,0,The United Kingdom,英国
226463,3403,539,0,193232,2776,20200512,32692,627,0,0,The United Kingdom,英国
229705,3242,539,0,195980,2748,20200513,33186,494,0,0,The United Kingdom,英国
233151,3446,539,0,198998,3018,20200514,33614,428,0,0,The United Kingdom,英国
236711,3560,539,0,202174,3176,20200515,33998,384,0,0,The United Kingdom,英国
240161,3450,539,0,205156,2982,20200516,34466,468,0,0,The United Kingdom,英国
243695,3534,539,0,208520,3364,20200517,34636,170,0,0,The United Kingdom,英国
246406,2711,539,0,211071,2551,20200518,34796,160,0,0,The United Kingdom,英国
248818,2412,539,0,212938,1867,20200519,35341,545,0,0,The United Kingdom,英国
248822,4,539,0,212579,-359,20200520,35704,363,0,0,The United Kingdom,英国
250908,2086,539,0,214327,1748,20200521,36042,338,0,0,The United Kingdom,英国
254195,3287,539,0,217263,2936,20200522,36393,351,0,0,The United Kingdom,英国
257154,2959,539,0,219940,2677,20200523,36675,282,0,0,The United Kingdom,英国
259559,2405,539,0,222227,2287,20200524,36793,118,0,0,The United Kingdom,英国
261184,1625,539,0,223731,1504,20200525,36914,121,0,0,The United Kingdom,英国
265227,4043,539,0,227640,3909,20200526,37048,134,0,0,The United Kingdom,英国
267240,2013,539,0,229241,1601,20200527,37460,412,0,0,The United Kingdom,英国
269127,1887,539,0,230751,1510,20200528,37837,377,0,0,The United Kingdom,英国
271222,2095,539,0,232522,1771,20200529,38161,324,0,0,The United Kingdom,英国
272826,1604,539,0,233911,1389,20200530,38376,215,0,0,The United Kingdom,英国
274762,1936,539,0,235734,1823,20200531,38489,113,0,0,The United Kingdom,英国
276332,1570,539,0,236748,1014,20200601,39045,556,0,0,The United Kingdom,英国
277985,1653,539,0,238077,1329,20200602,39369,324,0,0,The United Kingdom,英国
279856,1871,539,0,239589,1512,20200603,39728,359,0,0,The United Kingdom,英国
281661,1805,539,0,241218,1629,20200604,39904,176,0,0,The United Kingdom,英国
283311,1650,539,0,242511,1293,20200605,40261,357,0,0,The United Kingdom,英国
284868,1557,539,0,243864,1353,20200606,40465,204,0,0,The United Kingdom,英国
286194,1326,539,0,245113,1249,20200607,40542,77,0,0,The United Kingdom,英国
287399,1205,539,0,246263,1150,20200608,40597,55,0,0,The United Kingdom,英国
289140,1741,539,0,247718,1455,20200609,40883,286,0,0,The United Kingdom,英国
290143,1003,539,0,248476,758,20200610,41128,245,0,0,The United Kingdom,英国
291409,1266,539,0,249591,1115,20200611,41279,151,0,0,The United Kingdom,英国
292950,1541,539,0,250930,1339,20200612,41481,202,0,0,The United Kingdom,英国
294375,1425,539,0,252174,1244,20200613,41662,181,0,0,The United Kingdom,英国
295889,1514,539,0,253652,1478,20200614,41698,36,0,0,The United Kingdom,英国
296857,968,539,0,254582,930,20200615,41736,38,0,0,The United Kingdom,英国
298136,1279,539,0,255628,1046,20200616,41969,233,0,0,The United Kingdom,英国
299251,1115,539,0,256559,931,20200617,42153,184,0,0,The United Kingdom,英国
300469,1218,539,0,257642,1083,20200618,42288,135,0,0,The United Kingdom,英国
301815,1346,539,0,258815,1173,20200619,42461,173,0,0,The United Kingdom,英国
303110,1295,539,0,259982,1167,20200620,42589,128,0,0,The United Kingdom,英国
304331,1221,539,0,261160,1178,20200621,42632,43,0,0,The United Kingdom,英国
305289,958,539,0,262103,943,20200622,42647,15,0,0,The United Kingdom,英国
306210,921,539,0,262744,641,20200623,42927,280,0,0,The United Kingdom,英国
306862,652,539,0,263242,498,20200624,43081,154,0,0,The United Kingdom,英国
307980,1118,539,0,264211,969,20200625,43230,149,0,0,The United Kingdom,英国
309360,1380,539,0,265407,1196,20200626,43414,184,0,0,The United Kingdom,英国
310250,890,539,0,266197,790,20200627,43514,100,0,0,The United Kingdom,英国
311151,901,539,0,267062,865,20200628,43550,36,0,0,The United Kingdom,英国
311965,814,539,0,267851,789,20200629,43575,25,0,0,The United Kingdom,英国
312654,689,539,0,268385,534,20200630,43730,155,0,0,The United Kingdom,英国
313483,829,539,0,269038,653,20200701,43906,176,0,0,The United Kingdom,英国
283757,-29726,539,0,239223,-29815,20200702,43995,89,0,0,The United Kingdom,英国
284276,519,539,0,239606,383,20200703,44131,136,0,0,The United Kingdom,英国
284900,624,539,0,240163,557,20200704,44198,67,0,0,The United Kingdom,英国
285416,516,539,0,240657,494,20200705,44220,22,0,0,The United Kingdom,英国
285768,352,539,0,240993,336,20200706,44236,16,0,0,The United Kingdom,英国
286349,581,539,0,241419,426,20200707,44391,155,0,0,The United Kingdom,英国
286979,630,539,0,241923,504,20200708,44517,126,0,0,The United Kingdom,英国
