﻿confirmedCount,confirmedIncr,curedCount,curedIncr,currentConfirmedCount,currentConfirmedIncr,dateId,deadCount,deadIncr,suspectedCount,suspectedCountIncr,countryFullName,countryName
1,1,0,0,1,1,20200319,0,0,0,0,The Republic of El Salvador,萨尔瓦多
1,0,0,0,1,0,20200320,0,0,0,0,The Republic of El Salvador,萨尔瓦多
1,0,0,0,1,0,20200321,0,0,0,0,The Republic of El Salvador,萨尔瓦多
1,0,0,0,1,0,20200322,0,0,0,0,The Republic of El Salvador,萨尔瓦多
1,0,0,0,1,0,20200323,0,0,0,0,The Republic of El Salvador,萨尔瓦多
3,2,0,0,3,2,20200324,0,0,0,0,The Republic of El Salvador,萨尔瓦多
5,2,0,0,5,2,20200325,0,0,0,0,The Republic of El Salvador,萨尔瓦多
13,8,0,0,13,8,20200326,0,0,0,0,The Republic of El Salvador,萨尔瓦多
13,0,0,0,13,0,20200327,0,0,0,0,The Republic of El Salvador,萨尔瓦多
13,0,0,0,13,0,20200328,0,0,0,0,The Republic of El Salvador,萨尔瓦多
19,6,0,0,19,6,20200329,0,0,0,0,The Republic of El Salvador,萨尔瓦多
24,5,0,0,24,5,20200330,0,0,0,0,The Republic of El Salvador,萨尔瓦多
30,6,0,0,30,6,20200331,0,0,0,0,The Republic of El Salvador,萨尔瓦多
30,0,0,0,30,0,20200401,0,0,0,0,The Republic of El Salvador,萨尔瓦多
32,2,0,0,31,1,20200402,1,1,0,0,The Republic of El Salvador,萨尔瓦多
41,9,0,0,39,8,20200403,2,1,0,0,The Republic of El Salvador,萨尔瓦多
46,5,0,0,44,5,20200404,2,0,0,0,The Republic of El Salvador,萨尔瓦多
56,10,0,0,53,9,20200405,3,1,0,0,The Republic of El Salvador,萨尔瓦多
62,6,0,0,59,6,20200406,3,0,0,0,The Republic of El Salvador,萨尔瓦多
69,7,0,0,66,7,20200407,3,0,0,0,The Republic of El Salvador,萨尔瓦多
78,9,0,0,74,8,20200408,4,1,0,0,The Republic of El Salvador,萨尔瓦多
93,15,0,0,88,14,20200409,5,1,0,0,The Republic of El Salvador,萨尔瓦多
103,10,0,0,98,10,20200410,5,0,0,0,The Republic of El Salvador,萨尔瓦多
117,14,0,0,111,13,20200411,6,1,0,0,The Republic of El Salvador,萨尔瓦多
118,1,0,0,112,1,20200412,6,0,0,0,The Republic of El Salvador,萨尔瓦多
125,7,0,0,119,7,20200413,6,0,0,0,The Republic of El Salvador,萨尔瓦多
137,12,0,0,131,12,20200414,6,0,0,0,The Republic of El Salvador,萨尔瓦多
149,12,0,0,143,12,20200415,6,0,0,0,The Republic of El Salvador,萨尔瓦多
159,10,0,0,153,10,20200416,6,0,0,0,The Republic of El Salvador,萨尔瓦多
164,5,0,0,158,5,20200417,6,0,0,0,The Republic of El Salvador,萨尔瓦多
177,13,0,0,170,12,20200418,7,1,0,0,The Republic of El Salvador,萨尔瓦多
190,13,0,0,183,13,20200419,7,0,0,0,The Republic of El Salvador,萨尔瓦多
201,11,0,0,194,11,20200420,7,0,0,0,The Republic of El Salvador,萨尔瓦多
218,17,0,0,211,17,20200421,7,0,0,0,The Republic of El Salvador,萨尔瓦多
225,7,0,0,218,7,20200422,7,0,0,0,The Republic of El Salvador,萨尔瓦多
237,12,0,0,230,12,20200423,7,0,0,0,The Republic of El Salvador,萨尔瓦多
250,13,0,0,242,12,20200424,8,1,0,0,The Republic of El Salvador,萨尔瓦多
261,11,0,0,253,11,20200425,8,0,0,0,The Republic of El Salvador,萨尔瓦多
274,13,0,0,266,13,20200426,8,0,0,0,The Republic of El Salvador,萨尔瓦多
298,24,0,0,290,24,20200427,8,0,0,0,The Republic of El Salvador,萨尔瓦多
323,25,0,0,315,25,20200428,8,0,0,0,The Republic of El Salvador,萨尔瓦多
345,22,0,0,337,22,20200429,8,0,0,0,The Republic of El Salvador,萨尔瓦多
377,32,0,0,368,31,20200430,9,1,0,0,The Republic of El Salvador,萨尔瓦多
395,18,0,0,386,18,20200501,9,0,0,0,The Republic of El Salvador,萨尔瓦多
424,29,0,0,414,28,20200502,10,1,0,0,The Republic of El Salvador,萨尔瓦多
446,22,0,0,436,22,20200503,10,0,0,0,The Republic of El Salvador,萨尔瓦多
490,44,0,0,479,43,20200504,11,1,0,0,The Republic of El Salvador,萨尔瓦多
555,65,0,0,543,64,20200505,12,1,0,0,The Republic of El Salvador,萨尔瓦多
587,32,0,0,574,31,20200506,13,1,0,0,The Republic of El Salvador,萨尔瓦多
633,46,0,0,619,45,20200507,14,1,0,0,The Republic of El Salvador,萨尔瓦多
695,62,0,0,680,61,20200508,15,1,0,0,The Republic of El Salvador,萨尔瓦多
742,47,0,0,727,47,20200509,15,0,0,0,The Republic of El Salvador,萨尔瓦多
784,42,0,0,768,41,20200510,16,1,0,0,The Republic of El Salvador,萨尔瓦多
889,105,0,0,872,104,20200511,17,1,0,0,The Republic of El Salvador,萨尔瓦多
958,69,0,0,941,69,20200512,17,0,0,0,The Republic of El Salvador,萨尔瓦多
998,40,0,0,980,39,20200513,18,1,0,0,The Republic of El Salvador,萨尔瓦多
1037,39,0,0,1017,37,20200514,20,2,0,0,The Republic of El Salvador,萨尔瓦多
1112,75,0,0,1092,75,20200515,20,0,0,0,The Republic of El Salvador,萨尔瓦多
1210,98,0,0,1187,95,20200516,23,3,0,0,The Republic of El Salvador,萨尔瓦多
1265,55,0,0,1240,53,20200517,25,2,0,0,The Republic of El Salvador,萨尔瓦多
1338,73,0,0,1311,71,20200518,27,2,0,0,The Republic of El Salvador,萨尔瓦多
1413,75,0,0,1383,72,20200519,30,3,0,0,The Republic of El Salvador,萨尔瓦多
1498,85,0,0,1468,85,20200520,30,0,0,0,The Republic of El Salvador,萨尔瓦多
1571,73,0,0,1540,72,20200521,31,1,0,0,The Republic of El Salvador,萨尔瓦多
1640,69,0,0,1608,68,20200522,32,1,0,0,The Republic of El Salvador,萨尔瓦多
1725,85,0,0,1692,84,20200523,33,1,0,0,The Republic of El Salvador,萨尔瓦多
1819,94,0,0,1786,94,20200524,33,0,0,0,The Republic of El Salvador,萨尔瓦多
1915,96,0,0,1880,94,20200525,35,2,0,0,The Republic of El Salvador,萨尔瓦多
1983,68,0,0,1948,68,20200526,35,0,0,0,The Republic of El Salvador,萨尔瓦多
2042,59,0,0,2006,58,20200527,36,1,0,0,The Republic of El Salvador,萨尔瓦多
2109,67,0,0,2072,66,20200528,37,1,0,0,The Republic of El Salvador,萨尔瓦多
2194,85,0,0,2155,83,20200529,39,2,0,0,The Republic of El Salvador,萨尔瓦多
2278,84,0,0,2236,81,20200530,42,3,0,0,The Republic of El Salvador,萨尔瓦多
2395,117,0,0,2351,115,20200531,44,2,0,0,The Republic of El Salvador,萨尔瓦多
2517,122,0,0,2471,120,20200601,46,2,0,0,The Republic of El Salvador,萨尔瓦多
2582,65,0,0,2536,65,20200602,46,0,0,0,The Republic of El Salvador,萨尔瓦多
2653,71,0,0,2607,71,20200603,46,0,0,0,The Republic of El Salvador,萨尔瓦多
2705,52,0,0,2654,47,20200604,51,5,0,0,The Republic of El Salvador,萨尔瓦多
2781,76,0,0,2729,75,20200605,52,1,0,0,The Republic of El Salvador,萨尔瓦多
2849,68,0,0,2796,67,20200606,53,1,0,0,The Republic of El Salvador,萨尔瓦多
2934,85,0,0,2881,85,20200607,53,0,0,0,The Republic of El Salvador,萨尔瓦多
3015,81,0,0,2960,79,20200608,55,2,0,0,The Republic of El Salvador,萨尔瓦多
3104,89,0,0,3049,89,20200609,55,0,0,0,The Republic of El Salvador,萨尔瓦多
3191,87,0,0,3133,84,20200610,58,3,0,0,The Republic of El Salvador,萨尔瓦多
3274,83,0,0,3214,81,20200611,60,2,0,0,The Republic of El Salvador,萨尔瓦多
3373,99,0,0,3309,95,20200612,64,4,0,0,The Republic of El Salvador,萨尔瓦多
3481,108,0,0,3413,104,20200613,68,4,0,0,The Republic of El Salvador,萨尔瓦多
3603,122,0,0,3531,118,20200614,72,4,0,0,The Republic of El Salvador,萨尔瓦多
3720,117,0,0,3648,117,20200615,72,0,0,0,The Republic of El Salvador,萨尔瓦多
3826,106,0,0,3752,104,20200616,74,2,0,0,The Republic of El Salvador,萨尔瓦多
3826,0,0,0,3752,0,20200617,74,0,0,0,The Republic of El Salvador,萨尔瓦多
4066,240,0,0,3987,235,20200618,79,5,0,0,The Republic of El Salvador,萨尔瓦多
4200,134,0,0,4118,131,20200619,82,3,0,0,The Republic of El Salvador,萨尔瓦多
4329,129,0,0,4243,125,20200620,86,4,0,0,The Republic of El Salvador,萨尔瓦多
4475,146,0,0,4382,139,20200621,93,7,0,0,The Republic of El Salvador,萨尔瓦多
4626,151,0,0,4528,146,20200622,98,5,0,0,The Republic of El Salvador,萨尔瓦多
4808,182,0,0,4701,173,20200623,107,9,0,0,The Republic of El Salvador,萨尔瓦多
4973,165,0,0,4860,159,20200624,113,6,0,0,The Republic of El Salvador,萨尔瓦多
5150,177,0,0,5031,171,20200625,119,6,0,0,The Republic of El Salvador,萨尔瓦多
5336,186,0,0,5210,179,20200626,126,7,0,0,The Republic of El Salvador,萨尔瓦多
5517,181,0,0,5384,174,20200627,133,7,0,0,The Republic of El Salvador,萨尔瓦多
5727,210,0,0,5584,200,20200628,143,10,0,0,The Republic of El Salvador,萨尔瓦多
5934,207,0,0,5782,198,20200629,152,9,0,0,The Republic of El Salvador,萨尔瓦多
6173,239,0,0,6009,227,20200630,164,12,0,0,The Republic of El Salvador,萨尔瓦多
6438,265,0,0,6264,255,20200701,174,10,0,0,The Republic of El Salvador,萨尔瓦多
6736,298,0,0,6554,290,20200702,182,8,0,0,The Republic of El Salvador,萨尔瓦多
7267,531,4268,4268,2797,-3757,20200703,202,20,0,0,The Republic of El Salvador,萨尔瓦多
7267,0,4268,0,2797,0,20200704,202,0,0,0,The Republic of El Salvador,萨尔瓦多
7507,240,4268,0,3029,232,20200705,210,8,0,0,The Republic of El Salvador,萨尔瓦多
7777,270,4268,0,3292,263,20200706,217,7,0,0,The Republic of El Salvador,萨尔瓦多
8027,250,4268,0,3536,244,20200707,223,6,0,0,The Republic of El Salvador,萨尔瓦多
8307,280,4268,0,3810,274,20200708,229,6,0,0,The Republic of El Salvador,萨尔瓦多
