﻿confirmedCount,confirmedIncr,curedCount,curedIncr,currentConfirmedCount,currentConfirmedIncr,dateId,deadCount,deadIncr,suspectedCount,suspectedCountIncr,countryFullName,countryName
2,2,0,0,2,2,20200319,0,0,0,0,The Republic of Zambia,赞比亚共和国
2,0,0,0,2,0,20200320,0,0,0,0,The Republic of Zambia,赞比亚共和国
2,0,0,0,2,0,20200321,0,0,0,0,The Republic of Zambia,赞比亚共和国
3,1,0,0,3,1,20200322,0,0,0,0,The Republic of Zambia,赞比亚共和国
3,0,0,0,3,0,20200323,0,0,0,0,The Republic of Zambia,赞比亚共和国
3,0,0,0,3,0,20200324,0,0,0,0,The Republic of Zambia,赞比亚共和国
12,9,0,0,12,9,20200325,0,0,0,0,The Republic of Zambia,赞比亚共和国
16,4,0,0,16,4,20200326,0,0,0,0,The Republic of Zambia,赞比亚共和国
22,6,0,0,22,6,20200327,0,0,0,0,The Republic of Zambia,赞比亚共和国
28,6,0,0,28,6,20200328,0,0,0,0,The Republic of Zambia,赞比亚共和国
29,1,0,0,29,1,20200329,0,0,0,0,The Republic of Zambia,赞比亚共和国
35,6,0,0,35,6,20200330,0,0,0,0,The Republic of Zambia,赞比亚共和国
36,1,0,0,36,1,20200331,0,0,0,0,The Republic of Zambia,赞比亚共和国
36,0,0,0,36,0,20200401,0,0,0,0,The Republic of Zambia,赞比亚共和国
39,3,0,0,38,2,20200402,1,1,0,0,The Republic of Zambia,赞比亚共和国
39,0,2,2,36,-2,20200403,1,0,0,0,The Republic of Zambia,赞比亚共和国
39,0,2,0,36,0,20200404,1,0,0,0,The Republic of Zambia,赞比亚共和国
39,0,3,1,35,-1,20200405,1,0,0,0,The Republic of Zambia,赞比亚共和国
39,0,5,2,33,-2,20200406,1,0,0,0,The Republic of Zambia,赞比亚共和国
39,0,7,2,31,-2,20200407,1,0,0,0,The Republic of Zambia,赞比亚共和国
39,0,7,0,31,0,20200408,1,0,0,0,The Republic of Zambia,赞比亚共和国
39,0,24,17,14,-17,20200409,1,0,0,0,The Republic of Zambia,赞比亚共和国
40,1,25,1,13,-1,20200410,2,1,0,0,The Republic of Zambia,赞比亚共和国
40,0,28,3,10,-3,20200411,2,0,0,0,The Republic of Zambia,赞比亚共和国
43,3,30,2,11,1,20200412,2,0,0,0,The Republic of Zambia,赞比亚共和国
45,2,30,0,13,2,20200413,2,0,0,0,The Republic of Zambia,赞比亚共和国
45,0,30,0,13,0,20200414,2,0,0,0,The Republic of Zambia,赞比亚共和国
48,3,30,0,16,3,20200415,2,0,0,0,The Republic of Zambia,赞比亚共和国
48,0,30,0,16,0,20200416,2,0,0,0,The Republic of Zambia,赞比亚共和国
52,4,30,0,20,4,20200417,2,0,0,0,The Republic of Zambia,赞比亚共和国
57,5,33,3,22,2,20200418,2,0,0,0,The Republic of Zambia,赞比亚共和国
61,4,33,0,25,3,20200419,3,1,0,0,The Republic of Zambia,赞比亚共和国
65,4,35,2,27,2,20200420,3,0,0,0,The Republic of Zambia,赞比亚共和国
65,0,35,0,27,0,20200421,3,0,0,0,The Republic of Zambia,赞比亚共和国
74,9,35,0,36,9,20200422,3,0,0,0,The Republic of Zambia,赞比亚共和国
76,2,37,2,36,0,20200423,3,0,0,0,The Republic of Zambia,赞比亚共和国
84,8,37,0,44,8,20200424,3,0,0,0,The Republic of Zambia,赞比亚共和国
84,0,42,5,39,-5,20200425,3,0,0,0,The Republic of Zambia,赞比亚共和国
88,4,42,0,43,4,20200426,3,0,0,0,The Republic of Zambia,赞比亚共和国
89,1,42,0,44,1,20200427,3,0,0,0,The Republic of Zambia,赞比亚共和国
95,6,42,0,50,6,20200428,3,0,0,0,The Republic of Zambia,赞比亚共和国
97,2,54,12,40,-10,20200429,3,0,0,0,The Republic of Zambia,赞比亚共和国
106,9,55,1,48,8,20200430,3,0,0,0,The Republic of Zambia,赞比亚共和国
109,3,74,19,32,-16,20200501,3,0,0,0,The Republic of Zambia,赞比亚共和国
119,10,75,1,41,9,20200502,3,0,0,0,The Republic of Zambia,赞比亚共和国
124,5,78,3,43,2,20200503,3,0,0,0,The Republic of Zambia,赞比亚共和国
137,13,78,0,56,13,20200504,3,0,0,0,The Republic of Zambia,赞比亚共和国
139,2,92,14,43,-13,20200505,4,1,0,0,The Republic of Zambia,赞比亚共和国
146,7,92,0,50,7,20200506,4,0,0,0,The Republic of Zambia,赞比亚共和国
153,7,103,11,46,-4,20200507,4,0,0,0,The Republic of Zambia,赞比亚共和国
153,0,103,0,46,0,20200508,4,0,0,0,The Republic of Zambia,赞比亚共和国
252,99,112,9,133,87,20200509,7,3,0,0,The Republic of Zambia,赞比亚共和国
267,15,117,5,143,10,20200510,7,0,0,0,The Republic of Zambia,赞比亚共和国
267,0,117,0,143,0,20200511,7,0,0,0,The Republic of Zambia,赞比亚共和国
441,174,117,0,317,174,20200512,7,0,0,0,The Republic of Zambia,赞比亚共和国
441,0,117,0,317,0,20200513,7,0,0,0,The Republic of Zambia,赞比亚共和国
654,213,124,7,523,206,20200514,7,0,0,0,The Republic of Zambia,赞比亚共和国
668,14,152,28,509,-14,20200515,7,0,0,0,The Republic of Zambia,赞比亚共和国
668,0,152,0,509,0,20200516,7,0,0,0,The Republic of Zambia,赞比亚共和国
753,85,188,36,558,49,20200517,7,0,0,0,The Republic of Zambia,赞比亚共和国
753,0,188,0,558,0,20200518,7,0,0,0,The Republic of Zambia,赞比亚共和国
761,8,188,0,566,8,20200519,7,0,0,0,The Republic of Zambia,赞比亚共和国
832,71,197,9,628,62,20200520,7,0,0,0,The Republic of Zambia,赞比亚共和国
866,34,302,105,557,-71,20200521,7,0,0,0,The Republic of Zambia,赞比亚共和国
866,0,302,0,557,0,20200522,7,0,0,0,The Republic of Zambia,赞比亚共和国
920,54,302,0,611,54,20200523,7,0,0,0,The Republic of Zambia,赞比亚共和国
920,0,302,0,611,0,20200524,7,0,0,0,The Republic of Zambia,赞比亚共和国
920,0,302,0,611,0,20200525,7,0,0,0,The Republic of Zambia,赞比亚共和国
920,0,302,0,611,0,20200526,7,0,0,0,The Republic of Zambia,赞比亚共和国
1057,137,779,477,271,-340,20200527,7,0,0,0,The Republic of Zambia,赞比亚共和国
1057,0,779,0,271,0,20200528,7,0,0,0,The Republic of Zambia,赞比亚共和国
1057,0,779,0,271,0,20200529,7,0,0,0,The Republic of Zambia,赞比亚共和国
1057,0,779,0,271,0,20200530,7,0,0,0,The Republic of Zambia,赞比亚共和国
1057,0,779,0,271,0,20200531,7,0,0,0,The Republic of Zambia,赞比亚共和国
1057,0,779,0,271,0,20200601,7,0,0,0,The Republic of Zambia,赞比亚共和国
1089,32,779,0,303,32,20200602,7,0,0,0,The Republic of Zambia,赞比亚共和国
1089,0,779,0,303,0,20200603,7,0,0,0,The Republic of Zambia,赞比亚共和国
1089,0,779,0,303,0,20200604,7,0,0,0,The Republic of Zambia,赞比亚共和国
1111,22,779,0,325,22,20200605,7,0,0,0,The Republic of Zambia,赞比亚共和国
1111,0,779,0,325,0,20200606,7,0,0,0,The Republic of Zambia,赞比亚共和国
1154,43,779,0,368,43,20200607,7,0,0,0,The Republic of Zambia,赞比亚共和国
1200,46,988,209,202,-166,20200608,10,3,0,0,The Republic of Zambia,赞比亚共和国
1200,0,988,0,202,0,20200609,10,0,0,0,The Republic of Zambia,赞比亚共和国
1200,0,988,0,202,0,20200610,10,0,0,0,The Republic of Zambia,赞比亚共和国
1252,52,988,0,254,52,20200611,10,0,0,0,The Republic of Zambia,赞比亚共和国
1252,0,988,0,254,0,20200612,10,0,0,0,The Republic of Zambia,赞比亚共和国
1321,69,988,0,323,69,20200613,10,0,0,0,The Republic of Zambia,赞比亚共和国
1357,36,1114,126,233,-90,20200614,10,0,0,0,The Republic of Zambia,赞比亚共和国
1382,25,1142,28,229,-4,20200615,11,1,0,0,The Republic of Zambia,赞比亚共和国
1382,0,1142,0,229,0,20200616,11,0,0,0,The Republic of Zambia,赞比亚共和国
1382,0,1142,0,229,0,20200617,11,0,0,0,The Republic of Zambia,赞比亚共和国
1412,30,1142,0,259,30,20200618,11,0,0,0,The Republic of Zambia,赞比亚共和国
1416,4,1142,0,263,4,20200619,11,0,0,0,The Republic of Zambia,赞比亚共和国
1430,14,1142,0,277,14,20200620,11,0,0,0,The Republic of Zambia,赞比亚共和国
1430,0,1142,0,277,0,20200621,11,0,0,0,The Republic of Zambia,赞比亚共和国
1430,0,1142,0,277,0,20200622,11,0,0,0,The Republic of Zambia,赞比亚共和国
1477,47,1213,71,246,-31,20200623,18,7,0,0,The Republic of Zambia,赞比亚共和国
1477,0,1213,0,246,0,20200624,18,0,0,0,The Republic of Zambia,赞比亚共和国
1489,12,1213,0,258,12,20200625,18,0,0,0,The Republic of Zambia,赞比亚共和国
1497,8,1213,0,266,8,20200626,18,0,0,0,The Republic of Zambia,赞比亚共和国
1531,34,1233,20,277,11,20200627,21,3,0,0,The Republic of Zambia,赞比亚共和国
1531,0,1233,0,277,0,20200628,21,0,0,0,The Republic of Zambia,赞比亚共和国
1531,0,1233,0,277,0,20200629,21,0,0,0,The Republic of Zambia,赞比亚共和国
1594,63,1329,96,241,-36,20200630,24,3,0,0,The Republic of Zambia,赞比亚共和国
1632,38,1348,19,254,13,20200701,30,6,0,0,The Republic of Zambia,赞比亚共和国
1632,0,1348,0,254,0,20200702,30,0,0,0,The Republic of Zambia,赞比亚共和国
1632,0,1348,0,254,0,20200703,30,0,0,0,The Republic of Zambia,赞比亚共和国
1632,0,1348,0,254,0,20200704,30,0,0,0,The Republic of Zambia,赞比亚共和国
1632,0,1348,0,254,0,20200705,30,0,0,0,The Republic of Zambia,赞比亚共和国
1632,0,1348,0,254,0,20200706,30,0,0,0,The Republic of Zambia,赞比亚共和国
1632,0,1348,0,254,0,20200707,30,0,0,0,The Republic of Zambia,赞比亚共和国
1895,263,1412,64,441,187,20200708,42,12,0,0,The Republic of Zambia,赞比亚共和国
