﻿confirmedCount,confirmedIncr,curedCount,curedIncr,currentConfirmedCount,currentConfirmedIncr,dateId,deadCount,deadIncr,suspectedCount,suspectedCountIncr,countryFullName,countryName
1,1,0,0,1,1,20200307,0,0,0,0,Togo,多哥
1,0,0,0,1,0,20200308,0,0,0,0,Togo,多哥
1,0,0,0,1,0,20200309,0,0,0,0,Togo,多哥
1,0,0,0,1,0,20200310,0,0,0,0,Togo,多哥
1,0,0,0,1,0,20200311,0,0,0,0,Togo,多哥
1,0,0,0,1,0,20200312,0,0,0,0,Togo,多哥
1,0,0,0,1,0,20200313,0,0,0,0,Togo,多哥
1,0,0,0,1,0,20200314,0,0,0,0,Togo,多哥
1,0,0,0,1,0,20200315,0,0,0,0,Togo,多哥
1,0,0,0,1,0,20200316,0,0,0,0,Togo,多哥
1,0,0,0,1,0,20200317,0,0,0,0,Togo,多哥
1,0,0,0,1,0,20200318,0,0,0,0,Togo,多哥
9,8,0,0,9,8,20200319,0,0,0,0,Togo,多哥
9,0,1,1,8,-1,20200320,0,0,0,0,Togo,多哥
16,7,1,0,15,7,20200321,0,0,0,0,Togo,多哥
16,0,1,0,15,0,20200322,0,0,0,0,Togo,多哥
16,0,1,0,15,0,20200323,0,0,0,0,Togo,多哥
18,2,1,0,17,2,20200324,0,0,0,0,Togo,多哥
20,2,1,0,19,2,20200325,0,0,0,0,Togo,多哥
23,3,1,0,22,3,20200326,0,0,0,0,Togo,多哥
24,1,1,0,23,1,20200327,0,0,0,0,Togo,多哥
25,1,1,0,23,0,20200328,1,1,0,0,Togo,多哥
30,5,7,6,22,-1,20200329,1,0,0,0,Togo,多哥
34,4,10,3,23,1,20200330,1,0,0,0,Togo,多哥
34,0,10,0,23,0,20200331,1,0,0,0,Togo,多哥
36,2,10,0,24,1,20200401,2,1,0,0,Togo,多哥
39,3,17,7,20,-4,20200402,2,0,0,0,Togo,多哥
40,1,17,0,21,1,20200403,2,0,0,0,Togo,多哥
41,1,18,1,20,-1,20200404,3,1,0,0,Togo,多哥
44,3,20,2,21,1,20200405,3,0,0,0,Togo,多哥
52,8,22,2,27,6,20200406,3,0,0,0,Togo,多哥
65,13,23,1,39,12,20200407,3,0,0,0,Togo,多哥
70,5,23,0,44,5,20200408,3,0,0,0,Togo,多哥
73,3,24,1,46,2,20200409,3,0,0,0,Togo,多哥
76,3,25,1,48,2,20200410,3,0,0,0,Togo,多哥
76,0,25,0,48,0,20200411,3,0,0,0,Togo,多哥
76,0,25,0,48,0,20200412,3,0,0,0,Togo,多哥
77,1,29,4,45,-3,20200413,3,0,0,0,Togo,多哥
77,0,29,0,45,0,20200414,3,0,0,0,Togo,多哥
81,4,35,6,43,-2,20200415,3,0,0,0,Togo,多哥
81,0,35,0,43,0,20200416,3,0,0,0,Togo,多哥
83,2,48,13,30,-13,20200417,5,2,0,0,Togo,多哥
84,1,49,1,30,0,20200418,5,0,0,0,Togo,多哥
84,0,49,0,30,0,20200419,5,0,0,0,Togo,多哥
84,0,49,0,30,0,20200420,5,0,0,0,Togo,多哥
84,0,49,0,30,0,20200421,5,0,0,0,Togo,多哥
88,4,56,7,26,-4,20200422,6,1,0,0,Togo,多哥
88,0,56,0,26,0,20200423,6,0,0,0,Togo,多哥
90,2,59,3,25,-1,20200424,6,0,0,0,Togo,多哥
90,0,59,0,25,0,20200425,6,0,0,0,Togo,多哥
96,6,59,0,31,6,20200426,6,0,0,0,Togo,多哥
98,2,62,3,30,-1,20200427,6,0,0,0,Togo,多哥
99,1,62,0,31,1,20200428,6,0,0,0,Togo,多哥
109,10,64,2,38,7,20200429,7,1,0,0,Togo,多哥
116,7,65,1,42,4,20200430,9,2,0,0,Togo,多哥
123,7,66,1,48,6,20200501,9,0,0,0,Togo,多哥
123,0,66,0,48,0,20200502,9,0,0,0,Togo,多哥
123,0,66,0,48,0,20200503,9,0,0,0,Togo,多哥
124,1,66,0,49,1,20200504,9,0,0,0,Togo,多哥
126,2,66,0,51,2,20200505,9,0,0,0,Togo,多哥
128,2,66,0,53,2,20200506,9,0,0,0,Togo,多哥
135,7,85,19,41,-12,20200507,9,0,0,0,Togo,多哥
135,0,85,0,41,0,20200508,9,0,0,0,Togo,多哥
145,10,85,0,50,9,20200509,10,1,0,0,Togo,多哥
174,29,89,4,74,24,20200510,11,1,0,0,Togo,多哥
174,0,89,0,74,0,20200511,11,0,0,0,Togo,多哥
181,7,89,0,81,7,20200512,11,0,0,0,Togo,多哥
199,18,89,0,99,18,20200513,11,0,0,0,Togo,多哥
219,20,89,0,119,20,20200514,11,0,0,0,Togo,多哥
238,19,89,0,138,19,20200515,11,0,0,0,Togo,多哥
298,60,99,10,188,50,20200516,11,0,0,0,Togo,多哥
298,0,99,0,188,0,20200517,11,0,0,0,Togo,多哥
301,3,99,0,191,3,20200518,11,0,0,0,Togo,多哥
338,37,107,8,219,28,20200519,12,1,0,0,Togo,多哥
338,0,107,0,219,0,20200520,12,0,0,0,Togo,多哥
338,0,107,0,219,0,20200521,12,0,0,0,Togo,多哥
354,16,107,0,235,16,20200522,12,0,0,0,Togo,多哥
363,9,107,0,244,9,20200523,12,0,0,0,Togo,多哥
373,10,107,0,254,10,20200524,12,0,0,0,Togo,多哥
381,8,107,0,262,8,20200525,12,0,0,0,Togo,多哥
386,5,107,0,266,4,20200526,13,1,0,0,Togo,多哥
391,5,107,0,271,5,20200527,13,0,0,0,Togo,多哥
395,4,107,0,275,4,20200528,13,0,0,0,Togo,多哥
422,27,107,0,302,27,20200529,13,0,0,0,Togo,多哥
428,6,107,0,308,6,20200530,13,0,0,0,Togo,多哥
428,0,107,0,308,0,20200531,13,0,0,0,Togo,多哥
442,14,107,0,322,14,20200601,13,0,0,0,Togo,多哥
443,1,107,0,323,1,20200602,13,0,0,0,Togo,多哥
445,2,107,0,325,2,20200603,13,0,0,0,Togo,多哥
452,7,107,0,332,7,20200604,13,0,0,0,Togo,多哥
465,13,107,0,345,13,20200605,13,0,0,0,Togo,多哥
485,20,107,0,365,20,20200606,13,0,0,0,Togo,多哥
487,2,107,0,367,2,20200607,13,0,0,0,Togo,多哥
495,8,107,0,375,8,20200608,13,0,0,0,Togo,多哥
497,2,107,0,377,2,20200609,13,0,0,0,Togo,多哥
497,0,107,0,377,0,20200610,13,0,0,0,Togo,多哥
522,25,107,0,402,25,20200611,13,0,0,0,Togo,多哥
522,0,107,0,402,0,20200612,13,0,0,0,Togo,多哥
524,2,107,0,404,2,20200613,13,0,0,0,Togo,多哥
525,1,107,0,405,1,20200614,13,0,0,0,Togo,多哥
530,5,107,0,410,5,20200615,13,0,0,0,Togo,多哥
531,1,107,0,411,1,20200616,13,0,0,0,Togo,多哥
531,0,107,0,411,0,20200617,13,0,0,0,Togo,多哥
537,6,107,0,417,6,20200618,13,0,0,0,Togo,多哥
544,7,107,0,424,7,20200619,13,0,0,0,Togo,多哥
555,11,107,0,435,11,20200620,13,0,0,0,Togo,多哥
561,6,107,0,441,6,20200621,13,0,0,0,Togo,多哥
569,8,107,0,449,8,20200622,13,0,0,0,Togo,多哥
569,0,107,0,449,0,20200623,13,0,0,0,Togo,多哥
576,7,107,0,456,7,20200624,13,0,0,0,Togo,多哥
576,0,107,0,456,0,20200625,13,0,0,0,Togo,多哥
588,12,107,0,467,11,20200626,14,1,0,0,Togo,多哥
591,3,107,0,470,3,20200627,14,0,0,0,Togo,多哥
615,24,107,0,494,24,20200628,14,0,0,0,Togo,多哥
615,0,107,0,494,0,20200629,14,0,0,0,Togo,多哥
642,27,107,0,521,27,20200630,14,0,0,0,Togo,多哥
643,1,107,0,522,1,20200701,14,0,0,0,Togo,多哥
661,18,107,0,540,18,20200702,14,0,0,0,Togo,多哥
667,6,107,0,546,6,20200703,14,0,0,0,Togo,多哥
671,4,107,0,550,4,20200704,14,0,0,0,Togo,多哥
676,5,107,0,554,4,20200705,15,1,0,0,Togo,多哥
680,4,107,0,558,4,20200706,15,0,0,0,Togo,多哥
680,0,107,0,558,0,20200707,15,0,0,0,Togo,多哥
689,9,107,0,567,9,20200708,15,0,0,0,Togo,多哥
