﻿confirmedCount,confirmedIncr,curedCount,curedIncr,currentConfirmedCount,currentConfirmedIncr,dateId,deadCount,deadIncr,suspectedCount,suspectedCountIncr,countryFullName,countryName
1,1,0,0,1,1,20200303,0,0,0,0,Tunisia,突尼斯
1,0,0,0,1,0,20200304,0,0,0,0,Tunisia,突尼斯
1,0,0,0,1,0,20200305,0,0,0,0,Tunisia,突尼斯
1,0,0,0,1,0,20200306,0,0,0,0,Tunisia,突尼斯
1,0,0,0,1,0,20200307,0,0,0,0,Tunisia,突尼斯
1,0,0,0,1,0,20200308,0,0,0,0,Tunisia,突尼斯
2,1,0,0,2,1,20200309,0,0,0,0,Tunisia,突尼斯
2,0,0,0,2,0,20200310,0,0,0,0,Tunisia,突尼斯
6,4,0,0,6,4,20200311,0,0,0,0,Tunisia,突尼斯
6,0,0,0,6,0,20200312,0,0,0,0,Tunisia,突尼斯
7,1,0,0,7,1,20200313,0,0,0,0,Tunisia,突尼斯
16,9,0,0,16,9,20200314,0,0,0,0,Tunisia,突尼斯
16,0,0,0,16,0,20200315,0,0,0,0,Tunisia,突尼斯
18,2,0,0,18,2,20200316,0,0,0,0,Tunisia,突尼斯
20,2,0,0,20,2,20200317,0,0,0,0,Tunisia,突尼斯
24,4,0,0,24,4,20200318,0,0,0,0,Tunisia,突尼斯
39,15,0,0,39,15,20200319,0,0,0,0,Tunisia,突尼斯
54,15,0,0,54,15,20200320,0,0,0,0,Tunisia,突尼斯
60,6,0,0,59,5,20200321,1,1,0,0,Tunisia,突尼斯
75,15,0,0,72,13,20200322,3,2,0,0,Tunisia,突尼斯
89,14,0,0,86,14,20200323,3,0,0,0,Tunisia,突尼斯
114,25,0,0,111,25,20200324,3,0,0,0,Tunisia,突尼斯
173,59,0,0,168,57,20200325,5,2,0,0,Tunisia,突尼斯
197,24,0,0,192,24,20200326,5,0,0,0,Tunisia,突尼斯
227,30,0,0,221,29,20200327,6,1,0,0,Tunisia,突尼斯
227,0,0,0,221,0,20200328,6,0,0,0,Tunisia,突尼斯
312,85,0,0,304,83,20200329,8,2,0,0,Tunisia,突尼斯
362,50,0,0,352,48,20200330,10,2,0,0,Tunisia,突尼斯
394,32,0,0,384,32,20200331,10,0,0,0,Tunisia,突尼斯
423,29,0,0,411,27,20200401,12,2,0,0,Tunisia,突尼斯
455,32,0,0,441,30,20200402,14,2,0,0,Tunisia,突尼斯
495,40,0,0,477,36,20200403,18,4,0,0,Tunisia,突尼斯
495,0,0,0,477,0,20200404,18,0,0,0,Tunisia,突尼斯
574,79,0,0,552,75,20200405,22,4,0,0,Tunisia,突尼斯
596,22,0,0,574,22,20200406,22,0,0,0,Tunisia,突尼斯
623,27,0,0,600,26,20200407,23,1,0,0,Tunisia,突尼斯
628,5,0,0,604,4,20200408,24,1,0,0,Tunisia,突尼斯
643,15,0,0,618,14,20200409,25,1,0,0,Tunisia,突尼斯
671,28,0,0,646,28,20200410,25,0,0,0,Tunisia,突尼斯
685,14,0,0,657,11,20200411,28,3,0,0,Tunisia,突尼斯
707,22,0,0,676,19,20200412,31,3,0,0,Tunisia,突尼斯
726,19,0,0,692,16,20200413,34,3,0,0,Tunisia,突尼斯
747,21,0,0,713,21,20200414,34,0,0,0,Tunisia,突尼斯
780,33,0,0,745,32,20200415,35,1,0,0,Tunisia,突尼斯
822,42,0,0,785,40,20200416,37,2,0,0,Tunisia,突尼斯
864,42,0,0,827,42,20200417,37,0,0,0,Tunisia,突尼斯
866,2,0,0,829,2,20200418,37,0,0,0,Tunisia,突尼斯
879,13,0,0,841,12,20200419,38,1,0,0,Tunisia,突尼斯
884,5,0,0,846,5,20200420,38,0,0,0,Tunisia,突尼斯
901,17,170,170,693,-153,20200421,38,0,0,0,Tunisia,突尼斯
909,8,190,20,681,-12,20200422,38,0,0,0,Tunisia,突尼斯
918,9,190,0,690,9,20200423,38,0,0,0,Tunisia,突尼斯
922,4,194,4,690,0,20200424,38,0,0,0,Tunisia,突尼斯
939,17,207,13,694,4,20200425,38,0,0,0,Tunisia,突尼斯
939,0,207,0,694,0,20200426,38,0,0,0,Tunisia,突尼斯
967,28,279,72,649,-45,20200427,39,1,0,0,Tunisia,突尼斯
975,8,279,0,656,7,20200428,40,1,0,0,Tunisia,突尼斯
980,5,294,15,646,-10,20200429,40,0,0,0,Tunisia,突尼斯
994,14,305,11,648,2,20200430,41,1,0,0,Tunisia,突尼斯
998,4,316,11,641,-7,20200501,41,0,0,0,Tunisia,突尼斯
1009,11,323,7,644,3,20200502,42,1,0,0,Tunisia,突尼斯
1009,0,323,0,644,0,20200503,42,0,0,0,Tunisia,突尼斯
1009,0,323,0,644,0,20200504,42,0,0,0,Tunisia,突尼斯
1018,9,323,0,652,8,20200505,43,1,0,0,Tunisia,突尼斯
1022,4,482,159,497,-155,20200506,43,0,0,0,Tunisia,突尼斯
1025,3,591,109,391,-106,20200507,43,0,0,0,Tunisia,突尼斯
1026,1,600,9,382,-9,20200508,44,1,0,0,Tunisia,突尼斯
1030,4,600,0,385,3,20200509,45,1,0,0,Tunisia,突尼斯
1032,2,600,0,387,2,20200510,45,0,0,0,Tunisia,突尼斯
1032,0,600,0,387,0,20200511,45,0,0,0,Tunisia,突尼斯
1032,0,600,0,387,0,20200512,45,0,0,0,Tunisia,突尼斯
1032,0,600,0,387,0,20200513,45,0,0,0,Tunisia,突尼斯
1032,0,600,0,387,0,20200514,45,0,0,0,Tunisia,突尼斯
1032,0,600,0,387,0,20200515,45,0,0,0,Tunisia,突尼斯
1035,3,802,202,188,-199,20200516,45,0,0,0,Tunisia,突尼斯
1037,2,802,0,190,2,20200517,45,0,0,0,Tunisia,突尼斯
1037,0,802,0,190,0,20200518,45,0,0,0,Tunisia,突尼斯
1043,6,819,17,178,-12,20200519,46,1,0,0,Tunisia,突尼斯
1044,1,819,0,178,0,20200520,47,1,0,0,Tunisia,突尼斯
1045,1,819,0,179,1,20200521,47,0,0,0,Tunisia,突尼斯
1046,1,819,0,180,1,20200522,47,0,0,0,Tunisia,突尼斯
1048,2,819,0,182,2,20200523,47,0,0,0,Tunisia,突尼斯
1048,0,819,0,181,-1,20200524,48,1,0,0,Tunisia,突尼斯
1051,3,917,98,86,-95,20200525,48,0,0,0,Tunisia,突尼斯
1051,0,917,0,86,0,20200526,48,0,0,0,Tunisia,突尼斯
1051,0,917,0,86,0,20200527,48,0,0,0,Tunisia,突尼斯
1068,17,938,21,82,-4,20200528,48,0,0,0,Tunisia,突尼斯
1068,0,938,0,82,0,20200529,48,0,0,0,Tunisia,突尼斯
1071,3,938,0,85,3,20200530,48,0,0,0,Tunisia,突尼斯
1076,5,938,0,90,5,20200531,48,0,0,0,Tunisia,突尼斯
1077,1,938,0,91,1,20200601,48,0,0,0,Tunisia,突尼斯
1084,7,964,26,72,-19,20200602,48,0,0,0,Tunisia,突尼斯
1086,2,964,0,74,2,20200603,48,0,0,0,Tunisia,突尼斯
1087,1,964,0,74,0,20200604,49,1,0,0,Tunisia,突尼斯
1087,0,964,0,74,0,20200605,49,0,0,0,Tunisia,突尼斯
1087,0,964,0,74,0,20200606,49,0,0,0,Tunisia,突尼斯
1087,0,964,0,74,0,20200607,49,0,0,0,Tunisia,突尼斯
1087,0,964,0,74,0,20200608,49,0,0,0,Tunisia,突尼斯
1087,0,964,0,74,0,20200609,49,0,0,0,Tunisia,突尼斯
1087,0,964,0,74,0,20200610,49,0,0,0,Tunisia,突尼斯
1087,0,964,0,74,0,20200611,49,0,0,0,Tunisia,突尼斯
1087,0,964,0,74,0,20200612,49,0,0,0,Tunisia,突尼斯
1093,6,964,0,80,6,20200613,49,0,0,0,Tunisia,突尼斯
1094,1,964,0,81,1,20200614,49,0,0,0,Tunisia,突尼斯
1096,2,964,0,83,2,20200615,49,0,0,0,Tunisia,突尼斯
1110,14,964,0,97,14,20200616,49,0,0,0,Tunisia,突尼斯
1125,15,1002,38,74,-23,20200617,49,0,0,0,Tunisia,突尼斯
1128,3,1002,0,76,2,20200618,50,1,0,0,Tunisia,突尼斯
1132,4,1002,0,80,4,20200619,50,0,0,0,Tunisia,突尼斯
1146,14,1002,0,94,14,20200620,50,0,0,0,Tunisia,突尼斯
1156,10,1002,0,104,10,20200621,50,0,0,0,Tunisia,突尼斯
1157,1,1002,0,105,1,20200622,50,0,0,0,Tunisia,突尼斯
1159,2,1002,0,107,2,20200623,50,0,0,0,Tunisia,突尼斯
1159,0,1002,0,107,0,20200624,50,0,0,0,Tunisia,突尼斯
1160,1,1002,0,108,1,20200625,50,0,0,0,Tunisia,突尼斯
1162,2,1002,0,110,2,20200626,50,0,0,0,Tunisia,突尼斯
1164,2,1002,0,112,2,20200627,50,0,0,0,Tunisia,突尼斯
1168,4,1002,0,116,4,20200628,50,0,0,0,Tunisia,突尼斯
1169,1,1002,0,117,1,20200629,50,0,0,0,Tunisia,突尼斯
1172,3,1002,0,120,3,20200630,50,0,0,0,Tunisia,突尼斯
1174,2,1002,0,122,2,20200701,50,0,0,0,Tunisia,突尼斯
1175,1,1002,0,123,1,20200702,50,0,0,0,Tunisia,突尼斯
1178,3,1002,0,126,3,20200703,50,0,0,0,Tunisia,突尼斯
1181,3,1002,0,129,3,20200704,50,0,0,0,Tunisia,突尼斯
1181,0,1002,0,129,0,20200705,50,0,0,0,Tunisia,突尼斯
1188,7,1002,0,136,7,20200706,50,0,0,0,Tunisia,突尼斯
1199,11,1002,0,147,11,20200707,50,0,0,0,Tunisia,突尼斯
1205,6,1002,0,153,6,20200708,50,0,0,0,Tunisia,突尼斯
