﻿confirmedCount,confirmedIncr,curedCount,curedIncr,currentConfirmedCount,currentConfirmedIncr,dateId,deadCount,deadIncr,suspectedCount,suspectedCountIncr,countryFullName,countryName
1,1,0,0,1,1,20200312,0,0,0,0,Turkey,土耳其
1,0,0,0,1,0,20200313,0,0,0,0,Turkey,土耳其
5,4,0,0,5,4,20200314,0,0,0,0,Turkey,土耳其
5,0,0,0,5,0,20200315,0,0,0,0,Turkey,土耳其
5,0,0,0,5,0,20200316,0,0,0,0,Turkey,土耳其
47,42,0,0,47,42,20200317,0,0,0,0,Turkey,土耳其
47,0,0,0,47,0,20200318,0,0,0,0,Turkey,土耳其
359,312,0,0,355,308,20200319,4,4,0,0,Turkey,土耳其
670,311,0,0,661,306,20200320,9,5,0,0,Turkey,土耳其
947,277,0,0,926,265,20200321,21,12,0,0,Turkey,土耳其
1236,289,0,0,1206,280,20200322,30,9,0,0,Turkey,土耳其
1529,293,0,0,1492,286,20200323,37,7,0,0,Turkey,土耳其
1872,343,0,0,1828,336,20200324,44,7,0,0,Turkey,土耳其
2433,561,0,0,2374,546,20200325,59,15,0,0,Turkey,土耳其
3629,1196,26,26,3528,1154,20200326,75,16,0,0,Turkey,土耳其
5698,2069,42,16,5564,2036,20200327,92,17,0,0,Turkey,土耳其
7402,1704,70,28,7224,1660,20200328,108,16,0,0,Turkey,土耳其
9217,1815,105,35,8981,1757,20200329,131,23,0,0,Turkey,土耳其
9271,54,105,0,9035,54,20200330,131,0,0,0,Turkey,土耳其
13531,4260,243,138,13074,4039,20200331,214,83,0,0,Turkey,土耳其
15679,2148,333,90,15069,1995,20200401,277,63,0,0,Turkey,土耳其
18135,2456,415,82,17364,2295,20200402,356,79,0,0,Turkey,土耳其
20921,2786,484,69,20012,2648,20200403,425,69,0,0,Turkey,土耳其
23934,3013,786,302,22647,2635,20200404,501,76,0,0,Turkey,土耳其
27069,3135,1042,256,25453,2806,20200405,574,73,0,0,Turkey,土耳其
30217,3148,1326,284,28242,2789,20200406,649,75,0,0,Turkey,土耳其
34109,3892,1582,256,31802,3560,20200407,725,76,0,0,Turkey,土耳其
38226,4117,1846,264,35568,3766,20200408,812,87,0,0,Turkey,土耳其
42282,4056,2142,296,39232,3664,20200409,908,96,0,0,Turkey,土耳其
47029,4747,2423,281,43600,4368,20200410,1006,98,0,0,Turkey,土耳其
52167,5138,2965,542,48101,4501,20200411,1101,95,0,0,Turkey,土耳其
56956,4789,3446,481,52312,4211,20200412,1198,97,0,0,Turkey,土耳其
61049,4093,3957,511,55796,3484,20200413,1296,98,0,0,Turkey,土耳其
65111,4062,4799,842,58909,3113,20200414,1403,107,0,0,Turkey,土耳其
69392,4281,5674,875,62200,3291,20200415,1518,115,0,0,Turkey,土耳其
74193,4801,7089,1415,65461,3261,20200416,1643,125,0,0,Turkey,土耳其
78546,4353,8631,1542,68146,2685,20200417,1769,126,0,0,Turkey,土耳其
82329,3783,10453,1822,69986,1840,20200418,1890,121,0,0,Turkey,土耳其
86306,3977,11976,1523,72313,2327,20200419,2017,127,0,0,Turkey,土耳其
90980,4674,13430,1454,75410,3097,20200420,2140,123,0,0,Turkey,土耳其
95591,4611,14918,1488,78414,3004,20200421,2259,119,0,0,Turkey,土耳其
98674,3083,16477,1559,79821,1407,20200422,2376,117,0,0,Turkey,土耳其
101790,3116,18491,2014,80808,987,20200423,2491,115,0,0,Turkey,土耳其
104912,3122,21737,3246,80575,-233,20200424,2600,109,0,0,Turkey,土耳其
107773,2861,25582,3845,79485,-1090,20200425,2706,106,0,0,Turkey,土耳其
110130,2357,29140,3558,78185,-1300,20200426,2805,99,0,0,Turkey,土耳其
112261,2131,33791,4651,75570,-2615,20200427,2900,95,0,0,Turkey,土耳其
114653,2392,38809,5018,72852,-2718,20200428,2992,92,0,0,Turkey,土耳其
117589,2936,44022,5213,70486,-2366,20200429,3081,89,0,0,Turkey,土耳其
120204,2615,48886,4864,68144,-2342,20200430,3174,93,0,0,Turkey,土耳其
122392,2188,53808,4922,65326,-2818,20200501,3258,84,0,0,Turkey,土耳其
124375,1983,58259,4451,62780,-2546,20200502,3336,78,0,0,Turkey,土耳其
126045,1670,63151,4892,59497,-3283,20200503,3397,61,0,0,Turkey,土耳其
127659,1614,68166,5015,56032,-3465,20200504,3461,64,0,0,Turkey,土耳其
129491,1832,73285,5119,52686,-3346,20200505,3520,59,0,0,Turkey,土耳其
131744,2253,78202,4917,49958,-2728,20200506,3584,64,0,0,Turkey,土耳其
133721,1977,82984,4782,47096,-2862,20200507,3641,57,0,0,Turkey,土耳其
135569,1848,86396,3412,45484,-1612,20200508,3689,48,0,0,Turkey,土耳其
137115,1546,89480,3084,43896,-1588,20200509,3739,50,0,0,Turkey,土耳其
138657,1542,92691,3211,42180,-1716,20200510,3786,47,0,0,Turkey,土耳其
139771,1114,95780,3089,40150,-2030,20200511,3841,55,0,0,Turkey,土耳其
141475,1704,98889,3109,38692,-1458,20200512,3894,53,0,0,Turkey,土耳其
143114,1639,101715,2826,37447,-1245,20200513,3952,58,0,0,Turkey,土耳其
144749,1635,104030,2315,36712,-735,20200514,4007,55,0,0,Turkey,土耳其
146457,1708,106133,2103,36269,-443,20200515,4055,48,0,0,Turkey,土耳其
148067,1610,108137,2004,35834,-435,20200516,4096,41,0,0,Turkey,土耳其
149435,1368,109962,1825,35333,-501,20200517,4140,44,0,0,Turkey,土耳其
150593,1158,111577,1615,34845,-488,20200518,4171,31,0,0,Turkey,土耳其
151615,1022,112895,1318,34521,-324,20200519,4199,28,0,0,Turkey,土耳其
152587,972,113987,1092,34378,-143,20200520,4222,23,0,0,Turkey,土耳其
153548,961,114990,1003,34309,-69,20200521,4249,27,0,0,Turkey,土耳其
154500,952,116111,1121,34113,-196,20200522,4276,27,0,0,Turkey,土耳其
155686,1186,117602,1491,33776,-337,20200523,4308,32,0,0,Turkey,土耳其
156827,1141,118694,1092,33793,17,20200524,4340,32,0,0,Turkey,土耳其
157814,987,120015,1321,33430,-363,20200525,4369,29,0,0,Turkey,土耳其
158762,948,121507,1492,32858,-572,20200526,4397,28,0,0,Turkey,土耳其
159797,1035,122793,1286,32573,-285,20200527,4431,34,0,0,Turkey,土耳其
160979,1182,124369,1576,32149,-424,20200528,4461,30,0,0,Turkey,土耳其
162120,1141,125963,1594,31668,-481,20200529,4489,28,0,0,Turkey,土耳其
163103,983,126984,1021,31604,-64,20200530,4515,26,0,0,Turkey,土耳其
163942,839,127973,989,31429,-175,20200531,4540,25,0,0,Turkey,土耳其
164769,827,128947,974,31259,-170,20200601,4563,23,0,0,Turkey,土耳其
165555,786,129921,974,31049,-210,20200602,4585,22,0,0,Turkey,土耳其
166422,867,130852,931,30961,-88,20200603,4609,24,0,0,Turkey,土耳其
167410,988,131778,926,31002,41,20200604,4630,21,0,0,Turkey,土耳其
168340,930,133400,1622,30292,-710,20200605,4648,18,0,0,Turkey,土耳其
169218,878,135322,1922,29228,-1064,20200606,4668,20,0,0,Turkey,土耳其
170132,914,137969,2647,27471,-1757,20200607,4692,24,0,0,Turkey,土耳其
171121,989,141380,3411,25030,-2441,20200608,4711,19,0,0,Turkey,土耳其
172114,993,144598,3218,22787,-2243,20200609,4729,18,0,0,Turkey,土耳其
173036,922,146839,2241,21451,-1336,20200610,4746,17,0,0,Turkey,土耳其
174023,987,147860,1021,21400,-51,20200611,4763,17,0,0,Turkey,土耳其
175218,1195,149102,1242,21338,-62,20200612,4778,15,0,0,Turkey,土耳其
176677,1459,150087,985,21798,460,20200613,4792,14,0,0,Turkey,土耳其
178239,1562,151417,1330,22015,217,20200614,4807,15,0,0,Turkey,土耳其
179831,1592,152364,947,22642,627,20200615,4825,18,0,0,Turkey,土耳其
181298,1467,153379,1015,23077,435,20200616,4842,17,0,0,Turkey,土耳其
182727,1429,154640,1261,23226,149,20200617,4861,19,0,0,Turkey,土耳其
184031,1304,156022,1382,23127,-99,20200618,4882,21,0,0,Turkey,土耳其
185245,1214,157516,1494,22824,-303,20200619,4905,23,0,0,Turkey,土耳其
186493,1248,158828,1312,22738,-86,20200620,4927,22,0,0,Turkey,土耳其
187685,1192,160240,1412,22495,-243,20200621,4950,23,0,0,Turkey,土耳其
188897,1212,161533,1293,22390,-105,20200622,4974,24,0,0,Turkey,土耳其
190165,1268,162848,1315,22316,-74,20200623,5001,27,0,0,Turkey,土耳其
191657,1492,164234,1386,22398,82,20200624,5025,24,0,0,Turkey,土耳其
193115,1458,165706,1472,22363,-35,20200625,5046,21,0,0,Turkey,土耳其
194511,1396,167198,1492,22248,-115,20200626,5065,19,0,0,Turkey,土耳其
195883,1372,169182,1984,21619,-629,20200627,5082,17,0,0,Turkey,土耳其
197239,1356,170595,1413,21547,-72,20200628,5097,15,0,0,Turkey,土耳其
198613,1374,171809,1214,21689,142,20200629,5115,18,0,0,Turkey,土耳其
199906,1293,173111,1302,21664,-25,20200630,5131,16,0,0,Turkey,土耳其
201098,1192,175422,2311,20526,-1138,20200701,5150,19,0,0,Turkey,土耳其
202284,1186,176965,1543,20152,-374,20200702,5167,17,0,0,Turkey,土耳其
203456,1172,178278,1313,19992,-160,20200703,5186,19,0,0,Turkey,土耳其
204610,1154,179492,1214,19912,-80,20200704,5206,20,0,0,Turkey,土耳其
205758,1148,180680,1188,19853,-59,20200705,5225,19,0,0,Turkey,土耳其
206844,1086,182995,2315,18608,-1245,20200706,5241,16,0,0,Turkey,土耳其
207897,1053,185292,2297,17345,-1263,20200707,5260,19,0,0,Turkey,土耳其
208938,1041,187511,2219,16145,-1200,20200708,5282,22,0,0,Turkey,土耳其
