﻿confirmedCount,confirmedIncr,curedCount,curedIncr,currentConfirmedCount,currentConfirmedIncr,dateId,deadCount,deadIncr,suspectedCount,suspectedCountIncr,countryFullName,countryName
1,1,0,0,1,1,20200304,0,0,0,0,Ukraine,乌克兰
1,0,0,0,1,0,20200305,0,0,0,0,Ukraine,乌克兰
1,0,0,0,1,0,20200306,0,0,0,0,Ukraine,乌克兰
1,0,0,0,1,0,20200307,0,0,0,0,Ukraine,乌克兰
1,0,0,0,1,0,20200308,0,0,0,0,Ukraine,乌克兰
1,0,0,0,1,0,20200309,0,0,0,0,Ukraine,乌克兰
1,0,0,0,1,0,20200310,0,0,0,0,Ukraine,乌克兰
1,0,0,0,1,0,20200311,0,0,0,0,Ukraine,乌克兰
1,0,0,0,1,0,20200312,0,0,0,0,Ukraine,乌克兰
3,2,0,0,3,2,20200313,0,0,0,0,Ukraine,乌克兰
3,0,0,0,2,-1,20200314,1,1,0,0,Ukraine,乌克兰
3,0,0,0,2,0,20200315,1,0,0,0,Ukraine,乌克兰
3,0,0,0,2,0,20200316,1,0,0,0,Ukraine,乌克兰
7,4,0,0,6,4,20200317,1,0,0,0,Ukraine,乌克兰
14,7,0,0,12,6,20200318,2,1,0,0,Ukraine,乌克兰
21,7,0,0,19,7,20200319,2,0,0,0,Ukraine,乌克兰
29,8,0,0,26,7,20200320,3,1,0,0,Ukraine,乌克兰
47,18,0,0,44,18,20200321,3,0,0,0,Ukraine,乌克兰
47,0,0,0,44,0,20200322,3,0,0,0,Ukraine,乌克兰
73,26,1,1,69,25,20200323,3,0,0,0,Ukraine,乌克兰
97,24,1,0,93,24,20200324,3,0,0,0,Ukraine,乌克兰
145,48,1,0,139,46,20200325,5,2,0,0,Ukraine,乌克兰
156,11,1,0,150,11,20200326,5,0,0,0,Ukraine,乌克兰
218,62,1,0,212,62,20200327,5,0,0,0,Ukraine,乌克兰
356,138,5,4,342,130,20200328,9,4,0,0,Ukraine,乌克兰
475,119,6,1,459,117,20200329,10,1,0,0,Ukraine,乌克兰
548,73,8,2,527,68,20200330,13,3,0,0,Ukraine,乌克兰
645,97,10,2,618,91,20200331,17,4,0,0,Ukraine,乌克兰
794,149,13,3,761,143,20200401,20,3,0,0,Ukraine,乌克兰
897,103,19,6,856,95,20200402,22,2,0,0,Ukraine,乌克兰
1072,175,19,0,1030,174,20200403,23,1,0,0,Ukraine,乌克兰
1225,153,25,6,1168,138,20200404,32,9,0,0,Ukraine,乌克兰
1308,83,28,3,1243,75,20200405,37,5,0,0,Ukraine,乌克兰
1319,11,28,0,1253,10,20200406,38,1,0,0,Ukraine,乌克兰
1462,143,28,0,1389,136,20200407,45,7,0,0,Ukraine,乌克兰
1668,206,35,7,1581,192,20200408,52,7,0,0,Ukraine,乌克兰
1892,224,35,0,1800,219,20200409,57,5,0,0,Ukraine,乌克兰
2203,311,35,0,2099,299,20200410,69,12,0,0,Ukraine,乌克兰
2511,308,35,0,2403,304,20200411,73,4,0,0,Ukraine,乌克兰
2777,266,89,54,2605,202,20200412,83,10,0,0,Ukraine,乌克兰
3102,325,97,8,2912,307,20200413,93,10,0,0,Ukraine,乌克兰
3372,270,119,22,3155,243,20200414,98,5,0,0,Ukraine,乌克兰
3764,392,143,24,3513,358,20200415,108,10,0,0,Ukraine,乌克兰
4162,398,186,43,3860,347,20200416,116,8,0,0,Ukraine,乌克兰
4662,500,246,60,4291,431,20200417,125,9,0,0,Ukraine,乌克兰
5106,444,275,29,4698,407,20200418,133,8,0,0,Ukraine,乌克兰
5449,343,347,72,4961,263,20200419,141,8,0,0,Ukraine,乌克兰
5710,261,359,12,5200,239,20200420,151,10,0,0,Ukraine,乌克兰
6125,415,367,8,5597,397,20200421,161,10,0,0,Ukraine,乌克兰
6592,467,467,100,5951,354,20200422,174,13,0,0,Ukraine,乌克兰
7170,578,504,37,6479,528,20200423,187,13,0,0,Ukraine,乌克兰
7647,477,601,97,6853,374,20200424,193,6,0,0,Ukraine,乌克兰
8125,478,782,181,7142,289,20200425,201,8,0,0,Ukraine,乌克兰
8617,492,782,0,7626,484,20200426,209,8,0,0,Ukraine,乌克兰
9009,392,864,82,7925,299,20200427,220,11,0,0,Ukraine,乌克兰
9410,401,992,128,8179,254,20200428,239,19,0,0,Ukraine,乌克兰
9866,456,1103,111,8513,334,20200429,250,11,0,0,Ukraine,乌克兰
10406,540,1238,135,8907,394,20200430,261,11,0,0,Ukraine,乌克兰
10861,455,1413,175,9176,269,20200501,272,11,0,0,Ukraine,乌克兰
11411,550,1498,85,9634,458,20200502,279,7,0,0,Ukraine,乌克兰
11913,502,1547,49,10078,444,20200503,288,9,0,0,Ukraine,乌克兰
11913,0,1547,0,10078,0,20200504,288,0,0,0,Ukraine,乌克兰
12697,784,1875,328,10506,428,20200505,316,28,0,0,Ukraine,乌克兰
13184,487,2097,222,10760,254,20200506,327,11,0,0,Ukraine,乌克兰
13184,0,2097,0,10760,0,20200507,327,0,0,0,Ukraine,乌克兰
14195,1011,2097,0,11737,977,20200508,361,34,0,0,Ukraine,乌克兰
14710,515,2909,812,11425,-312,20200509,376,15,0,0,Ukraine,乌克兰
15232,522,2909,0,11932,507,20200510,391,15,0,0,Ukraine,乌克兰
15648,416,2909,0,12331,399,20200511,408,17,0,0,Ukraine,乌克兰
16023,375,2909,0,12689,358,20200512,425,17,0,0,Ukraine,乌克兰
16425,402,3716,807,12270,-419,20200513,439,14,0,0,Ukraine,乌克兰
16847,422,4143,427,12248,-22,20200514,456,17,0,0,Ukraine,乌克兰
17330,483,4143,0,12711,463,20200515,476,20,0,0,Ukraine,乌克兰
17858,528,4143,0,13218,507,20200516,497,21,0,0,Ukraine,乌克兰
18291,433,4143,0,13634,416,20200517,514,17,0,0,Ukraine,乌克兰
18616,325,5276,1133,12805,-829,20200518,535,21,0,0,Ukraine,乌克兰
18876,260,5276,0,13052,247,20200519,548,13,0,0,Ukraine,乌克兰
19230,354,5955,679,12711,-341,20200520,564,16,0,0,Ukraine,乌克兰
19706,476,5955,0,13172,461,20200521,579,15,0,0,Ukraine,乌克兰
20148,442,6585,630,12975,-197,20200522,588,9,0,0,Ukraine,乌克兰
20580,432,6929,344,13046,71,20200523,605,17,0,0,Ukraine,乌克兰
20986,406,7099,170,13270,224,20200524,617,12,0,0,Ukraine,乌克兰
21245,259,7099,0,13523,253,20200525,623,6,0,0,Ukraine,乌克兰
21584,339,7575,476,13365,-158,20200526,644,21,0,0,Ukraine,乌克兰
21905,321,7575,0,13672,307,20200527,658,14,0,0,Ukraine,乌克兰
22382,477,7575,0,14138,466,20200528,669,11,0,0,Ukraine,乌克兰
22811,429,7575,0,14557,419,20200529,679,10,0,0,Ukraine,乌克兰
23204,393,7575,0,14933,376,20200530,696,17,0,0,Ukraine,乌克兰
23672,468,7575,0,15389,456,20200531,708,12,0,0,Ukraine,乌克兰
24012,340,7575,0,15719,330,20200601,718,10,0,0,Ukraine,乌克兰
24340,328,7575,0,16038,319,20200602,727,9,0,0,Ukraine,乌克兰
24823,483,7575,0,16513,475,20200603,735,8,0,0,Ukraine,乌克兰
25411,588,7575,0,17088,575,20200604,748,13,0,0,Ukraine,乌克兰
25964,553,7575,0,17627,539,20200605,762,14,0,0,Ukraine,乌克兰
26514,550,7575,0,18162,535,20200606,777,15,0,0,Ukraine,乌克兰
26999,485,12054,4479,14157,-4005,20200607,788,11,0,0,Ukraine,乌克兰
27462,463,12054,0,14611,454,20200608,797,9,0,0,Ukraine,乌克兰
27856,394,12054,0,14992,381,20200609,810,13,0,0,Ukraine,乌克兰
28381,525,12054,0,15494,502,20200610,833,23,0,0,Ukraine,乌克兰
29070,689,12054,0,16162,668,20200611,854,21,0,0,Ukraine,乌克兰
29753,683,12054,0,16829,667,20200612,870,16,0,0,Ukraine,乌克兰
30506,753,12054,0,17572,743,20200613,880,10,0,0,Ukraine,乌克兰
31154,648,12054,0,18211,639,20200614,889,9,0,0,Ukraine,乌克兰
31810,656,12054,0,18855,644,20200615,901,12,0,0,Ukraine,乌克兰
32476,666,12054,0,19509,654,20200616,913,12,0,0,Ukraine,乌克兰
32476,0,12054,0,19509,0,20200617,913,0,0,0,Ukraine,乌克兰
34063,1587,12054,0,21043,1534,20200618,966,53,0,0,Ukraine,乌克兰
34984,921,12054,0,21945,902,20200619,985,19,0,0,Ukraine,乌克兰
35825,841,12054,0,22777,832,20200620,994,9,0,0,Ukraine,乌克兰
36560,735,12054,0,23504,727,20200621,1002,8,0,0,Ukraine,乌克兰
37241,681,12054,0,24175,671,20200622,1012,10,0,0,Ukraine,乌克兰
38074,833,12054,0,24985,810,20200623,1035,23,0,0,Ukraine,乌克兰
39014,940,12054,0,25909,924,20200624,1051,16,0,0,Ukraine,乌克兰
40008,994,12054,0,26887,978,20200625,1067,16,0,0,Ukraine,乌克兰
41117,1109,12054,0,27977,1090,20200626,1086,19,0,0,Ukraine,乌克兰
41117,0,12054,0,27977,0,20200627,1086,0,0,0,Ukraine,乌克兰
42982,1865,18934,6880,22919,-5058,20200628,1129,43,0,0,Ukraine,乌克兰
43628,646,18934,0,23547,628,20200629,1147,18,0,0,Ukraine,乌克兰
44334,706,18934,0,24241,694,20200630,1159,12,0,0,Ukraine,乌克兰
44998,664,19548,614,24277,36,20200701,1173,14,0,0,Ukraine,乌克兰
45888,890,19548,0,25155,878,20200702,1185,12,0,0,Ukraine,乌克兰
46763,875,19548,0,26003,848,20200703,1212,27,0,0,Ukraine,乌克兰
47677,914,19548,0,26902,899,20200704,1227,15,0,0,Ukraine,乌克兰
48500,823,21376,1828,25875,-1027,20200705,1249,22,0,0,Ukraine,乌克兰
49043,543,21376,0,26405,530,20200706,1262,13,0,0,Ukraine,乌克兰
49607,564,21376,0,26948,543,20200707,1283,21,0,0,Ukraine,乌克兰
50414,807,21376,0,27731,783,20200708,1307,24,0,0,Ukraine,乌克兰
