﻿confirmedCount,confirmedIncr,curedCount,curedIncr,currentConfirmedCount,currentConfirmedIncr,dateId,deadCount,deadIncr,suspectedCount,suspectedCountIncr,countryFullName,countryName
1,1,0,0,1,1,20200123,0,0,0,0,United States of America,美国
1,0,0,0,1,0,20200124,0,0,0,0,United States of America,美国
2,1,0,0,2,1,20200125,0,0,0,0,United States of America,美国
2,0,0,0,2,0,20200126,0,0,0,0,United States of America,美国
5,3,0,0,5,3,20200127,0,0,0,0,United States of America,美国
5,0,0,0,5,0,20200128,0,0,0,0,United States of America,美国
5,0,0,0,5,0,20200129,0,0,0,0,United States of America,美国
5,0,0,0,5,0,20200130,0,0,0,0,United States of America,美国
6,1,0,0,6,1,20200131,0,0,0,0,United States of America,美国
7,1,0,0,7,1,20200201,0,0,0,0,United States of America,美国
8,1,0,0,8,1,20200202,0,0,0,0,United States of America,美国
11,3,0,0,11,3,20200203,0,0,0,0,United States of America,美国
11,0,0,0,11,0,20200204,0,0,0,0,United States of America,美国
11,0,0,0,11,0,20200205,0,0,0,0,United States of America,美国
12,1,0,0,12,1,20200206,0,0,0,0,United States of America,美国
12,0,0,0,12,0,20200207,0,0,0,0,United States of America,美国
12,0,0,0,12,0,20200208,0,0,0,0,United States of America,美国
12,0,0,0,12,0,20200209,0,0,0,0,United States of America,美国
12,0,0,0,12,0,20200210,0,0,0,0,United States of America,美国
13,1,0,0,13,1,20200211,0,0,0,0,United States of America,美国
13,0,0,0,13,0,20200212,0,0,0,0,United States of America,美国
14,1,0,0,14,1,20200213,0,0,0,0,United States of America,美国
15,1,0,0,15,1,20200214,0,0,0,0,United States of America,美国
15,0,0,0,15,0,20200215,0,0,0,0,United States of America,美国
15,0,0,0,15,0,20200216,0,0,0,0,United States of America,美国
15,0,0,0,15,0,20200217,0,0,0,0,United States of America,美国
15,0,0,0,15,0,20200218,0,0,0,0,United States of America,美国
15,0,0,0,15,0,20200219,0,0,0,0,United States of America,美国
15,0,0,0,15,0,20200220,0,0,0,0,United States of America,美国
15,0,0,0,15,0,20200221,0,0,0,0,United States of America,美国
35,20,0,0,35,20,20200222,0,0,0,0,United States of America,美国
35,0,0,0,35,0,20200223,0,0,0,0,United States of America,美国
35,0,0,0,35,0,20200224,0,0,0,0,United States of America,美国
53,18,0,0,53,18,20200225,0,0,0,0,United States of America,美国
53,0,0,0,53,0,20200226,0,0,0,0,United States of America,美国
59,6,0,0,59,6,20200227,0,0,0,0,United States of America,美国
59,0,0,0,59,0,20200228,0,0,0,0,United States of America,美国
62,3,0,0,62,3,20200229,0,0,0,0,United States of America,美国
62,0,0,0,62,0,20200301,0,0,0,0,United States of America,美国
62,0,0,0,62,0,20200302,0,0,0,0,United States of America,美国
64,2,0,0,62,0,20200303,2,2,0,0,United States of America,美国
108,44,0,0,102,40,20200304,6,4,0,0,United States of America,美国
129,21,0,0,120,18,20200305,9,3,0,0,United States of America,美国
148,19,0,0,138,18,20200306,10,1,0,0,United States of America,美国
213,65,0,0,202,64,20200307,11,1,0,0,United States of America,美国
213,0,0,0,202,0,20200308,11,0,0,0,United States of America,美国
213,0,0,0,202,0,20200309,11,0,0,0,United States of America,美国
472,259,0,0,453,251,20200310,19,8,0,0,United States of America,美国
696,224,0,0,671,218,20200311,25,6,0,0,United States of America,美国
987,291,0,0,958,287,20200312,29,4,0,0,United States of America,美国
1264,277,0,0,1228,270,20200313,36,7,0,0,United States of America,美国
2033,769,0,0,1986,758,20200314,47,11,0,0,United States of America,美国
2655,622,10,10,2589,603,20200315,56,9,0,0,United States of America,美国
3244,589,10,0,3172,583,20200316,62,6,0,0,United States of America,美国
4629,1385,48,38,4491,1319,20200317,90,28,0,0,United States of America,美国
6331,1702,74,26,6152,1661,20200318,105,15,0,0,United States of America,美国
13842,7511,121,47,13513,7361,20200319,208,103,0,0,United States of America,美国
19101,5259,121,0,18736,5223,20200320,244,36,0,0,United States of America,美国
25493,6392,171,50,25021,6285,20200321,301,57,0,0,United States of America,美国
33073,7580,178,7,32486,7465,20200322,409,108,0,0,United States of America,美国
43214,10141,178,0,42503,10017,20200323,533,124,0,0,United States of America,美国
53588,10374,333,155,52552,10049,20200324,703,170,0,0,United States of America,美国
65778,12190,361,28,64475,11923,20200325,942,239,0,0,United States of America,美国
83507,17729,680,319,81626,17151,20200326,1201,259,0,0,United States of America,美国
101657,18150,869,189,99207,17581,20200327,1581,380,0,0,United States of America,美国
121117,19460,991,122,118116,18909,20200328,2010,429,0,0,United States of America,美国
140886,19769,2665,1674,135754,17638,20200329,2467,457,0,0,United States of America,美国
160020,19134,4865,2200,152202,16448,20200330,2953,486,0,0,United States of America,美国
186265,26245,6910,2045,175545,23343,20200331,3810,857,0,0,United States of America,美国
213372,27107,8434,1524,200181,24636,20200401,4757,947,0,0,United States of America,美国
242182,28810,8991,557,227341,27160,20200402,5850,1093,0,0,United States of America,美国
276995,34813,9772,781,259817,32476,20200403,7406,1556,0,0,United States of America,美国
308850,31855,14652,4880,285791,25974,20200404,8407,1001,0,0,United States of America,美国
335524,26674,17266,2614,308696,22905,20200405,9562,1155,0,0,United States of America,美国
362759,27235,17582,316,334488,25792,20200406,10689,1127,0,0,United States of America,美国
396223,33464,21849,4267,361530,27042,20200407,12844,2155,0,0,United States of America,美国
423135,26912,22539,690,386206,24676,20200408,14390,1546,0,0,United States of America,美国
462135,39000,25410,2871,420212,34006,20200409,16513,2123,0,0,United States of America,美国
496535,34400,28790,3380,449159,28947,20200410,18586,2073,0,0,United States of America,美国
526396,29861,31270,2480,474663,25504,20200411,20463,1877,0,0,United States of America,美国
550016,23620,32314,1044,495969,21306,20200412,21733,1270,0,0,United States of America,美国
581679,31663,43738,11424,514337,18368,20200413,23604,1871,0,0,United States of America,美国
602989,21310,46515,2777,530899,16562,20200414,25575,1971,0,0,United States of America,美国
636350,33361,52096,5581,555928,25029,20200415,28326,2751,0,0,United States of America,美国
667225,30875,54378,2282,579979,24051,20200416,32868,4542,0,0,United States of America,美国
700282,33057,58587,4209,604873,24894,20200417,36822,3954,0,0,United States of America,美国
732197,31915,64840,6253,628693,23820,20200418,38664,1842,0,0,United States of America,美国
755533,23336,67172,2332,647900,19207,20200419,40461,1797,0,0,United States of America,美国
783290,27757,72015,4843,669403,21503,20200420,41872,1411,0,0,United States of America,美国
823257,39967,75179,3164,703273,33870,20200421,44805,2933,0,0,United States of America,美国
837947,14690,77340,2161,714110,10837,20200422,46497,1692,0,0,United States of America,美国
873137,35190,79938,2598,743451,29341,20200423,49748,3251,0,0,United States of America,美国
890524,17387,96677,16739,742830,-621,20200424,51017,1269,0,0,United States of America,美国
936293,45769,99792,3115,782990,40160,20200425,53511,2494,0,0,United States of America,美国
963379,27086,106946,7154,801623,18633,20200426,54810,1299,0,0,United States of America,美国
985443,22064,111109,4163,818190,16567,20200427,56144,1334,0,0,United States of America,美国
1011600,26157,115398,4289,837859,19669,20200428,58343,2199,0,0,United States of America,美国
1037526,25926,120433,5035,856247,18388,20200429,60846,2503,0,0,United States of America,美国
1067289,29763,125949,5516,878470,22223,20200430,62870,2024,0,0,United States of America,美国
1102703,35414,164015,38066,873899,-4571,20200501,64789,1919,0,0,United States of America,美国
1127712,25009,175382,11367,886255,12356,20200502,66075,1286,0,0,United States of America,美国
1156924,29212,180152,4770,909274,23019,20200503,67498,1423,0,0,United States of America,美国
1178906,21982,187180,7028,923037,13763,20200504,68689,1191,0,0,United States of America,美国
1203673,24767,189791,2611,942851,19814,20200505,71031,2342,0,0,United States of America,美国
1223468,19795,189910,119,960519,17668,20200506,73039,2008,0,0,United States of America,美国
1254740,31272,195036,5126,984161,23642,20200507,75543,2504,0,0,United States of America,美国
1283829,29089,198993,3957,1007658,23497,20200508,77178,1635,0,0,United States of America,美国
1307676,23847,212534,13541,1016449,8791,20200509,78693,1515,0,0,United States of America,美国
1328201,20525,216169,3635,1032524,16075,20200510,79508,815,0,0,United States of America,美国
1336163,7962,232733,16564,1023133,-9391,20200511,80297,789,0,0,United States of America,美国
1369314,33151,230287,-2446,1056687,33554,20200512,82340,2043,0,0,United States of America,美国
1388936,19622,243430,13143,1061715,5028,20200513,83791,1451,0,0,United States of America,美国
1416528,27592,246414,2984,1084307,22592,20200514,85807,2016,0,0,United States of America,美国
1441172,24644,250747,4333,1102998,18691,20200515,87427,1620,0,0,United States of America,美国
1465066,23894,261079,10332,1115312,12314,20200516,88675,1248,0,0,United States of America,美国
1486375,21309,272265,11186,1124561,9249,20200517,89549,874,0,0,United States of America,美国
1506732,20357,283178,10913,1133318,8757,20200518,90236,687,0,0,United States of America,美国
1525367,18635,289392,6214,1144245,10927,20200519,91730,1494,0,0,United States of America,美国
1549052,23685,294312,4920,1161526,17281,20200520,93214,1484,0,0,United States of America,美国
1576886,27834,298418,4106,1183780,22254,20200521,94688,1474,0,0,United States of America,美国
1600481,23595,350135,51717,1154425,-29355,20200522,95921,1233,0,0,United States of America,美国
1618948,18467,361239,11104,1160726,6301,20200523,96983,1062,0,0,United States of America,美国
1641585,22637,366736,5497,1177163,16437,20200524,97686,703,0,0,United States of America,美国
1662375,20790,379157,12421,1185000,7837,20200525,98218,532,0,0,United States of America,美国
1680301,17926,384902,5745,1196524,11524,20200526,98875,657,0,0,United States of America,美国
1698581,18280,391508,6606,1206797,10273,20200527,100276,1401,0,0,United States of America,美国
1719855,21274,399991,8483,1218302,11505,20200528,101562,1286,0,0,United States of America,美国
1745606,25751,406446,6455,1236362,18060,20200529,102798,1236,0,0,United States of America,美国
1769772,24166,416461,10015,1249543,13181,20200530,103768,970,0,0,United States of America,美国
1786593,16821,444758,28297,1237516,-12027,20200531,104319,551,0,0,United States of America,美国
1808291,21698,458231,13473,1245057,7541,20200601,105003,684,0,0,United States of America,美国
1831730,23439,463868,5637,1261682,16625,20200602,106180,1177,0,0,United States of America,美国
1850144,18414,479258,15390,1263787,2105,20200603,107099,919,0,0,United States of America,美国
1870156,20012,485002,5744,1277103,13316,20200604,108051,952,0,0,United States of America,美国
1894502,24346,491706,6704,1293796,16693,20200605,109000,949,0,0,United States of America,美国
1919430,24928,500849,9143,1308790,14994,20200606,109791,791,0,0,United States of America,美国
1938931,19501,506367,5518,1322083,13293,20200607,110481,690,0,0,United States of America,美国
1956527,17596,506367,0,1339228,17145,20200608,110932,451,0,0,United States of America,美国
1973803,17276,518522,12155,1343530,4302,20200609,111751,819,0,0,United States of America,美国
1999313,25510,533504,14982,1352976,9446,20200610,112833,1082,0,0,United States of America,美国
2018875,19562,538645,5141,1366530,13554,20200611,113700,867,0,0,United States of America,美国
2044572,25697,547386,8741,1382573,16043,20200612,114613,913,0,0,United States of America,美国
2069270,24698,556606,9220,1397394,14821,20200613,115270,657,0,0,United States of America,美国
2093448,24178,561816,5210,1415902,18508,20200614,115730,460,0,0,United States of America,美国
2113366,19918,576334,14518,1420897,4995,20200615,116135,405,0,0,United States of America,美国
2134973,21607,583503,7169,1434616,13719,20200616,116854,719,0,0,United States of America,美国
2161593,26620,592191,8688,1451708,17092,20200617,117694,840,0,0,United States of America,美国
2185873,24280,599115,6924,1468424,16716,20200618,118334,640,0,0,United States of America,美国
2219675,33802,606715,7600,1493863,25439,20200619,119097,763,0,0,United States of America,美国
2251205,31530,617460,10745,1514091,20228,20200620,119654,557,0,0,United States of America,美国
2278588,27383,622133,4673,1536496,22405,20200621,119959,305,0,0,United States of America,美国
2306247,27659,640198,18065,1545698,9202,20200622,120351,392,0,0,United States of America,美国
2342739,36492,647548,7350,1574015,28317,20200623,121176,825,0,0,United States of America,美国
2380065,37326,656161,8613,1601972,27957,20200624,121932,756,0,0,United States of America,美国
2452460,72395,663562,7401,1663102,61130,20200625,125796,3864,0,0,United States of America,美国
2467510,15050,670809,7247,1671723,8621,20200626,124978,-818,0,0,United States of America,美国
2504492,36982,679308,8499,1699712,27989,20200627,125472,494,0,0,United States of America,美国
2547621,43129,685164,5856,1736689,36977,20200628,125768,296,0,0,United States of America,美国
2586844,39223,705203,20039,1755514,18825,20200629,126127,359,0,0,United States of America,美国
2629372,42528,720631,15428,1781419,25905,20200630,127322,1195,0,0,United States of America,美国
2678202,48830,729994,9363,1820238,38819,20200701,127970,648,0,0,United States of America,美国
2732639,54437,781970,51976,1822018,1780,20200702,128651,681,0,0,United States of America,美国
2788395,55756,790404,8434,1868685,46667,20200703,129306,655,0,0,United States of America,美国
2836113,47718,894325,103921,1812134,-56551,20200704,129654,348,0,0,United States of America,美国
2874817,38704,906763,12438,1838183,26049,20200705,129871,217,0,0,United States of America,美国
2922000,47183,924148,17385,1867644,29461,20200706,130208,337,0,0,United States of America,美国
2983961,61961,936476,12328,1916217,48573,20200707,131268,1060,0,0,United States of America,美国
3040957,56996,936476,0,1972386,56169,20200708,132095,827,0,0,United States of America,美国
