﻿confirmedCount,confirmedIncr,curedCount,curedIncr,currentConfirmedCount,currentConfirmedIncr,dateId,deadCount,deadIncr,suspectedCount,suspectedCountIncr,countryFullName,countryName
2,2,0,0,2,2,20200317,0,0,0,0,United States Virgin Islands,美属维尔京群岛
2,0,0,0,2,0,20200318,0,0,0,0,United States Virgin Islands,美属维尔京群岛
2,0,0,0,2,0,20200319,0,0,0,0,United States Virgin Islands,美属维尔京群岛
3,1,0,0,3,1,20200320,0,0,0,0,United States Virgin Islands,美属维尔京群岛
3,0,0,0,3,0,20200321,0,0,0,0,United States Virgin Islands,美属维尔京群岛
6,3,0,0,6,3,20200322,0,0,0,0,United States Virgin Islands,美属维尔京群岛
6,0,0,0,6,0,20200323,0,0,0,0,United States Virgin Islands,美属维尔京群岛
17,11,0,0,17,11,20200324,0,0,0,0,United States Virgin Islands,美属维尔京群岛
17,0,0,0,17,0,20200325,0,0,0,0,United States Virgin Islands,美属维尔京群岛
17,0,0,0,17,0,20200326,0,0,0,0,United States Virgin Islands,美属维尔京群岛
17,0,0,0,17,0,20200327,0,0,0,0,United States Virgin Islands,美属维尔京群岛
17,0,0,0,17,0,20200328,0,0,0,0,United States Virgin Islands,美属维尔京群岛
17,0,0,0,17,0,20200329,0,0,0,0,United States Virgin Islands,美属维尔京群岛
22,5,0,0,22,5,20200330,0,0,0,0,United States Virgin Islands,美属维尔京群岛
30,8,0,0,30,8,20200331,0,0,0,0,United States Virgin Islands,美属维尔京群岛
30,0,0,0,30,0,20200401,0,0,0,0,United States Virgin Islands,美属维尔京群岛
30,0,0,0,30,0,20200402,0,0,0,0,United States Virgin Islands,美属维尔京群岛
33,3,0,0,33,3,20200403,0,0,0,0,United States Virgin Islands,美属维尔京群岛
37,4,0,0,37,4,20200404,0,0,0,0,United States Virgin Islands,美属维尔京群岛
40,3,0,0,40,3,20200405,0,0,0,0,United States Virgin Islands,美属维尔京群岛
42,2,0,0,42,2,20200406,0,0,0,0,United States Virgin Islands,美属维尔京群岛
43,1,0,0,42,0,20200407,1,1,0,0,United States Virgin Islands,美属维尔京群岛
43,0,0,0,42,0,20200408,1,0,0,0,United States Virgin Islands,美属维尔京群岛
45,2,0,0,44,2,20200409,1,0,0,0,United States Virgin Islands,美属维尔京群岛
46,1,0,0,45,1,20200410,1,0,0,0,United States Virgin Islands,美属维尔京群岛
50,4,0,0,49,4,20200411,1,0,0,0,United States Virgin Islands,美属维尔京群岛
53,3,0,0,52,3,20200412,1,0,0,0,United States Virgin Islands,美属维尔京群岛
53,0,0,0,52,0,20200413,1,0,0,0,United States Virgin Islands,美属维尔京群岛
53,0,0,0,52,0,20200414,1,0,0,0,United States Virgin Islands,美属维尔京群岛
53,0,0,0,52,0,20200415,1,0,0,0,United States Virgin Islands,美属维尔京群岛
53,0,0,0,52,0,20200416,1,0,0,0,United States Virgin Islands,美属维尔京群岛
53,0,0,0,52,0,20200417,1,0,0,0,United States Virgin Islands,美属维尔京群岛
53,0,0,0,51,-1,20200418,2,1,0,0,United States Virgin Islands,美属维尔京群岛
53,0,0,0,50,-1,20200419,3,1,0,0,United States Virgin Islands,美属维尔京群岛
53,0,0,0,50,0,20200420,3,0,0,0,United States Virgin Islands,美属维尔京群岛
53,0,0,0,50,0,20200421,3,0,0,0,United States Virgin Islands,美属维尔京群岛
54,1,0,0,51,1,20200422,3,0,0,0,United States Virgin Islands,美属维尔京群岛
54,0,0,0,51,0,20200423,3,0,0,0,United States Virgin Islands,美属维尔京群岛
54,0,0,0,51,0,20200424,3,0,0,0,United States Virgin Islands,美属维尔京群岛
54,0,0,0,51,0,20200425,3,0,0,0,United States Virgin Islands,美属维尔京群岛
55,1,0,0,52,1,20200426,3,0,0,0,United States Virgin Islands,美属维尔京群岛
55,0,0,0,52,0,20200427,3,0,0,0,United States Virgin Islands,美属维尔京群岛
59,4,0,0,55,3,20200428,4,1,0,0,United States Virgin Islands,美属维尔京群岛
59,0,0,0,55,0,20200429,4,0,0,0,United States Virgin Islands,美属维尔京群岛
62,3,0,0,58,3,20200430,4,0,0,0,United States Virgin Islands,美属维尔京群岛
66,4,0,0,62,4,20200501,4,0,0,0,United States Virgin Islands,美属维尔京群岛
66,0,0,0,62,0,20200502,4,0,0,0,United States Virgin Islands,美属维尔京群岛
66,0,0,0,62,0,20200503,4,0,0,0,United States Virgin Islands,美属维尔京群岛
66,0,0,0,62,0,20200504,4,0,0,0,United States Virgin Islands,美属维尔京群岛
66,0,0,0,62,0,20200505,4,0,0,0,United States Virgin Islands,美属维尔京群岛
66,0,0,0,62,0,20200506,4,0,0,0,United States Virgin Islands,美属维尔京群岛
66,0,0,0,62,0,20200507,4,0,0,0,United States Virgin Islands,美属维尔京群岛
66,0,0,0,62,0,20200508,4,0,0,0,United States Virgin Islands,美属维尔京群岛
68,2,0,0,64,2,20200509,4,0,0,0,United States Virgin Islands,美属维尔京群岛
68,0,0,0,64,0,20200510,4,0,0,0,United States Virgin Islands,美属维尔京群岛
69,1,0,0,65,1,20200511,4,0,0,0,United States Virgin Islands,美属维尔京群岛
69,0,0,0,64,-1,20200512,5,1,0,0,United States Virgin Islands,美属维尔京群岛
69,0,0,0,64,0,20200513,5,0,0,0,United States Virgin Islands,美属维尔京群岛
69,0,0,0,63,-1,20200514,6,1,0,0,United States Virgin Islands,美属维尔京群岛
69,0,0,0,63,0,20200515,6,0,0,0,United States Virgin Islands,美属维尔京群岛
69,0,0,0,63,0,20200516,6,0,0,0,United States Virgin Islands,美属维尔京群岛
69,0,0,0,63,0,20200517,6,0,0,0,United States Virgin Islands,美属维尔京群岛
69,0,0,0,63,0,20200518,6,0,0,0,United States Virgin Islands,美属维尔京群岛
69,0,0,0,63,0,20200519,6,0,0,0,United States Virgin Islands,美属维尔京群岛
69,0,0,0,63,0,20200520,6,0,0,0,United States Virgin Islands,美属维尔京群岛
69,0,0,0,63,0,20200521,6,0,0,0,United States Virgin Islands,美属维尔京群岛
69,0,0,0,63,0,20200522,6,0,0,0,United States Virgin Islands,美属维尔京群岛
69,0,0,0,63,0,20200523,6,0,0,0,United States Virgin Islands,美属维尔京群岛
69,0,0,0,63,0,20200524,6,0,0,0,United States Virgin Islands,美属维尔京群岛
69,0,0,0,63,0,20200525,6,0,0,0,United States Virgin Islands,美属维尔京群岛
69,0,0,0,63,0,20200526,6,0,0,0,United States Virgin Islands,美属维尔京群岛
69,0,0,0,63,0,20200527,6,0,0,0,United States Virgin Islands,美属维尔京群岛
69,0,0,0,63,0,20200528,6,0,0,0,United States Virgin Islands,美属维尔京群岛
69,0,0,0,63,0,20200529,6,0,0,0,United States Virgin Islands,美属维尔京群岛
69,0,0,0,63,0,20200530,6,0,0,0,United States Virgin Islands,美属维尔京群岛
69,0,0,0,63,0,20200531,6,0,0,0,United States Virgin Islands,美属维尔京群岛
69,0,0,0,63,0,20200601,6,0,0,0,United States Virgin Islands,美属维尔京群岛
70,1,0,0,64,1,20200602,6,0,0,0,United States Virgin Islands,美属维尔京群岛
70,0,0,0,64,0,20200603,6,0,0,0,United States Virgin Islands,美属维尔京群岛
70,0,0,0,64,0,20200604,6,0,0,0,United States Virgin Islands,美属维尔京群岛
71,1,0,0,65,1,20200605,6,0,0,0,United States Virgin Islands,美属维尔京群岛
71,0,0,0,65,0,20200606,6,0,0,0,United States Virgin Islands,美属维尔京群岛
71,0,0,0,65,0,20200607,6,0,0,0,United States Virgin Islands,美属维尔京群岛
71,0,0,0,65,0,20200608,6,0,0,0,United States Virgin Islands,美属维尔京群岛
71,0,0,0,65,0,20200609,6,0,0,0,United States Virgin Islands,美属维尔京群岛
71,0,0,0,65,0,20200610,6,0,0,0,United States Virgin Islands,美属维尔京群岛
72,1,0,0,66,1,20200611,6,0,0,0,United States Virgin Islands,美属维尔京群岛
72,0,0,0,66,0,20200612,6,0,0,0,United States Virgin Islands,美属维尔京群岛
72,0,0,0,66,0,20200613,6,0,0,0,United States Virgin Islands,美属维尔京群岛
72,0,0,0,66,0,20200614,6,0,0,0,United States Virgin Islands,美属维尔京群岛
72,0,0,0,66,0,20200615,6,0,0,0,United States Virgin Islands,美属维尔京群岛
72,0,0,0,66,0,20200616,6,0,0,0,United States Virgin Islands,美属维尔京群岛
72,0,0,0,66,0,20200617,6,0,0,0,United States Virgin Islands,美属维尔京群岛
73,1,0,0,67,1,20200618,6,0,0,0,United States Virgin Islands,美属维尔京群岛
73,0,0,0,67,0,20200619,6,0,0,0,United States Virgin Islands,美属维尔京群岛
73,0,0,0,67,0,20200620,6,0,0,0,United States Virgin Islands,美属维尔京群岛
74,1,0,0,68,1,20200621,6,0,0,0,United States Virgin Islands,美属维尔京群岛
76,2,0,0,70,2,20200622,6,0,0,0,United States Virgin Islands,美属维尔京群岛
76,0,0,0,70,0,20200623,6,0,0,0,United States Virgin Islands,美属维尔京群岛
76,0,0,0,70,0,20200624,6,0,0,0,United States Virgin Islands,美属维尔京群岛
76,0,0,0,70,0,20200625,6,0,0,0,United States Virgin Islands,美属维尔京群岛
80,4,0,0,74,4,20200626,6,0,0,0,United States Virgin Islands,美属维尔京群岛
81,1,0,0,75,1,20200627,6,0,0,0,United States Virgin Islands,美属维尔京群岛
81,0,0,0,75,0,20200628,6,0,0,0,United States Virgin Islands,美属维尔京群岛
81,0,0,0,75,0,20200629,6,0,0,0,United States Virgin Islands,美属维尔京群岛
81,0,0,0,75,0,20200630,6,0,0,0,United States Virgin Islands,美属维尔京群岛
84,3,0,0,78,3,20200701,6,0,0,0,United States Virgin Islands,美属维尔京群岛
90,6,0,0,84,6,20200702,6,0,0,0,United States Virgin Islands,美属维尔京群岛
92,2,0,0,86,2,20200703,6,0,0,0,United States Virgin Islands,美属维尔京群岛
98,6,0,0,92,6,20200704,6,0,0,0,United States Virgin Islands,美属维尔京群岛
111,13,0,0,105,13,20200705,6,0,0,0,United States Virgin Islands,美属维尔京群岛
111,0,0,0,105,0,20200706,6,0,0,0,United States Virgin Islands,美属维尔京群岛
112,1,0,0,106,1,20200707,6,0,0,0,United States Virgin Islands,美属维尔京群岛
116,4,0,0,110,4,20200708,6,0,0,0,United States Virgin Islands,美属维尔京群岛
