﻿confirmedCount,confirmedIncr,curedCount,curedIncr,currentConfirmedCount,currentConfirmedIncr,dateId,deadCount,deadIncr,suspectedCount,suspectedCountIncr,countryFullName,countryName
4,4,0,0,4,4,20200129,0,0,0,0,United Arab Emirates,阿联酋
4,0,0,0,4,0,20200130,0,0,0,0,United Arab Emirates,阿联酋
4,0,0,0,4,0,20200131,0,0,0,0,United Arab Emirates,阿联酋
4,0,0,0,4,0,20200201,0,0,0,0,United Arab Emirates,阿联酋
5,1,0,0,5,1,20200202,0,0,0,0,United Arab Emirates,阿联酋
5,0,0,0,5,0,20200203,0,0,0,0,United Arab Emirates,阿联酋
5,0,0,0,5,0,20200204,0,0,0,0,United Arab Emirates,阿联酋
5,0,0,0,5,0,20200205,0,0,0,0,United Arab Emirates,阿联酋
5,0,0,0,5,0,20200206,0,0,0,0,United Arab Emirates,阿联酋
5,0,0,0,5,0,20200207,0,0,0,0,United Arab Emirates,阿联酋
7,2,0,0,7,2,20200208,0,0,0,0,United Arab Emirates,阿联酋
7,0,0,0,7,0,20200209,0,0,0,0,United Arab Emirates,阿联酋
7,0,0,0,7,0,20200210,0,0,0,0,United Arab Emirates,阿联酋
8,1,0,0,8,1,20200211,0,0,0,0,United Arab Emirates,阿联酋
8,0,0,0,8,0,20200212,0,0,0,0,United Arab Emirates,阿联酋
8,0,0,0,8,0,20200213,0,0,0,0,United Arab Emirates,阿联酋
8,0,0,0,8,0,20200214,0,0,0,0,United Arab Emirates,阿联酋
8,0,0,0,8,0,20200215,0,0,0,0,United Arab Emirates,阿联酋
8,0,0,0,8,0,20200216,0,0,0,0,United Arab Emirates,阿联酋
9,1,0,0,9,1,20200217,0,0,0,0,United Arab Emirates,阿联酋
9,0,0,0,9,0,20200218,0,0,0,0,United Arab Emirates,阿联酋
9,0,0,0,9,0,20200219,0,0,0,0,United Arab Emirates,阿联酋
9,0,0,0,9,0,20200220,0,0,0,0,United Arab Emirates,阿联酋
9,0,0,0,9,0,20200221,0,0,0,0,United Arab Emirates,阿联酋
11,2,0,0,11,2,20200222,0,0,0,0,United Arab Emirates,阿联酋
13,2,0,0,13,2,20200223,0,0,0,0,United Arab Emirates,阿联酋
13,0,0,0,13,0,20200224,0,0,0,0,United Arab Emirates,阿联酋
13,0,0,0,13,0,20200225,0,0,0,0,United Arab Emirates,阿联酋
13,0,0,0,13,0,20200226,0,0,0,0,United Arab Emirates,阿联酋
13,0,0,0,13,0,20200227,0,0,0,0,United Arab Emirates,阿联酋
19,6,0,0,19,6,20200228,0,0,0,0,United Arab Emirates,阿联酋
19,0,0,0,19,0,20200229,0,0,0,0,United Arab Emirates,阿联酋
19,0,0,0,19,0,20200301,0,0,0,0,United Arab Emirates,阿联酋
21,2,0,0,21,2,20200302,0,0,0,0,United Arab Emirates,阿联酋
21,0,0,0,21,0,20200303,0,0,0,0,United Arab Emirates,阿联酋
27,6,0,0,27,6,20200304,0,0,0,0,United Arab Emirates,阿联酋
27,0,0,0,27,0,20200305,0,0,0,0,United Arab Emirates,阿联酋
27,0,0,0,27,0,20200306,0,0,0,0,United Arab Emirates,阿联酋
45,18,0,0,45,18,20200307,0,0,0,0,United Arab Emirates,阿联酋
45,0,0,0,45,0,20200308,0,0,0,0,United Arab Emirates,阿联酋
45,0,0,0,45,0,20200309,0,0,0,0,United Arab Emirates,阿联酋
59,14,0,0,59,14,20200310,0,0,0,0,United Arab Emirates,阿联酋
74,15,0,0,74,15,20200311,0,0,0,0,United Arab Emirates,阿联酋
74,0,0,0,74,0,20200312,0,0,0,0,United Arab Emirates,阿联酋
85,11,0,0,85,11,20200313,0,0,0,0,United Arab Emirates,阿联酋
85,0,0,0,85,0,20200314,0,0,0,0,United Arab Emirates,阿联酋
85,0,23,23,62,-23,20200315,0,0,0,0,United Arab Emirates,阿联酋
98,13,23,0,75,13,20200316,0,0,0,0,United Arab Emirates,阿联酋
98,0,23,0,75,0,20200317,0,0,0,0,United Arab Emirates,阿联酋
98,0,26,3,72,-3,20200318,0,0,0,0,United Arab Emirates,阿联酋
140,42,31,5,109,37,20200319,0,0,0,0,United Arab Emirates,阿联酋
140,0,31,0,107,-2,20200320,2,2,0,0,United Arab Emirates,阿联酋
153,13,38,7,113,6,20200321,2,0,0,0,United Arab Emirates,阿联酋
153,0,38,0,113,0,20200322,2,0,0,0,United Arab Emirates,阿联酋
198,45,41,3,155,42,20200323,2,0,0,0,United Arab Emirates,阿联酋
248,50,41,0,205,50,20200324,2,0,0,0,United Arab Emirates,阿联酋
333,85,52,11,279,74,20200325,2,0,0,0,United Arab Emirates,阿联酋
333,0,52,0,279,0,20200326,2,0,0,0,United Arab Emirates,阿联酋
405,72,55,3,348,69,20200327,2,0,0,0,United Arab Emirates,阿联酋
468,63,55,0,411,63,20200328,2,0,0,0,United Arab Emirates,阿联酋
570,102,58,3,509,98,20200329,3,1,0,0,United Arab Emirates,阿联酋
611,41,61,3,545,36,20200330,5,2,0,0,United Arab Emirates,阿联酋
664,53,61,0,597,52,20200331,6,1,0,0,United Arab Emirates,阿联酋
814,150,61,0,745,148,20200401,8,2,0,0,United Arab Emirates,阿联酋
1024,210,96,35,920,175,20200402,8,0,0,0,United Arab Emirates,阿联酋
1264,240,96,0,1160,240,20200403,8,0,0,0,United Arab Emirates,阿联酋
1505,241,125,29,1370,210,20200404,10,2,0,0,United Arab Emirates,阿联酋
1798,293,144,19,1644,274,20200405,10,0,0,0,United Arab Emirates,阿联酋
2076,278,167,23,1898,254,20200406,11,1,0,0,United Arab Emirates,阿联酋
2359,283,186,19,2161,263,20200407,12,1,0,0,United Arab Emirates,阿联酋
2659,300,239,53,2408,247,20200408,12,0,0,0,United Arab Emirates,阿联酋
2659,0,239,0,2408,0,20200409,12,0,0,0,United Arab Emirates,阿联酋
3360,701,418,179,2926,518,20200410,16,4,0,0,United Arab Emirates,阿联酋
3736,376,588,170,3128,202,20200411,20,4,0,0,United Arab Emirates,阿联酋
4123,387,680,92,3421,293,20200412,22,2,0,0,United Arab Emirates,阿联酋
4521,398,852,172,3644,223,20200413,25,3,0,0,United Arab Emirates,阿联酋
4933,412,933,81,3972,328,20200414,28,3,0,0,United Arab Emirates,阿联酋
5365,432,1034,101,4298,326,20200415,33,5,0,0,United Arab Emirates,阿联酋
5825,460,1095,61,4695,397,20200416,35,2,0,0,United Arab Emirates,阿联酋
6302,477,1188,93,5077,382,20200417,37,2,0,0,United Arab Emirates,阿联酋
6302,0,1188,0,5077,0,20200418,37,0,0,0,United Arab Emirates,阿联酋
6781,479,1286,98,5454,377,20200419,41,4,0,0,United Arab Emirates,阿联酋
7265,484,1360,74,5862,408,20200420,43,2,0,0,United Arab Emirates,阿联酋
7755,490,1443,83,6266,404,20200421,46,3,0,0,United Arab Emirates,阿联酋
8238,483,1546,103,6640,374,20200422,52,6,0,0,United Arab Emirates,阿联酋
8756,518,1637,91,7063,423,20200423,56,4,0,0,United Arab Emirates,阿联酋
9281,525,1760,123,7457,394,20200424,64,8,0,0,United Arab Emirates,阿联酋
9813,532,1887,127,7855,398,20200425,71,7,0,0,United Arab Emirates,阿联酋
10349,536,1978,91,8295,440,20200426,76,5,0,0,United Arab Emirates,阿联酋
10839,490,2090,112,8667,372,20200427,82,6,0,0,United Arab Emirates,阿联酋
11380,541,2181,91,9110,443,20200428,89,7,0,0,United Arab Emirates,阿联酋
11929,549,2329,148,9502,392,20200429,98,9,0,0,United Arab Emirates,阿联酋
12481,552,2429,100,9947,445,20200430,105,7,0,0,United Arab Emirates,阿联酋
13038,557,2543,114,10384,437,20200501,111,6,0,0,United Arab Emirates,阿联酋
13599,561,2664,121,10816,432,20200502,119,8,0,0,United Arab Emirates,阿联酋
14163,564,2763,99,11274,458,20200503,126,7,0,0,United Arab Emirates,阿联酋
14730,567,2966,203,11627,353,20200504,137,11,0,0,United Arab Emirates,阿联酋
15192,462,3153,187,11893,266,20200505,146,9,0,0,United Arab Emirates,阿联酋
15738,546,3359,206,12222,329,20200506,157,11,0,0,United Arab Emirates,阿联酋
16240,502,3572,213,12503,281,20200507,165,8,0,0,United Arab Emirates,阿联酋
16793,553,3837,265,12782,279,20200508,174,9,0,0,United Arab Emirates,阿联酋
17417,624,4295,458,12937,155,20200509,185,11,0,0,United Arab Emirates,阿联酋
18198,781,4804,509,13196,259,20200510,198,13,0,0,United Arab Emirates,阿联酋
18878,680,5381,577,13296,100,20200511,201,3,0,0,United Arab Emirates,阿联酋
19661,783,6012,631,13446,150,20200512,203,2,0,0,United Arab Emirates,阿联酋
20386,725,6523,511,13657,211,20200513,206,3,0,0,United Arab Emirates,阿联酋
21084,698,6930,407,13946,289,20200514,208,2,0,0,United Arab Emirates,阿联酋
21831,747,7328,398,14293,347,20200515,210,2,0,0,United Arab Emirates,阿联酋
22627,796,7931,603,14482,189,20200516,214,4,0,0,United Arab Emirates,阿联酋
23358,731,8512,581,14626,144,20200517,220,6,0,0,United Arab Emirates,阿联酋
24190,832,9577,1065,14389,-237,20200518,224,4,0,0,United Arab Emirates,阿联酋
25063,873,10791,1214,14045,-344,20200519,227,3,0,0,United Arab Emirates,阿联酋
26004,941,11809,1018,13962,-83,20200520,233,6,0,0,United Arab Emirates,阿联酋
26898,894,12755,946,13906,-56,20200521,237,4,0,0,United Arab Emirates,阿联酋
27892,994,13798,1043,13853,-53,20200522,241,4,0,0,United Arab Emirates,阿联酋
28704,812,14495,697,13965,112,20200523,244,3,0,0,United Arab Emirates,阿联酋
29485,781,15056,561,14184,219,20200524,245,1,0,0,United Arab Emirates,阿联酋
30307,822,15657,601,14402,218,20200525,248,3,0,0,United Arab Emirates,阿联酋
31806,1499,15982,325,15571,1169,20200526,253,5,0,0,United Arab Emirates,阿联酋
31806,0,15982,0,15571,0,20200527,253,0,0,0,United Arab Emirates,阿联酋
32532,726,16685,703,15589,18,20200528,258,5,0,0,United Arab Emirates,阿联酋
33170,638,17097,412,15813,224,20200529,260,2,0,0,United Arab Emirates,阿联酋
33896,726,17546,449,16088,275,20200530,262,2,0,0,United Arab Emirates,阿联酋
34557,661,17932,386,16361,273,20200531,264,2,0,0,United Arab Emirates,阿联酋
35192,635,18338,406,16588,227,20200601,266,2,0,0,United Arab Emirates,阿联酋
35788,596,18726,388,16793,205,20200602,269,3,0,0,United Arab Emirates,阿联酋
36359,571,19153,427,16936,143,20200603,270,1,0,0,United Arab Emirates,阿联酋
37018,659,19572,419,17173,237,20200604,273,3,0,0,United Arab Emirates,阿联酋
37642,624,20337,765,17031,-142,20200605,274,1,0,0,United Arab Emirates,阿联酋
38268,626,21061,724,16932,-99,20200606,275,1,0,0,United Arab Emirates,阿联酋
38808,540,21806,745,16726,-206,20200607,276,1,0,0,United Arab Emirates,阿联酋
39376,568,22275,469,16820,94,20200608,281,5,0,0,United Arab Emirates,阿联酋
39904,528,22740,465,16881,61,20200609,283,2,0,0,United Arab Emirates,阿联酋
40507,603,24017,1277,16206,-675,20200610,284,1,0,0,United Arab Emirates,阿联酋
40986,479,25234,1217,15466,-740,20200611,286,2,0,0,United Arab Emirates,阿联酋
41499,513,25946,712,15266,-200,20200612,287,1,0,0,United Arab Emirates,阿联酋
41990,491,26761,815,14941,-325,20200613,288,1,0,0,United Arab Emirates,阿联酋
42294,304,27462,701,14543,-398,20200614,289,1,0,0,United Arab Emirates,阿联酋
42636,342,28129,667,14216,-327,20200615,291,2,0,0,United Arab Emirates,阿联酋
42982,346,28861,732,13828,-388,20200616,293,2,0,0,United Arab Emirates,阿联酋
43364,382,29537,676,13532,-296,20200617,295,2,0,0,United Arab Emirates,阿联酋
43752,388,30241,704,13213,-319,20200618,298,3,0,0,United Arab Emirates,阿联酋
44145,393,30996,755,12849,-364,20200619,300,2,0,0,United Arab Emirates,阿联酋
44533,388,31754,758,12478,-371,20200620,301,1,0,0,United Arab Emirates,阿联酋
44925,392,32415,661,12208,-270,20200621,302,1,0,0,United Arab Emirates,阿联酋
45303,378,33046,631,11954,-254,20200622,303,1,0,0,United Arab Emirates,阿联酋
45683,380,33703,657,11675,-279,20200623,305,2,0,0,United Arab Emirates,阿联酋
46133,450,34405,702,11421,-254,20200624,307,2,0,0,United Arab Emirates,阿联酋
46563,430,35165,760,11090,-331,20200625,308,1,0,0,United Arab Emirates,阿联酋
46973,410,35469,304,11194,104,20200626,310,2,0,0,United Arab Emirates,阿联酋
47360,387,35834,365,11215,21,20200627,311,1,0,0,United Arab Emirates,阿联酋
47797,437,36411,577,11073,-142,20200628,313,2,0,0,United Arab Emirates,阿联酋
48246,449,37076,665,10856,-217,20200629,314,1,0,0,United Arab Emirates,阿联酋
48667,421,37566,490,10786,-70,20200630,315,1,0,0,United Arab Emirates,阿联酋
49069,402,38260,694,10493,-293,20200701,316,1,0,0,United Arab Emirates,阿联酋
49469,400,38664,404,10488,-5,20200702,317,1,0,0,United Arab Emirates,阿联酋
50141,672,39153,489,10670,182,20200703,318,1,0,0,United Arab Emirates,阿联酋
50141,0,39153,0,10670,0,20200704,318,0,0,0,United Arab Emirates,阿联酋
51540,1399,40297,1144,10920,250,20200705,323,5,0,0,United Arab Emirates,阿联酋
52068,528,40721,424,11023,103,20200706,324,1,0,0,United Arab Emirates,阿联酋
52600,532,41714,993,10560,-463,20200707,326,2,0,0,United Arab Emirates,阿联酋
53045,445,42282,568,10436,-124,20200708,327,1,0,0,United Arab Emirates,阿联酋
