﻿confirmedCount,confirmedIncr,curedCount,curedIncr,currentConfirmedCount,currentConfirmedIncr,dateId,deadCount,deadIncr,suspectedCount,suspectedCountIncr,countryFullName,countryName
4,4,0,0,4,4,20200316,0,0,0,0,Uzbekstan,乌兹别克斯坦
4,0,0,0,4,0,20200317,0,0,0,0,Uzbekstan,乌兹别克斯坦
16,12,0,0,16,12,20200318,0,0,0,0,Uzbekstan,乌兹别克斯坦
23,7,0,0,23,7,20200319,0,0,0,0,Uzbekstan,乌兹别克斯坦
33,10,0,0,33,10,20200320,0,0,0,0,Uzbekstan,乌兹别克斯坦
41,8,0,0,41,8,20200321,0,0,0,0,Uzbekstan,乌兹别克斯坦
43,2,0,0,43,2,20200322,0,0,0,0,Uzbekstan,乌兹别克斯坦
46,3,0,0,46,3,20200323,0,0,0,0,Uzbekstan,乌兹别克斯坦
50,4,0,0,50,4,20200324,0,0,0,0,Uzbekstan,乌兹别克斯坦
55,5,0,0,55,5,20200325,0,0,0,0,Uzbekstan,乌兹别克斯坦
65,10,0,0,65,10,20200326,0,0,0,0,Uzbekstan,乌兹别克斯坦
83,18,0,0,83,18,20200327,0,0,0,0,Uzbekstan,乌兹别克斯坦
104,21,0,0,102,19,20200328,2,2,0,0,Uzbekstan,乌兹别克斯坦
133,29,0,0,131,29,20200329,2,0,0,0,Uzbekstan,乌兹别克斯坦
149,16,7,7,140,9,20200330,2,0,0,0,Uzbekstan,乌兹别克斯坦
167,18,7,0,158,18,20200331,2,0,0,0,Uzbekstan,乌兹别克斯坦
173,6,7,0,164,6,20200401,2,0,0,0,Uzbekstan,乌兹别克斯坦
190,17,12,5,176,12,20200402,2,0,0,0,Uzbekstan,乌兹别克斯坦
221,31,25,13,194,18,20200403,2,0,0,0,Uzbekstan,乌兹别克斯坦
263,42,25,0,235,41,20200404,3,1,0,0,Uzbekstan,乌兹别克斯坦
298,35,25,0,270,35,20200405,3,0,0,0,Uzbekstan,乌兹别克斯坦
390,92,30,5,358,88,20200406,2,-1,0,0,Uzbekstan,乌兹别克斯坦
472,82,30,0,440,82,20200407,2,0,0,0,Uzbekstan,乌兹别克斯坦
534,62,30,0,501,61,20200408,3,1,0,0,Uzbekstan,乌兹别克斯坦
555,21,30,0,522,21,20200409,3,0,0,0,Uzbekstan,乌兹别克斯坦
624,69,30,0,591,69,20200410,3,0,0,0,Uzbekstan,乌兹别克斯坦
624,0,30,0,591,0,20200411,3,0,0,0,Uzbekstan,乌兹别克斯坦
796,172,30,0,763,172,20200412,3,0,0,0,Uzbekstan,乌兹别克斯坦
896,100,66,36,826,63,20200413,4,1,0,0,Uzbekstan,乌兹别克斯坦
1054,158,85,19,965,139,20200414,4,0,0,0,Uzbekstan,乌兹别克斯坦
1214,160,85,0,1125,160,20200415,4,0,0,0,Uzbekstan,乌兹别克斯坦
1349,135,85,0,1260,135,20200416,4,0,0,0,Uzbekstan,乌兹别克斯坦
1380,31,129,44,1247,-13,20200417,4,0,0,0,Uzbekstan,乌兹别克斯坦
1450,70,140,11,1306,59,20200418,4,0,0,0,Uzbekstan,乌兹别克斯坦
1543,93,225,85,1313,7,20200419,5,1,0,0,Uzbekstan,乌兹别克斯坦
1565,22,225,0,1335,22,20200420,5,0,0,0,Uzbekstan,乌兹别克斯坦
1657,92,225,0,1427,92,20200421,5,0,0,0,Uzbekstan,乌兹别克斯坦
1657,0,225,0,1426,-1,20200422,6,1,0,0,Uzbekstan,乌兹别克斯坦
1716,59,225,0,1484,58,20200423,7,1,0,0,Uzbekstan,乌兹别克斯坦
1778,62,561,336,1210,-274,20200424,7,0,0,0,Uzbekstan,乌兹别克斯坦
1836,58,561,0,1267,57,20200425,8,1,0,0,Uzbekstan,乌兹别克斯坦
1865,29,561,0,1296,29,20200426,8,0,0,0,Uzbekstan,乌兹别克斯坦
1887,22,789,228,1090,-206,20200427,8,0,0,0,Uzbekstan,乌兹别克斯坦
1939,52,958,169,973,-117,20200428,8,0,0,0,Uzbekstan,乌兹别克斯坦
1955,16,992,34,955,-18,20200429,8,0,0,0,Uzbekstan,乌兹别克斯坦
2031,76,992,0,1030,75,20200430,9,1,0,0,Uzbekstan,乌兹别克斯坦
2046,15,1133,141,904,-126,20200501,9,0,0,0,Uzbekstan,乌兹别克斯坦
2094,48,1212,79,873,-31,20200502,9,0,0,0,Uzbekstan,乌兹别克斯坦
2136,42,1308,96,818,-55,20200503,10,1,0,0,Uzbekstan,乌兹别克斯坦
2160,24,1308,0,842,24,20200504,10,0,0,0,Uzbekstan,乌兹别克斯坦
2189,29,1308,0,871,29,20200505,10,0,0,0,Uzbekstan,乌兹别克斯坦
2217,28,1308,0,899,28,20200506,10,0,0,0,Uzbekstan,乌兹别克斯坦
2266,49,1308,0,948,49,20200507,10,0,0,0,Uzbekstan,乌兹别克斯坦
2314,48,1308,0,996,48,20200508,10,0,0,0,Uzbekstan,乌兹别克斯坦
2336,22,1308,0,1018,22,20200509,10,0,0,0,Uzbekstan,乌兹别克斯坦
2387,51,1846,538,531,-487,20200510,10,0,0,0,Uzbekstan,乌兹别克斯坦
2418,31,1881,35,527,-4,20200511,10,0,0,0,Uzbekstan,乌兹别克斯坦
2509,91,1881,0,618,91,20200512,10,0,0,0,Uzbekstan,乌兹别克斯坦
2598,89,1881,0,707,89,20200513,10,0,0,0,Uzbekstan,乌兹别克斯坦
2620,22,1881,0,728,21,20200514,11,1,0,0,Uzbekstan,乌兹别克斯坦
2652,32,1881,0,760,32,20200515,11,0,0,0,Uzbekstan,乌兹别克斯坦
2691,39,2158,277,522,-238,20200516,11,0,0,0,Uzbekstan,乌兹别克斯坦
2741,50,2213,55,517,-5,20200517,11,0,0,0,Uzbekstan,乌兹别克斯坦
2762,21,2213,0,537,20,20200518,12,1,0,0,Uzbekstan,乌兹别克斯坦
2802,40,2314,101,475,-62,20200519,13,1,0,0,Uzbekstan,乌兹别克斯坦
2880,78,2338,24,529,54,20200520,13,0,0,0,Uzbekstan,乌兹别克斯坦
2950,70,2372,34,565,36,20200521,13,0,0,0,Uzbekstan,乌兹别克斯坦
3006,56,2372,0,621,56,20200522,13,0,0,0,Uzbekstan,乌兹别克斯坦
3089,83,2532,160,544,-77,20200523,13,0,0,0,Uzbekstan,乌兹别克斯坦
3150,61,2565,33,572,28,20200524,13,0,0,0,Uzbekstan,乌兹别克斯坦
3180,30,2565,0,602,30,20200525,13,0,0,0,Uzbekstan,乌兹别克斯坦
3261,81,2565,0,683,81,20200526,13,0,0,0,Uzbekstan,乌兹别克斯坦
3333,72,2636,71,683,0,20200527,14,1,0,0,Uzbekstan,乌兹别克斯坦
3396,63,2636,0,746,63,20200528,14,0,0,0,Uzbekstan,乌兹别克斯坦
3463,67,2636,0,813,67,20200529,14,0,0,0,Uzbekstan,乌兹别克斯坦
3513,50,2636,0,863,50,20200530,14,0,0,0,Uzbekstan,乌兹别克斯坦
3554,41,2636,0,904,41,20200531,14,0,0,0,Uzbekstan,乌兹别克斯坦
3662,108,2636,0,1011,107,20200601,15,1,0,0,Uzbekstan,乌兹别克斯坦
3718,56,2636,0,1067,56,20200602,15,0,0,0,Uzbekstan,乌兹别克斯坦
3718,0,2636,0,1067,0,20200603,15,0,0,0,Uzbekstan,乌兹别克斯坦
3874,156,2636,0,1222,155,20200604,16,1,0,0,Uzbekstan,乌兹别克斯坦
3965,91,2636,0,1313,91,20200605,16,0,0,0,Uzbekstan,乌兹别克斯坦
4022,57,2636,0,1370,57,20200606,16,0,0,0,Uzbekstan,乌兹别克斯坦
4181,159,2636,0,1528,158,20200607,17,1,0,0,Uzbekstan,乌兹别克斯坦
4352,171,2636,0,1699,171,20200608,17,0,0,0,Uzbekstan,乌兹别克斯坦
4448,96,2636,0,1794,95,20200609,18,1,0,0,Uzbekstan,乌兹别克斯坦
4547,99,2636,0,1893,99,20200610,18,0,0,0,Uzbekstan,乌兹别克斯坦
4695,148,3532,896,1144,-749,20200611,19,1,0,0,Uzbekstan,乌兹别克斯坦
4819,124,3532,0,1268,124,20200612,19,0,0,0,Uzbekstan,乌兹别克斯坦
4901,82,3532,0,1350,82,20200613,19,0,0,0,Uzbekstan,乌兹别克斯坦
4994,93,3874,342,1101,-249,20200614,19,0,0,0,Uzbekstan,乌兹别克斯坦
5103,109,3874,0,1210,109,20200615,19,0,0,0,Uzbekstan,乌兹别克斯坦
5293,190,3874,0,1400,190,20200616,19,0,0,0,Uzbekstan,乌兹别克斯坦
5561,268,4096,222,1446,46,20200617,19,0,0,0,Uzbekstan,乌兹别克斯坦
5697,136,4096,0,1582,136,20200618,19,0,0,0,Uzbekstan,乌兹别克斯坦
5855,158,4096,0,1740,158,20200619,19,0,0,0,Uzbekstan,乌兹别克斯坦
6025,170,4096,0,1910,170,20200620,19,0,0,0,Uzbekstan,乌兹别克斯坦
6216,191,4096,0,2101,191,20200621,19,0,0,0,Uzbekstan,乌兹别克斯坦
6358,142,4096,0,2243,142,20200622,19,0,0,0,Uzbekstan,乌兹别克斯坦
6500,142,4096,0,2385,142,20200623,19,0,0,0,Uzbekstan,乌兹别克斯坦
6755,255,4096,0,2640,255,20200624,19,0,0,0,Uzbekstan,乌兹别克斯坦
6990,235,4096,0,2875,235,20200625,19,0,0,0,Uzbekstan,乌兹别克斯坦
7228,238,4096,0,3112,237,20200626,20,1,0,0,Uzbekstan,乌兹别克斯坦
7490,262,4096,0,3374,262,20200627,20,0,0,0,Uzbekstan,乌兹别克斯坦
7725,235,5240,1144,2465,-909,20200628,20,0,0,0,Uzbekstan,乌兹别克斯坦
8031,306,5240,0,2769,304,20200629,22,2,0,0,Uzbekstan,乌兹别克斯坦
8298,267,5240,0,3034,265,20200630,24,2,0,0,Uzbekstan,乌兹别克斯坦
8627,329,5682,442,2919,-115,20200701,26,2,0,0,Uzbekstan,乌兹别克斯坦
8904,277,5847,165,3030,111,20200702,27,1,0,0,Uzbekstan,乌兹别克斯坦
9199,295,6034,187,3138,108,20200703,27,0,0,0,Uzbekstan,乌兹别克斯坦
9500,301,6251,217,3220,82,20200704,29,2,0,0,Uzbekstan,乌兹别克斯坦
9829,329,6425,174,3373,153,20200705,31,2,0,0,Uzbekstan,乌兹别克斯坦
10143,314,6584,159,3524,151,20200706,35,4,0,0,Uzbekstan,乌兹别克斯坦
10459,316,6690,106,3731,207,20200707,38,3,0,0,Uzbekstan,乌兹别克斯坦
10838,379,6811,121,3986,255,20200708,41,3,0,0,Uzbekstan,乌兹别克斯坦
