﻿confirmedCount,confirmedIncr,curedCount,curedIncr,currentConfirmedCount,currentConfirmedIncr,dateId,deadCount,deadIncr,suspectedCount,suspectedCountIncr,countryFullName,countryName
2,2,0,0,2,2,20200124,0,0,0,0,Vietnam,越南
2,0,0,0,2,0,20200125,0,0,0,0,Vietnam,越南
2,0,0,0,2,0,20200126,0,0,0,0,Vietnam,越南
2,0,0,0,2,0,20200127,0,0,0,0,Vietnam,越南
2,0,0,0,2,0,20200128,0,0,0,0,Vietnam,越南
2,0,0,0,2,0,20200129,0,0,0,0,Vietnam,越南
2,0,0,0,2,0,20200130,0,0,0,0,Vietnam,越南
5,3,0,0,5,3,20200131,0,0,0,0,Vietnam,越南
6,1,0,0,6,1,20200201,0,0,0,0,Vietnam,越南
7,1,0,0,7,1,20200202,0,0,0,0,Vietnam,越南
8,1,0,0,8,1,20200203,0,0,0,0,Vietnam,越南
9,1,0,0,9,1,20200204,0,0,0,0,Vietnam,越南
10,1,0,0,10,1,20200205,0,0,0,0,Vietnam,越南
10,0,0,0,10,0,20200206,0,0,0,0,Vietnam,越南
12,2,0,0,12,2,20200207,0,0,0,0,Vietnam,越南
13,1,0,0,13,1,20200208,0,0,0,0,Vietnam,越南
14,1,0,0,14,1,20200209,0,0,0,0,Vietnam,越南
14,0,0,0,14,0,20200210,0,0,0,0,Vietnam,越南
15,1,0,0,15,1,20200211,0,0,0,0,Vietnam,越南
15,0,0,0,15,0,20200212,0,0,0,0,Vietnam,越南
16,1,0,0,16,1,20200213,0,0,0,0,Vietnam,越南
16,0,0,0,16,0,20200214,0,0,0,0,Vietnam,越南
16,0,0,0,16,0,20200215,0,0,0,0,Vietnam,越南
16,0,0,0,16,0,20200216,0,0,0,0,Vietnam,越南
16,0,0,0,16,0,20200217,0,0,0,0,Vietnam,越南
16,0,0,0,16,0,20200218,0,0,0,0,Vietnam,越南
16,0,0,0,16,0,20200219,0,0,0,0,Vietnam,越南
16,0,0,0,16,0,20200220,0,0,0,0,Vietnam,越南
16,0,0,0,16,0,20200221,0,0,0,0,Vietnam,越南
16,0,0,0,16,0,20200222,0,0,0,0,Vietnam,越南
16,0,0,0,16,0,20200223,0,0,0,0,Vietnam,越南
16,0,0,0,16,0,20200224,0,0,0,0,Vietnam,越南
16,0,0,0,16,0,20200225,0,0,0,0,Vietnam,越南
16,0,0,0,16,0,20200226,0,0,0,0,Vietnam,越南
16,0,0,0,16,0,20200227,0,0,0,0,Vietnam,越南
16,0,0,0,16,0,20200228,0,0,0,0,Vietnam,越南
16,0,0,0,16,0,20200229,0,0,0,0,Vietnam,越南
16,0,0,0,16,0,20200301,0,0,0,0,Vietnam,越南
16,0,0,0,16,0,20200302,0,0,0,0,Vietnam,越南
16,0,0,0,16,0,20200303,0,0,0,0,Vietnam,越南
16,0,0,0,16,0,20200304,0,0,0,0,Vietnam,越南
16,0,0,0,16,0,20200305,0,0,0,0,Vietnam,越南
16,0,0,0,16,0,20200306,0,0,0,0,Vietnam,越南
17,1,0,0,17,1,20200307,0,0,0,0,Vietnam,越南
21,4,0,0,21,4,20200308,0,0,0,0,Vietnam,越南
30,9,0,0,30,9,20200309,0,0,0,0,Vietnam,越南
31,1,0,0,31,1,20200310,0,0,0,0,Vietnam,越南
35,4,0,0,35,4,20200311,0,0,0,0,Vietnam,越南
39,4,0,0,39,4,20200312,0,0,0,0,Vietnam,越南
39,0,0,0,39,0,20200313,0,0,0,0,Vietnam,越南
48,9,0,0,48,9,20200314,0,0,0,0,Vietnam,越南
53,5,16,16,37,-11,20200315,0,0,0,0,Vietnam,越南
57,4,16,0,41,4,20200316,0,0,0,0,Vietnam,越南
61,4,16,0,45,4,20200317,0,0,0,0,Vietnam,越南
61,0,16,0,45,0,20200318,0,0,0,0,Vietnam,越南
75,14,16,0,59,14,20200319,0,0,0,0,Vietnam,越南
87,12,17,1,70,11,20200320,0,0,0,0,Vietnam,越南
94,7,17,0,77,7,20200321,0,0,0,0,Vietnam,越南
113,19,17,0,96,19,20200322,0,0,0,0,Vietnam,越南
123,10,17,0,106,10,20200323,0,0,0,0,Vietnam,越南
134,11,17,0,117,11,20200324,0,0,0,0,Vietnam,越南
141,7,17,0,124,7,20200325,0,0,0,0,Vietnam,越南
153,12,17,0,136,12,20200326,0,0,0,0,Vietnam,越南
163,10,20,3,143,7,20200327,0,0,0,0,Vietnam,越南
174,11,21,1,153,10,20200328,0,0,0,0,Vietnam,越南
188,14,25,4,163,10,20200329,0,0,0,0,Vietnam,越南
203,15,52,27,151,-12,20200330,0,0,0,0,Vietnam,越南
207,4,52,0,155,4,20200331,0,0,0,0,Vietnam,越南
218,11,58,6,160,5,20200401,0,0,0,0,Vietnam,越南
227,9,75,17,152,-8,20200402,0,0,0,0,Vietnam,越南
239,12,75,0,164,12,20200403,0,0,0,0,Vietnam,越南
239,0,75,0,164,0,20200404,0,0,0,0,Vietnam,越南
241,2,91,16,150,-14,20200405,0,0,0,0,Vietnam,越南
245,4,95,4,150,0,20200406,0,0,0,0,Vietnam,越南
249,4,95,0,154,4,20200407,0,0,0,0,Vietnam,越南
251,2,126,31,125,-29,20200408,0,0,0,0,Vietnam,越南
255,4,126,0,129,4,20200409,0,0,0,0,Vietnam,越南
257,2,144,18,113,-16,20200410,0,0,0,0,Vietnam,越南
258,1,144,0,114,1,20200411,0,0,0,0,Vietnam,越南
260,2,144,0,116,2,20200412,0,0,0,0,Vietnam,越南
265,5,145,1,120,4,20200413,0,0,0,0,Vietnam,越南
266,1,169,24,97,-23,20200414,0,0,0,0,Vietnam,越南
267,1,169,0,98,1,20200415,0,0,0,0,Vietnam,越南
267,0,169,0,98,0,20200416,0,0,0,0,Vietnam,越南
268,1,169,0,99,1,20200417,0,0,0,0,Vietnam,越南
268,0,169,0,99,0,20200418,0,0,0,0,Vietnam,越南
268,0,169,0,99,0,20200419,0,0,0,0,Vietnam,越南
268,0,169,0,99,0,20200420,0,0,0,0,Vietnam,越南
268,0,169,0,99,0,20200421,0,0,0,0,Vietnam,越南
268,0,169,0,99,0,20200422,0,0,0,0,Vietnam,越南
268,0,169,0,99,0,20200423,0,0,0,0,Vietnam,越南
270,2,169,0,101,2,20200424,0,0,0,0,Vietnam,越南
270,0,169,0,101,0,20200425,0,0,0,0,Vietnam,越南
270,0,169,0,101,0,20200426,0,0,0,0,Vietnam,越南
270,0,169,0,101,0,20200427,0,0,0,0,Vietnam,越南
270,0,169,0,101,0,20200428,0,0,0,0,Vietnam,越南
270,0,169,0,101,0,20200429,0,0,0,0,Vietnam,越南
270,0,169,0,101,0,20200430,0,0,0,0,Vietnam,越南
270,0,169,0,101,0,20200501,0,0,0,0,Vietnam,越南
270,0,169,0,101,0,20200502,0,0,0,0,Vietnam,越南
270,0,169,0,101,0,20200503,0,0,0,0,Vietnam,越南
271,1,169,0,102,1,20200504,0,0,0,0,Vietnam,越南
271,0,169,0,102,0,20200505,0,0,0,0,Vietnam,越南
271,0,169,0,102,0,20200506,0,0,0,0,Vietnam,越南
288,17,169,0,119,17,20200507,0,0,0,0,Vietnam,越南
288,0,169,0,119,0,20200508,0,0,0,0,Vietnam,越南
288,0,169,0,119,0,20200509,0,0,0,0,Vietnam,越南
288,0,169,0,119,0,20200510,0,0,0,0,Vietnam,越南
288,0,169,0,119,0,20200511,0,0,0,0,Vietnam,越南
288,0,169,0,119,0,20200512,0,0,0,0,Vietnam,越南
288,0,169,0,119,0,20200513,0,0,0,0,Vietnam,越南
288,0,169,0,119,0,20200514,0,0,0,0,Vietnam,越南
312,24,169,0,143,24,20200515,0,0,0,0,Vietnam,越南
318,6,169,0,149,6,20200516,0,0,0,0,Vietnam,越南
318,0,169,0,149,0,20200517,0,0,0,0,Vietnam,越南
320,2,169,0,151,2,20200518,0,0,0,0,Vietnam,越南
324,4,169,0,155,4,20200519,0,0,0,0,Vietnam,越南
324,0,169,0,155,0,20200520,0,0,0,0,Vietnam,越南
324,0,169,0,155,0,20200521,0,0,0,0,Vietnam,越南
324,0,169,0,155,0,20200522,0,0,0,0,Vietnam,越南
324,0,169,0,155,0,20200523,0,0,0,0,Vietnam,越南
325,1,267,98,58,-97,20200524,0,0,0,0,Vietnam,越南
325,0,267,0,58,0,20200525,0,0,0,0,Vietnam,越南
326,1,267,0,59,1,20200526,0,0,0,0,Vietnam,越南
327,1,267,0,60,1,20200527,0,0,0,0,Vietnam,越南
327,0,267,0,60,0,20200528,0,0,0,0,Vietnam,越南
327,0,267,0,60,0,20200529,0,0,0,0,Vietnam,越南
327,0,267,0,60,0,20200530,0,0,0,0,Vietnam,越南
328,1,267,0,61,1,20200531,0,0,0,0,Vietnam,越南
328,0,267,0,61,0,20200601,0,0,0,0,Vietnam,越南
328,0,267,0,61,0,20200602,0,0,0,0,Vietnam,越南
328,0,267,0,61,0,20200603,0,0,0,0,Vietnam,越南
328,0,267,0,61,0,20200604,0,0,0,0,Vietnam,越南
328,0,267,0,61,0,20200605,0,0,0,0,Vietnam,越南
329,1,267,0,62,1,20200606,0,0,0,0,Vietnam,越南
329,0,267,0,62,0,20200607,0,0,0,0,Vietnam,越南
331,2,267,0,64,2,20200608,0,0,0,0,Vietnam,越南
332,1,267,0,65,1,20200609,0,0,0,0,Vietnam,越南
332,0,267,0,65,0,20200610,0,0,0,0,Vietnam,越南
332,0,267,0,65,0,20200611,0,0,0,0,Vietnam,越南
332,0,267,0,65,0,20200612,0,0,0,0,Vietnam,越南
332,0,267,0,65,0,20200613,0,0,0,0,Vietnam,越南
334,2,267,0,67,2,20200614,0,0,0,0,Vietnam,越南
334,0,267,0,67,0,20200615,0,0,0,0,Vietnam,越南
334,0,267,0,67,0,20200616,0,0,0,0,Vietnam,越南
334,0,267,0,67,0,20200617,0,0,0,0,Vietnam,越南
335,1,267,0,68,1,20200618,0,0,0,0,Vietnam,越南
342,7,267,0,75,7,20200619,0,0,0,0,Vietnam,越南
349,7,267,0,82,7,20200620,0,0,0,0,Vietnam,越南
349,0,267,0,82,0,20200621,0,0,0,0,Vietnam,越南
349,0,267,0,82,0,20200622,0,0,0,0,Vietnam,越南
349,0,267,0,82,0,20200623,0,0,0,0,Vietnam,越南
352,3,267,0,85,3,20200624,0,0,0,0,Vietnam,越南
352,0,267,0,85,0,20200625,0,0,0,0,Vietnam,越南
352,0,267,0,85,0,20200626,0,0,0,0,Vietnam,越南
353,1,267,0,86,1,20200627,0,0,0,0,Vietnam,越南
355,2,267,0,88,2,20200628,0,0,0,0,Vietnam,越南
355,0,267,0,88,0,20200629,0,0,0,0,Vietnam,越南
355,0,267,0,88,0,20200630,0,0,0,0,Vietnam,越南
355,0,267,0,88,0,20200701,0,0,0,0,Vietnam,越南
355,0,267,0,88,0,20200702,0,0,0,0,Vietnam,越南
355,0,267,0,88,0,20200703,0,0,0,0,Vietnam,越南
355,0,267,0,88,0,20200704,0,0,0,0,Vietnam,越南
355,0,267,0,88,0,20200705,0,0,0,0,Vietnam,越南
355,0,267,0,88,0,20200706,0,0,0,0,Vietnam,越南
369,14,267,0,102,14,20200707,0,0,0,0,Vietnam,越南
369,0,267,0,102,0,20200708,0,0,0,0,Vietnam,越南
