﻿confirmedCount,confirmedIncr,curedCount,curedIncr,currentConfirmedCount,currentConfirmedIncr,dateId,deadCount,deadIncr,suspectedCount,suspectedCountIncr,countryFullName,countryName
1,1,0,0,1,1,20200320,0,0,0,0,Zimbabwe,津巴布韦
2,1,0,0,2,1,20200321,0,0,0,0,Zimbabwe,津巴布韦
2,0,0,0,2,0,20200322,0,0,0,0,Zimbabwe,津巴布韦
2,0,0,0,1,-1,20200323,1,1,0,0,Zimbabwe,津巴布韦
3,1,0,0,2,1,20200324,1,0,0,0,Zimbabwe,津巴布韦
3,0,0,0,2,0,20200325,1,0,0,0,Zimbabwe,津巴布韦
5,2,0,0,4,2,20200326,1,0,0,0,Zimbabwe,津巴布韦
7,2,0,0,6,2,20200327,1,0,0,0,Zimbabwe,津巴布韦
7,0,0,0,6,0,20200328,1,0,0,0,Zimbabwe,津巴布韦
7,0,0,0,6,0,20200329,1,0,0,0,Zimbabwe,津巴布韦
8,1,0,0,7,1,20200330,1,0,0,0,Zimbabwe,津巴布韦
8,0,0,0,7,0,20200331,1,0,0,0,Zimbabwe,津巴布韦
8,0,0,0,7,0,20200401,1,0,0,0,Zimbabwe,津巴布韦
9,1,0,0,8,1,20200402,1,0,0,0,Zimbabwe,津巴布韦
9,0,0,0,8,0,20200403,1,0,0,0,Zimbabwe,津巴布韦
9,0,0,0,8,0,20200404,1,0,0,0,Zimbabwe,津巴布韦
9,0,0,0,8,0,20200405,1,0,0,0,Zimbabwe,津巴布韦
10,1,0,0,9,1,20200406,1,0,0,0,Zimbabwe,津巴布韦
11,1,0,0,9,0,20200407,2,1,0,0,Zimbabwe,津巴布韦
11,0,0,0,8,-1,20200408,3,1,0,0,Zimbabwe,津巴布韦
11,0,0,0,8,0,20200409,3,0,0,0,Zimbabwe,津巴布韦
13,2,0,0,10,2,20200410,3,0,0,0,Zimbabwe,津巴布韦
14,1,0,0,11,1,20200411,3,0,0,0,Zimbabwe,津巴布韦
14,0,0,0,11,0,20200412,3,0,0,0,Zimbabwe,津巴布韦
14,0,0,0,11,0,20200413,3,0,0,0,Zimbabwe,津巴布韦
18,4,0,0,15,4,20200414,3,0,0,0,Zimbabwe,津巴布韦
23,5,1,1,19,4,20200415,3,0,0,0,Zimbabwe,津巴布韦
24,1,2,1,19,0,20200416,3,0,0,0,Zimbabwe,津巴布韦
24,0,2,0,19,0,20200417,3,0,0,0,Zimbabwe,津巴布韦
25,1,2,0,20,1,20200418,3,0,0,0,Zimbabwe,津巴布韦
25,0,2,0,20,0,20200419,3,0,0,0,Zimbabwe,津巴布韦
25,0,2,0,20,0,20200420,3,0,0,0,Zimbabwe,津巴布韦
28,3,2,0,23,3,20200421,3,0,0,0,Zimbabwe,津巴布韦
28,0,2,0,22,-1,20200422,4,1,0,0,Zimbabwe,津巴布韦
28,0,2,0,22,0,20200423,4,0,0,0,Zimbabwe,津巴布韦
29,1,2,0,23,1,20200424,4,0,0,0,Zimbabwe,津巴布韦
31,2,2,0,25,2,20200425,4,0,0,0,Zimbabwe,津巴布韦
31,0,2,0,25,0,20200426,4,0,0,0,Zimbabwe,津巴布韦
31,0,2,0,25,0,20200427,4,0,0,0,Zimbabwe,津巴布韦
31,0,2,0,25,0,20200428,4,0,0,0,Zimbabwe,津巴布韦
32,1,2,0,26,1,20200429,4,0,0,0,Zimbabwe,津巴布韦
40,8,5,3,31,5,20200430,4,0,0,0,Zimbabwe,津巴布韦
34,-6,5,0,25,-6,20200501,4,0,0,0,Zimbabwe,津巴布韦
34,0,5,0,25,0,20200502,4,0,0,0,Zimbabwe,津巴布韦
34,0,5,0,25,0,20200503,4,0,0,0,Zimbabwe,津巴布韦
34,0,5,0,25,0,20200504,4,0,0,0,Zimbabwe,津巴布韦
34,0,5,0,25,0,20200505,4,0,0,0,Zimbabwe,津巴布韦
34,0,5,0,25,0,20200506,4,0,0,0,Zimbabwe,津巴布韦
34,0,5,0,25,0,20200507,4,0,0,0,Zimbabwe,津巴布韦
34,0,5,0,25,0,20200508,4,0,0,0,Zimbabwe,津巴布韦
34,0,5,0,25,0,20200509,4,0,0,0,Zimbabwe,津巴布韦
35,1,5,0,26,1,20200510,4,0,0,0,Zimbabwe,津巴布韦
36,1,5,0,27,1,20200511,4,0,0,0,Zimbabwe,津巴布韦
36,0,5,0,27,0,20200512,4,0,0,0,Zimbabwe,津巴布韦
37,1,5,0,28,1,20200513,4,0,0,0,Zimbabwe,津巴布韦
37,0,5,0,28,0,20200514,4,0,0,0,Zimbabwe,津巴布韦
37,0,5,0,28,0,20200515,4,0,0,0,Zimbabwe,津巴布韦
42,5,5,0,33,5,20200516,4,0,0,0,Zimbabwe,津巴布韦
44,2,5,0,35,2,20200517,4,0,0,0,Zimbabwe,津巴布韦
44,0,5,0,35,0,20200518,4,0,0,0,Zimbabwe,津巴布韦
46,2,5,0,37,2,20200519,4,0,0,0,Zimbabwe,津巴布韦
46,0,5,0,37,0,20200520,4,0,0,0,Zimbabwe,津巴布韦
48,2,5,0,39,2,20200521,4,0,0,0,Zimbabwe,津巴布韦
51,3,5,0,42,3,20200522,4,0,0,0,Zimbabwe,津巴布韦
51,0,5,0,42,0,20200523,4,0,0,0,Zimbabwe,津巴布韦
56,5,5,0,47,5,20200524,4,0,0,0,Zimbabwe,津巴布韦
56,0,5,0,47,0,20200525,4,0,0,0,Zimbabwe,津巴布韦
56,0,5,0,47,0,20200526,4,0,0,0,Zimbabwe,津巴布韦
56,0,5,0,47,0,20200527,4,0,0,0,Zimbabwe,津巴布韦
149,93,28,23,117,70,20200528,4,0,0,0,Zimbabwe,津巴布韦
149,0,28,0,117,0,20200529,4,0,0,0,Zimbabwe,津巴布韦
149,0,28,0,117,0,20200530,4,0,0,0,Zimbabwe,津巴布韦
174,25,28,0,142,25,20200531,4,0,0,0,Zimbabwe,津巴布韦
178,4,28,0,146,4,20200601,4,0,0,0,Zimbabwe,津巴布韦
178,0,28,0,146,0,20200602,4,0,0,0,Zimbabwe,津巴布韦
206,28,28,0,174,28,20200603,4,0,0,0,Zimbabwe,津巴布韦
222,16,28,0,190,16,20200604,4,0,0,0,Zimbabwe,津巴布韦
265,43,33,5,228,38,20200605,4,0,0,0,Zimbabwe,津巴布韦
265,0,33,0,228,0,20200606,4,0,0,0,Zimbabwe,津巴布韦
279,14,33,0,242,14,20200607,4,0,0,0,Zimbabwe,津巴布韦
279,0,33,0,242,0,20200608,4,0,0,0,Zimbabwe,津巴布韦
314,35,46,13,264,22,20200609,4,0,0,0,Zimbabwe,津巴布韦
314,0,46,0,264,0,20200610,4,0,0,0,Zimbabwe,津巴布韦
320,6,46,0,270,6,20200611,4,0,0,0,Zimbabwe,津巴布韦
332,12,46,0,282,12,20200612,4,0,0,0,Zimbabwe,津巴布韦
343,11,46,0,293,11,20200613,4,0,0,0,Zimbabwe,津巴布韦
383,40,54,8,325,32,20200614,4,0,0,0,Zimbabwe,津巴布韦
383,0,54,0,325,0,20200615,4,0,0,0,Zimbabwe,津巴布韦
387,4,54,0,329,4,20200616,4,0,0,0,Zimbabwe,津巴布韦
387,0,54,0,329,0,20200617,4,0,0,0,Zimbabwe,津巴布韦
463,76,63,9,396,67,20200618,4,0,0,0,Zimbabwe,津巴布韦
463,0,63,0,396,0,20200619,4,0,0,0,Zimbabwe,津巴布韦
479,16,63,0,412,16,20200620,4,0,0,0,Zimbabwe,津巴布韦
479,0,63,0,412,0,20200621,4,0,0,0,Zimbabwe,津巴布韦
512,33,64,1,442,30,20200622,6,2,0,0,Zimbabwe,津巴布韦
512,0,64,0,442,0,20200623,6,0,0,0,Zimbabwe,津巴布韦
525,13,64,0,455,13,20200624,6,0,0,0,Zimbabwe,津巴布韦
551,26,128,64,417,-38,20200625,6,0,0,0,Zimbabwe,津巴布韦
551,0,128,0,417,0,20200626,6,0,0,0,Zimbabwe,津巴布韦
561,10,128,0,426,9,20200627,7,1,0,0,Zimbabwe,津巴布韦
567,6,128,0,432,6,20200628,7,0,0,0,Zimbabwe,津巴布韦
567,0,128,0,432,0,20200629,7,0,0,0,Zimbabwe,津巴布韦
574,7,128,0,439,7,20200630,7,0,0,0,Zimbabwe,津巴布韦
591,17,128,0,456,17,20200701,7,0,0,0,Zimbabwe,津巴布韦
605,14,128,0,470,14,20200702,7,0,0,0,Zimbabwe,津巴布韦
617,12,128,0,482,12,20200703,7,0,0,0,Zimbabwe,津巴布韦
625,8,128,0,490,8,20200704,7,0,0,0,Zimbabwe,津巴布韦
698,73,128,0,562,72,20200705,8,1,0,0,Zimbabwe,津巴布韦
716,18,128,0,580,18,20200706,8,0,0,0,Zimbabwe,津巴布韦
787,71,201,73,577,-3,20200707,9,1,0,0,Zimbabwe,津巴布韦
885,98,206,5,670,93,20200708,9,0,0,0,Zimbabwe,津巴布韦
