﻿confirmedCount,confirmedIncr,curedCount,curedIncr,currentConfirmedCount,currentConfirmedIncr,dateId,deadCount,deadIncr,suspectedCount,suspectedCountIncr,provinceName
5,5,0,0,5,5,20200120,0,0,0,0,北京市
10,5,0,0,10,5,20200121,0,0,0,0,北京市
14,4,0,0,14,4,20200122,0,0,0,0,北京市
26,12,0,0,26,12,20200123,0,0,0,0,北京市
36,10,0,0,36,10,20200124,0,0,0,0,北京市
51,15,2,2,49,13,20200125,0,0,0,0,北京市
68,17,2,0,66,17,20200126,0,0,0,0,北京市
80,12,2,0,77,11,20200127,1,1,0,0,北京市
102,22,4,2,97,20,20200128,1,0,0,0,北京市
114,12,4,0,109,12,20200129,1,0,0,0,北京市
132,18,5,1,126,17,20200130,1,0,0,0,北京市
156,24,5,0,150,24,20200131,1,0,0,0,北京市
183,27,9,4,173,23,20200201,1,0,0,0,北京市
212,29,12,3,199,26,20200202,1,0,0,0,北京市
228,16,23,11,204,5,20200203,1,0,0,0,北京市
253,25,24,1,228,24,20200204,1,0,0,0,北京市
274,21,31,7,242,14,20200205,1,0,0,0,北京市
297,23,33,2,263,21,20200206,1,0,0,0,北京市
315,18,34,1,279,16,20200207,2,1,0,0,北京市
326,11,37,3,287,8,20200208,2,0,0,0,北京市
337,11,44,7,291,4,20200209,2,0,0,0,北京市
342,5,48,4,291,0,20200210,3,1,0,0,北京市
352,10,56,8,293,2,20200211,3,0,0,0,北京市
366,14,68,12,295,2,20200212,3,0,0,0,北京市
372,6,79,11,290,-5,20200213,3,0,0,0,北京市
375,3,97,18,274,-16,20200214,4,1,0,0,北京市
380,5,105,8,271,-3,20200215,4,0,0,0,北京市
381,1,114,9,263,-8,20200216,4,0,0,0,北京市
387,6,122,8,261,-2,20200217,4,0,0,0,北京市
393,6,145,23,244,-17,20200218,4,0,0,0,北京市
395,2,153,8,238,-6,20200219,4,0,0,0,北京市
396,1,169,16,223,-15,20200220,4,0,0,0,北京市
399,3,178,9,217,-6,20200221,4,0,0,0,北京市
399,0,189,11,206,-11,20200222,4,0,0,0,北京市
399,0,198,9,197,-9,20200223,4,0,0,0,北京市
400,1,215,17,181,-16,20200224,4,0,0,0,北京市
400,0,235,20,161,-20,20200225,4,0,0,0,北京市
410,10,248,13,157,-4,20200226,5,1,0,0,北京市
410,0,257,9,146,-11,20200227,7,2,0,0,北京市
410,0,257,0,146,0,20200228,7,0,0,0,北京市
413,3,276,19,129,-17,20200229,8,1,0,0,北京市
414,1,282,6,124,-5,20200301,8,0,0,0,北京市
414,0,288,6,118,-6,20200302,8,0,0,0,北京市
417,3,294,6,115,-3,20200303,8,0,0,0,北京市
418,1,297,3,113,-2,20200304,8,0,0,0,北京市
422,4,298,1,116,3,20200305,8,0,0,0,北京市
426,4,303,5,115,-1,20200306,8,0,0,0,北京市
428,2,308,5,112,-3,20200307,8,0,0,0,北京市
428,0,315,7,105,-7,20200308,8,0,0,0,北京市
429,1,320,5,101,-4,20200309,8,0,0,0,北京市
435,6,326,6,101,0,20200310,8,0,0,0,北京市
435,0,334,8,93,-8,20200311,8,0,0,0,北京市
436,1,342,8,86,-7,20200312,8,0,0,0,北京市
437,1,349,7,80,-6,20200313,8,0,0,0,北京市
442,5,353,4,81,1,20200314,8,0,0,0,北京市
446,4,358,5,80,-1,20200315,8,0,0,0,北京市
455,9,368,10,79,-1,20200316,8,0,0,0,北京市
458,3,373,5,77,-2,20200317,8,0,0,0,北京市
479,21,379,6,92,15,20200318,8,0,0,0,北京市
485,6,384,5,93,1,20200319,8,0,0,0,北京市
499,14,392,8,99,6,20200320,8,0,0,0,北京市
512,13,398,6,106,7,20200321,8,0,0,0,北京市
522,10,400,2,114,8,20200322,8,0,0,0,北京市
554,32,401,1,145,31,20200323,8,0,0,0,北京市
559,5,401,0,150,5,20200324,8,0,1,1,北京市
565,6,403,2,154,4,20200325,8,0,2,1,北京市
569,4,406,3,155,1,20200326,8,0,3,1,北京市
572,3,409,3,155,0,20200327,8,0,3,0,北京市
576,4,411,2,157,2,20200328,8,0,157,154,北京市
577,1,412,1,157,0,20200329,8,0,157,0,北京市
580,3,416,4,156,-1,20200330,8,0,157,0,北京市
580,0,418,2,154,-2,20200331,8,0,164,7,北京市
582,2,424,6,150,-4,20200401,8,0,164,0,北京市
583,1,434,10,141,-9,20200402,8,0,0,-164,北京市
585,2,438,4,139,-2,20200403,8,0,0,0,北京市
586,1,441,3,137,-2,20200404,8,0,164,164,北京市
587,1,443,2,136,-1,20200405,8,0,164,0,北京市
587,0,448,5,131,-5,20200406,8,0,164,0,北京市
588,1,455,7,125,-6,20200407,8,0,0,-164,北京市
588,0,464,9,116,-9,20200408,8,0,0,0,北京市
588,0,469,5,111,-5,20200409,8,0,164,164,北京市
589,1,474,5,107,-4,20200410,8,0,164,0,北京市
589,0,479,5,102,-5,20200411,8,0,164,0,北京市
589,0,484,5,97,-5,20200412,8,0,164,0,北京市
589,0,491,7,90,-7,20200413,8,0,164,0,北京市
590,1,495,4,87,-3,20200414,8,0,164,0,北京市
593,3,503,8,82,-5,20200415,8,0,164,0,北京市
593,0,509,6,76,-6,20200416,8,0,164,0,北京市
593,0,509,0,76,0,20200417,8,0,164,0,北京市
593,0,510,1,75,-1,20200418,8,0,164,0,北京市
593,0,514,4,71,-4,20200419,8,0,164,0,北京市
593,0,516,2,69,-2,20200420,8,0,164,0,北京市
593,0,518,2,67,-2,20200421,8,0,164,0,北京市
593,0,522,4,63,-4,20200422,8,0,164,0,北京市
593,0,524,2,61,-2,20200423,8,0,164,0,北京市
593,0,525,1,60,-1,20200424,8,0,164,0,北京市
593,0,525,0,60,0,20200425,8,0,164,0,北京市
593,0,525,0,59,-1,20200426,9,1,164,0,北京市
593,0,536,11,48,-11,20200427,9,0,164,0,北京市
593,0,538,2,46,-2,20200428,9,0,164,0,北京市
593,0,542,4,42,-4,20200429,9,0,164,0,北京市
593,0,547,5,37,-5,20200430,9,0,164,0,北京市
593,0,547,0,37,0,20200501,9,0,164,0,北京市
593,0,551,4,33,-4,20200502,9,0,164,0,北京市
593,0,553,2,31,-2,20200503,9,0,164,0,北京市
593,0,554,1,30,-1,20200504,9,0,164,0,北京市
593,0,555,1,29,-1,20200505,9,0,164,0,北京市
593,0,557,2,27,-2,20200506,9,0,164,0,北京市
593,0,560,3,24,-3,20200507,9,0,164,0,北京市
593,0,563,3,21,-3,20200508,9,0,164,0,北京市
593,0,565,2,19,-2,20200509,9,0,164,0,北京市
593,0,568,3,16,-3,20200510,9,0,164,0,北京市
593,0,571,3,13,-3,20200511,9,0,164,0,北京市
593,0,573,2,11,-2,20200512,9,0,164,0,北京市
593,0,574,1,10,-1,20200513,9,0,164,0,北京市
593,0,574,0,10,0,20200514,9,0,164,0,北京市
593,0,576,2,8,-2,20200515,9,0,164,0,北京市
593,0,577,1,7,-1,20200516,9,0,164,0,北京市
593,0,578,1,6,-1,20200517,9,0,164,0,北京市
593,0,578,0,6,0,20200518,9,0,164,0,北京市
593,0,578,0,6,0,20200519,9,0,164,0,北京市
593,0,579,1,5,-1,20200520,9,0,164,0,北京市
593,0,579,0,5,0,20200521,9,0,164,0,北京市
593,0,579,0,5,0,20200522,9,0,164,0,北京市
593,0,581,2,3,-2,20200523,9,0,164,0,北京市
593,0,581,0,3,0,20200524,9,0,164,0,北京市
593,0,581,0,3,0,20200525,9,0,164,0,北京市
593,0,581,0,3,0,20200526,9,0,164,0,北京市
593,0,581,0,3,0,20200527,9,0,164,0,北京市
593,0,581,0,3,0,20200528,9,0,164,0,北京市
593,0,581,0,3,0,20200529,9,0,164,0,北京市
593,0,581,0,3,0,20200530,9,0,164,0,北京市
593,0,581,0,3,0,20200531,9,0,164,0,北京市
593,0,581,0,3,0,20200601,9,0,164,0,北京市
594,1,582,1,3,0,20200602,9,0,164,0,北京市
594,0,583,1,2,-1,20200603,9,0,164,0,北京市
594,0,583,0,2,0,20200604,9,0,164,0,北京市
594,0,583,0,2,0,20200605,9,0,164,0,北京市
594,0,583,0,2,0,20200606,9,0,164,0,北京市
594,0,583,0,2,0,20200607,9,0,164,0,北京市
594,0,584,1,1,-1,20200608,9,0,164,0,北京市
594,0,584,0,1,0,20200609,9,0,164,0,北京市
594,0,584,0,1,0,20200610,9,0,164,0,北京市
595,1,584,0,2,1,20200611,9,0,164,0,北京市
601,6,584,0,8,6,20200612,9,0,164,0,北京市
637,36,584,0,44,36,20200613,9,0,164,0,北京市
673,36,584,0,80,36,20200614,9,0,164,0,北京市
700,27,584,0,107,27,20200615,9,0,164,0,北京市
731,31,584,0,138,31,20200616,9,0,164,0,北京市
752,21,584,0,159,21,20200617,9,0,164,0,北京市
777,25,584,0,184,25,20200618,9,0,164,0,北京市
799,22,584,0,206,22,20200619,9,0,164,0,北京市
821,22,584,0,228,22,20200620,9,0,164,0,北京市
830,9,584,0,237,9,20200621,9,0,164,0,北京市
843,13,584,0,250,13,20200622,9,0,164,0,北京市
850,7,584,0,257,7,20200623,9,0,164,0,北京市
863,13,584,0,270,13,20200624,9,0,164,0,北京市
874,11,585,1,280,10,20200625,9,0,164,0,北京市
891,17,585,0,297,17,20200626,9,0,164,0,北京市
905,14,585,0,311,14,20200627,9,0,164,0,北京市
912,7,585,0,318,7,20200628,9,0,164,0,北京市
919,7,586,1,324,6,20200629,9,0,164,0,北京市
922,3,587,1,326,2,20200630,9,0,164,0,北京市
923,1,589,2,325,-1,20200701,9,0,164,0,北京市
925,2,592,3,324,-1,20200702,9,0,164,0,北京市
926,1,594,2,323,-1,20200703,9,0,164,0,北京市
928,2,595,1,324,1,20200704,9,0,164,0,北京市
929,1,596,1,324,0,20200705,9,0,164,0,北京市
929,0,600,4,320,-4,20200706,9,0,164,0,北京市
929,0,613,13,307,-13,20200707,9,0,164,0,北京市
929,0,645,32,275,-32,20200708,9,0,164,0,北京市
