﻿confirmedCount,confirmedIncr,curedCount,curedIncr,currentConfirmedCount,currentConfirmedIncr,dateId,deadCount,deadIncr,suspectedCount,suspectedCountIncr,provinceName
7,7,0,0,7,7,20200122,0,0,0,0,四川省
15,8,0,0,15,8,20200123,0,0,0,0,四川省
28,13,0,0,28,13,20200124,0,0,0,0,四川省
44,16,0,0,44,16,20200125,0,0,0,0,四川省
69,25,0,0,69,25,20200126,0,0,0,0,四川省
90,21,0,0,90,21,20200127,0,0,0,0,四川省
108,18,0,0,108,18,20200128,0,0,0,0,四川省
142,34,1,1,140,32,20200129,1,1,0,0,四川省
177,35,1,0,175,35,20200130,1,0,0,0,四川省
207,30,3,2,203,28,20200131,1,0,0,0,四川省
231,24,3,0,227,24,20200201,1,0,0,0,四川省
254,23,12,9,241,14,20200202,1,0,0,0,四川省
282,28,14,2,267,26,20200203,1,0,0,0,四川省
301,19,23,9,277,10,20200204,1,0,0,0,四川省
321,20,27,4,293,16,20200205,1,0,0,0,四川省
344,23,37,10,306,13,20200206,1,0,0,0,四川省
363,19,50,13,312,6,20200207,1,0,0,0,四川省
386,23,60,10,325,13,20200208,1,0,0,0,四川省
405,19,76,16,328,3,20200209,1,0,0,0,四川省
417,12,82,6,334,6,20200210,1,0,0,0,四川省
436,19,85,3,350,16,20200211,1,0,0,0,四川省
451,15,93,8,357,7,20200212,1,0,0,0,四川省
463,12,105,12,357,0,20200213,1,0,0,0,四川省
470,7,115,10,354,-3,20200214,1,0,0,0,四川省
481,11,127,12,351,-3,20200215,3,2,0,0,四川省
495,14,136,9,356,5,20200216,3,0,0,0,四川省
508,13,163,27,342,-14,20200217,3,0,0,0,四川省
514,6,177,14,334,-8,20200218,3,0,0,0,四川省
520,6,198,21,319,-15,20200219,3,0,0,0,四川省
525,5,222,24,300,-19,20200220,3,0,0,0,四川省
526,1,242,20,281,-19,20200221,3,0,0,0,四川省
526,0,256,14,267,-14,20200222,3,0,0,0,四川省
527,1,263,7,261,-6,20200223,3,0,0,0,四川省
529,2,278,15,248,-13,20200224,3,0,0,0,四川省
531,2,292,14,236,-12,20200225,3,0,0,0,四川省
534,3,310,18,221,-15,20200226,3,0,0,0,四川省
538,4,326,16,209,-12,20200227,3,0,0,0,四川省
538,0,350,24,185,-24,20200228,3,0,0,0,四川省
538,0,363,13,172,-13,20200229,3,0,0,0,四川省
538,0,378,15,157,-15,20200301,3,0,0,0,四川省
538,0,389,11,146,-11,20200302,3,0,0,0,四川省
538,0,400,11,135,-11,20200303,3,0,0,0,四川省
539,1,418,18,118,-17,20200304,3,0,0,0,四川省
539,0,428,10,108,-10,20200305,3,0,0,0,四川省
539,0,448,20,88,-20,20200306,3,0,0,0,四川省
539,0,457,9,79,-9,20200307,3,0,0,0,四川省
539,0,465,8,71,-8,20200308,3,0,0,0,四川省
539,0,470,5,66,-5,20200309,3,0,0,0,四川省
539,0,484,14,52,-14,20200310,3,0,0,0,四川省
539,0,494,10,42,-10,20200311,3,0,0,0,四川省
539,0,500,6,36,-6,20200312,3,0,0,0,四川省
539,0,510,10,26,-10,20200313,3,0,0,0,四川省
539,0,515,5,21,-5,20200314,3,0,0,0,四川省
539,0,516,1,20,-1,20200315,3,0,0,0,四川省
539,0,520,4,16,-4,20200316,3,0,0,0,四川省
540,1,525,5,12,-4,20200317,3,0,0,0,四川省
540,0,531,6,6,-6,20200318,3,0,0,0,四川省
541,1,536,5,2,-4,20200319,3,0,0,0,四川省
542,1,536,0,3,1,20200320,3,0,0,0,四川省
543,1,536,0,4,1,20200321,3,0,0,0,四川省
543,0,536,0,4,0,20200322,3,0,0,0,四川省
545,2,536,0,6,2,20200323,3,0,0,0,四川省
547,2,536,0,8,2,20200324,3,0,2,2,四川省
547,0,536,0,8,0,20200325,3,0,2,0,四川省
548,1,536,0,9,1,20200326,3,0,2,0,四川省
548,0,536,0,9,0,20200327,3,0,2,0,四川省
550,2,536,0,11,2,20200328,3,0,2,0,四川省
550,0,536,0,11,0,20200329,3,0,11,9,四川省
550,0,536,0,11,0,20200330,3,0,11,0,四川省
552,2,536,0,13,2,20200331,3,0,13,2,四川省
554,2,537,1,14,1,20200401,3,0,13,0,四川省
555,1,537,0,15,1,20200402,3,0,0,-13,四川省
557,2,538,1,16,1,20200403,3,0,0,0,四川省
558,1,539,1,16,0,20200404,3,0,13,13,四川省
559,1,540,1,16,0,20200405,3,0,13,0,四川省
560,1,541,1,16,0,20200406,3,0,13,0,四川省
560,0,541,0,16,0,20200407,3,0,0,-13,四川省
560,0,541,0,16,0,20200408,3,0,0,0,四川省
560,0,546,5,11,-5,20200409,3,0,13,13,四川省
560,0,547,1,10,-1,20200410,3,0,13,0,四川省
560,0,547,0,10,0,20200411,3,0,13,0,四川省
560,0,548,1,9,-1,20200412,3,0,13,0,四川省
560,0,548,0,9,0,20200413,3,0,13,0,四川省
560,0,550,2,7,-2,20200414,3,0,13,0,四川省
560,0,552,2,5,-2,20200415,3,0,13,0,四川省
560,0,552,0,5,0,20200416,3,0,13,0,四川省
561,1,553,1,5,0,20200417,3,0,13,0,四川省
561,0,554,1,4,-1,20200418,3,0,13,0,四川省
561,0,554,0,4,0,20200419,3,0,13,0,四川省
561,0,554,0,4,0,20200420,3,0,13,0,四川省
561,0,556,2,2,-2,20200421,3,0,13,0,四川省
561,0,557,1,1,-1,20200422,3,0,13,0,四川省
561,0,558,1,0,-1,20200423,3,0,13,0,四川省
561,0,558,0,0,0,20200424,3,0,13,0,四川省
561,0,558,0,0,0,20200425,3,0,13,0,四川省
561,0,558,0,0,0,20200426,3,0,13,0,四川省
561,0,558,0,0,0,20200427,3,0,13,0,四川省
561,0,558,0,0,0,20200428,3,0,13,0,四川省
561,0,558,0,0,0,20200429,3,0,13,0,四川省
561,0,558,0,0,0,20200430,3,0,13,0,四川省
561,0,558,0,0,0,20200501,3,0,13,0,四川省
561,0,558,0,0,0,20200502,3,0,13,0,四川省
561,0,558,0,0,0,20200503,3,0,13,0,四川省
561,0,558,0,0,0,20200504,3,0,13,0,四川省
561,0,558,0,0,0,20200505,3,0,13,0,四川省
561,0,558,0,0,0,20200506,3,0,13,0,四川省
561,0,558,0,0,0,20200507,3,0,13,0,四川省
561,0,558,0,0,0,20200508,3,0,13,0,四川省
561,0,558,0,0,0,20200509,3,0,13,0,四川省
561,0,558,0,0,0,20200510,3,0,13,0,四川省
561,0,558,0,0,0,20200511,3,0,13,0,四川省
561,0,558,0,0,0,20200512,3,0,13,0,四川省
561,0,558,0,0,0,20200513,3,0,13,0,四川省
561,0,558,0,0,0,20200514,3,0,13,0,四川省
561,0,558,0,0,0,20200515,3,0,13,0,四川省
561,0,558,0,0,0,20200516,3,0,13,0,四川省
561,0,558,0,0,0,20200517,3,0,13,0,四川省
561,0,558,0,0,0,20200518,3,0,13,0,四川省
561,0,558,0,0,0,20200519,3,0,13,0,四川省
561,0,558,0,0,0,20200520,3,0,13,0,四川省
563,2,558,0,2,2,20200521,3,0,13,0,四川省
563,0,558,0,2,0,20200522,3,0,13,0,四川省
563,0,558,0,2,0,20200523,3,0,13,0,四川省
564,1,558,0,3,1,20200524,3,0,13,0,四川省
564,0,558,0,3,0,20200525,3,0,13,0,四川省
564,0,558,0,3,0,20200526,3,0,13,0,四川省
564,0,558,0,3,0,20200527,3,0,13,0,四川省
564,0,558,0,3,0,20200528,3,0,13,0,四川省
564,0,558,0,3,0,20200529,3,0,13,0,四川省
564,0,558,0,3,0,20200530,3,0,13,0,四川省
575,11,558,0,14,11,20200531,3,0,13,0,四川省
577,2,558,0,16,2,20200601,3,0,13,0,四川省
577,0,558,0,16,0,20200602,3,0,13,0,四川省
577,0,558,0,16,0,20200603,3,0,13,0,四川省
578,1,558,0,17,1,20200604,3,0,13,0,四川省
578,0,558,0,17,0,20200605,3,0,13,0,四川省
578,0,558,0,17,0,20200606,3,0,13,0,四川省
581,3,558,0,20,3,20200607,3,0,13,0,四川省
582,1,558,0,21,1,20200608,3,0,13,0,四川省
582,0,558,0,21,0,20200609,3,0,13,0,四川省
582,0,560,2,19,-2,20200610,3,0,13,0,四川省
582,0,561,1,18,-1,20200611,3,0,13,0,四川省
583,1,562,1,18,0,20200612,3,0,13,0,四川省
583,0,563,1,17,-1,20200613,3,0,13,0,四川省
587,4,563,0,21,4,20200614,3,0,13,0,四川省
588,1,564,1,21,0,20200615,3,0,13,0,四川省
589,1,565,1,21,0,20200616,3,0,13,0,四川省
589,0,567,2,19,-2,20200617,3,0,13,0,四川省
589,0,569,2,17,-2,20200618,3,0,13,0,四川省
589,0,570,1,16,-1,20200619,3,0,13,0,四川省
589,0,570,0,16,0,20200620,3,0,13,0,四川省
589,0,570,0,16,0,20200621,3,0,13,0,四川省
589,0,572,2,14,-2,20200622,3,0,13,0,四川省
589,0,573,1,13,-1,20200623,3,0,13,0,四川省
589,0,575,2,11,-2,20200624,3,0,13,0,四川省
589,0,575,0,11,0,20200625,3,0,13,0,四川省
589,0,575,0,11,0,20200626,3,0,13,0,四川省
589,0,575,0,11,0,20200627,3,0,13,0,四川省
592,3,577,2,12,1,20200628,3,0,13,0,四川省
595,3,578,1,14,2,20200629,3,0,13,0,四川省
595,0,580,2,12,-2,20200630,3,0,13,0,四川省
595,0,580,0,12,0,20200701,3,0,13,0,四川省
595,0,581,1,11,-1,20200702,3,0,13,0,四川省
595,0,581,0,11,0,20200703,3,0,13,0,四川省
596,1,581,0,12,1,20200704,3,0,13,0,四川省
596,0,581,0,12,0,20200705,3,0,13,0,四川省
598,2,581,0,14,2,20200706,3,0,13,0,四川省
598,0,581,0,14,0,20200707,3,0,13,0,四川省
599,1,582,1,14,0,20200708,3,0,13,0,四川省
