﻿confirmedCount,confirmedIncr,curedCount,curedIncr,currentConfirmedCount,currentConfirmedIncr,dateId,deadCount,deadIncr,suspectedCount,suspectedCountIncr,provinceName
9,9,0,0,9,9,20200123,0,0,0,0,山东省
21,12,0,0,21,12,20200124,0,0,0,0,山东省
39,18,0,0,39,18,20200125,0,0,0,0,山东省
63,24,0,0,63,24,20200126,0,0,0,0,山东省
87,24,0,0,87,24,20200127,0,0,0,0,山东省
121,34,0,0,121,34,20200128,0,0,0,0,山东省
145,24,1,1,144,23,20200129,0,0,0,0,山东省
178,33,2,1,176,32,20200130,0,0,0,0,山东省
202,24,2,0,200,24,20200131,0,0,0,0,山东省
225,23,5,3,220,20,20200201,0,0,0,0,山东省
246,21,6,1,240,20,20200202,0,0,0,0,山东省
270,24,7,1,263,23,20200203,0,0,0,0,山东省
298,28,13,6,285,22,20200204,0,0,0,0,山东省
343,45,18,5,325,40,20200205,0,0,0,0,山东省
379,36,31,13,348,23,20200206,0,0,0,0,山东省
407,28,38,7,369,21,20200207,0,0,0,0,山东省
435,28,50,12,384,15,20200208,1,1,0,0,山东省
459,24,63,13,395,11,20200209,1,0,0,0,山东省
486,27,71,8,414,19,20200210,1,0,0,0,山东省
497,11,80,9,416,2,20200211,1,0,0,0,山东省
506,9,98,18,406,-10,20200212,2,1,0,0,山东省
519,13,111,13,406,0,20200213,2,0,0,0,山东省
530,11,139,28,389,-17,20200214,2,0,0,0,山东省
537,7,164,25,371,-18,20200215,2,0,0,0,山东省
541,4,175,11,364,-7,20200216,2,0,0,0,山东省
543,2,193,18,348,-16,20200217,2,0,0,0,山东省
544,1,215,22,326,-22,20200218,3,1,0,0,山东省
546,2,238,23,304,-22,20200219,4,1,0,0,山东省
748,202,270,32,474,170,20200220,4,0,0,0,山东省
750,2,293,23,453,-21,20200221,4,0,0,0,山东省
754,4,311,18,439,-14,20200222,4,0,0,0,山东省
755,1,325,14,426,-13,20200223,4,0,0,0,山东省
755,0,343,18,406,-20,20200224,6,2,0,0,山东省
756,1,357,14,393,-13,20200225,6,0,0,0,山东省
756,0,381,24,369,-24,20200226,6,0,0,0,山东省
756,0,390,9,360,-9,20200227,6,0,0,0,山东省
756,0,411,21,339,-21,20200228,6,0,0,0,山东省
756,0,431,20,319,-20,20200229,6,0,0,0,山东省
758,2,455,24,297,-22,20200301,6,0,0,0,山东省
758,0,497,42,255,-42,20200302,6,0,0,0,山东省
758,0,511,14,241,-14,20200303,6,0,0,0,山东省
758,0,576,65,176,-65,20200304,6,0,0,0,山东省
758,0,602,26,150,-26,20200305,6,0,0,0,山东省
758,0,625,23,127,-23,20200306,6,0,0,0,山东省
758,0,637,12,115,-12,20200307,6,0,0,0,山东省
758,0,647,10,105,-10,20200308,6,0,0,0,山东省
758,0,703,56,49,-56,20200309,6,0,0,0,山东省
759,1,721,18,32,-17,20200310,6,0,0,0,山东省
760,1,733,12,21,-11,20200311,6,0,0,0,山东省
760,0,739,6,14,-7,20200312,7,1,0,0,山东省
760,0,740,1,13,-1,20200313,7,0,0,0,山东省
760,0,741,1,12,-1,20200314,7,0,0,0,山东省
760,0,743,2,10,-2,20200315,7,0,0,0,山东省
761,1,746,3,8,-2,20200316,7,0,0,0,山东省
761,0,746,0,8,0,20200317,7,0,0,0,山东省
761,0,747,1,7,-1,20200318,7,0,0,0,山东省
762,1,748,1,7,0,20200319,7,0,0,0,山东省
764,2,749,1,8,1,20200320,7,0,0,0,山东省
765,1,750,1,8,0,20200321,7,0,0,0,山东省
767,2,751,1,9,1,20200322,7,0,0,0,山东省
768,1,752,1,9,0,20200323,7,0,0,0,山东省
769,1,752,0,10,1,20200324,7,0,0,0,山东省
769,0,752,0,10,0,20200325,7,0,0,0,山东省
771,2,752,0,12,2,20200326,7,0,12,12,山东省
772,1,752,0,13,1,20200327,7,0,12,0,山东省
772,0,752,0,13,0,20200328,7,0,12,0,山东省
773,1,753,1,13,0,20200329,7,0,14,2,山东省
774,1,753,0,14,1,20200330,7,0,14,0,山东省
774,0,753,0,14,0,20200331,7,0,14,0,山东省
775,1,753,0,15,1,20200401,7,0,14,0,山东省
778,3,754,1,17,2,20200402,7,0,0,-14,山东省
778,0,755,1,16,-1,20200403,7,0,0,0,山东省
779,1,755,0,17,1,20200404,7,0,14,14,山东省
780,1,755,0,18,1,20200405,7,0,14,0,山东省
781,1,755,0,19,1,20200406,7,0,14,0,山东省
783,2,755,0,21,2,20200407,7,0,0,-14,山东省
783,0,756,1,20,-1,20200408,7,0,0,0,山东省
783,0,756,0,20,0,20200409,7,0,14,14,山东省
784,1,757,1,20,0,20200410,7,0,14,0,山东省
784,0,757,0,20,0,20200411,7,0,14,0,山东省
784,0,758,1,19,-1,20200412,7,0,14,0,山东省
784,0,759,1,18,-1,20200413,7,0,14,0,山东省
784,0,761,2,16,-2,20200414,7,0,14,0,山东省
784,0,761,0,16,0,20200415,7,0,14,0,山东省
787,3,761,0,19,3,20200416,7,0,14,0,山东省
787,0,765,4,15,-4,20200417,7,0,14,0,山东省
787,0,765,0,15,0,20200418,7,0,14,0,山东省
787,0,765,0,15,0,20200419,7,0,14,0,山东省
787,0,765,0,15,0,20200420,7,0,14,0,山东省
787,0,766,1,14,-1,20200421,7,0,14,0,山东省
787,0,766,0,14,0,20200422,7,0,14,0,山东省
787,0,766,0,14,0,20200423,7,0,14,0,山东省
787,0,767,1,13,-1,20200424,7,0,14,0,山东省
787,0,767,0,13,0,20200425,7,0,14,0,山东省
787,0,768,1,12,-1,20200426,7,0,14,0,山东省
787,0,768,0,12,0,20200427,7,0,14,0,山东省
787,0,771,3,9,-3,20200428,7,0,14,0,山东省
787,0,772,1,8,-1,20200429,7,0,14,0,山东省
787,0,772,0,8,0,20200430,7,0,14,0,山东省
787,0,772,0,8,0,20200501,7,0,14,0,山东省
787,0,772,0,8,0,20200502,7,0,14,0,山东省
788,1,773,1,8,0,20200503,7,0,14,0,山东省
788,0,773,0,8,0,20200504,7,0,14,0,山东省
788,0,775,2,6,-2,20200505,7,0,14,0,山东省
788,0,775,0,6,0,20200506,7,0,14,0,山东省
788,0,776,1,5,-1,20200507,7,0,14,0,山东省
788,0,776,0,5,0,20200508,7,0,14,0,山东省
788,0,776,0,5,0,20200509,7,0,14,0,山东省
788,0,777,1,4,-1,20200510,7,0,14,0,山东省
788,0,777,0,4,0,20200511,7,0,14,0,山东省
788,0,777,0,4,0,20200512,7,0,14,0,山东省
788,0,777,0,4,0,20200513,7,0,14,0,山东省
788,0,778,1,3,-1,20200514,7,0,14,0,山东省
788,0,780,2,1,-2,20200515,7,0,14,0,山东省
788,0,780,0,1,0,20200516,7,0,14,0,山东省
788,0,780,0,1,0,20200517,7,0,14,0,山东省
788,0,780,0,1,0,20200518,7,0,14,0,山东省
788,0,780,0,1,0,20200519,7,0,14,0,山东省
788,0,780,0,1,0,20200520,7,0,14,0,山东省
788,0,780,0,1,0,20200521,7,0,14,0,山东省
788,0,780,0,1,0,20200522,7,0,14,0,山东省
788,0,780,0,1,0,20200523,7,0,14,0,山东省
788,0,780,0,1,0,20200524,7,0,14,0,山东省
788,0,780,0,1,0,20200525,7,0,14,0,山东省
788,0,780,0,1,0,20200526,7,0,14,0,山东省
788,0,780,0,1,0,20200527,7,0,14,0,山东省
788,0,780,0,1,0,20200528,7,0,14,0,山东省
790,2,780,0,3,2,20200529,7,0,14,0,山东省
792,2,780,0,5,2,20200530,7,0,14,0,山东省
792,0,780,0,5,0,20200531,7,0,14,0,山东省
792,0,780,0,5,0,20200601,7,0,14,0,山东省
792,0,780,0,5,0,20200602,7,0,14,0,山东省
792,0,780,0,5,0,20200603,7,0,14,0,山东省
792,0,780,0,5,0,20200604,7,0,14,0,山东省
792,0,780,0,5,0,20200605,7,0,14,0,山东省
792,0,780,0,5,0,20200606,7,0,14,0,山东省
792,0,781,1,4,-1,20200607,7,0,14,0,山东省
792,0,781,0,4,0,20200608,7,0,14,0,山东省
792,0,781,0,4,0,20200609,7,0,14,0,山东省
792,0,781,0,4,0,20200610,7,0,14,0,山东省
792,0,781,0,4,0,20200611,7,0,14,0,山东省
792,0,781,0,4,0,20200612,7,0,14,0,山东省
792,0,782,1,3,-1,20200613,7,0,14,0,山东省
792,0,782,0,3,0,20200614,7,0,14,0,山东省
792,0,783,1,2,-1,20200615,7,0,14,0,山东省
792,0,783,0,2,0,20200616,7,0,14,0,山东省
792,0,783,0,2,0,20200617,7,0,14,0,山东省
792,0,783,0,2,0,20200618,7,0,14,0,山东省
792,0,785,2,0,-2,20200619,7,0,14,0,山东省
792,0,785,0,0,0,20200620,7,0,14,0,山东省
792,0,785,0,0,0,20200621,7,0,14,0,山东省
792,0,785,0,0,0,20200622,7,0,14,0,山东省
792,0,785,0,0,0,20200623,7,0,14,0,山东省
792,0,785,0,0,0,20200624,7,0,14,0,山东省
792,0,785,0,0,0,20200625,7,0,14,0,山东省
792,0,785,0,0,0,20200626,7,0,14,0,山东省
792,0,785,0,0,0,20200627,7,0,14,0,山东省
792,0,785,0,0,0,20200628,7,0,14,0,山东省
792,0,785,0,0,0,20200629,7,0,14,0,山东省
792,0,785,0,0,0,20200630,7,0,14,0,山东省
792,0,785,0,0,0,20200701,7,0,14,0,山东省
792,0,785,0,0,0,20200702,7,0,14,0,山东省
792,0,785,0,0,0,20200703,7,0,14,0,山东省
792,0,785,0,0,0,20200704,7,0,14,0,山东省
792,0,785,0,0,0,20200705,7,0,14,0,山东省
792,0,785,0,0,0,20200706,7,0,14,0,山东省
792,0,785,0,0,0,20200707,7,0,14,0,山东省
792,0,785,0,0,0,20200708,7,0,14,0,山东省
