﻿confirmedCount,confirmedIncr,curedCount,curedIncr,currentConfirmedCount,currentConfirmedIncr,dateId,deadCount,deadIncr,suspectedCount,suspectedCountIncr,provinceName
1,1,0,0,1,1,20200122,0,0,0,0,山西省
1,0,0,0,1,0,20200123,0,0,0,0,山西省
6,5,0,0,6,5,20200124,0,0,0,0,山西省
9,3,0,0,9,3,20200125,0,0,0,0,山西省
13,4,0,0,13,4,20200126,0,0,0,0,山西省
20,7,0,0,20,7,20200127,0,0,0,0,山西省
27,7,0,0,27,7,20200128,0,0,0,0,山西省
35,8,1,1,34,7,20200129,0,0,0,0,山西省
39,4,1,0,38,4,20200130,0,0,0,0,山西省
47,8,1,0,46,8,20200131,0,0,0,0,山西省
56,9,1,0,55,9,20200201,0,0,0,0,山西省
66,10,2,1,64,9,20200202,0,0,0,0,山西省
74,8,2,0,72,8,20200203,0,0,0,0,山西省
81,7,4,2,77,5,20200204,0,0,0,0,山西省
90,9,6,2,84,7,20200205,0,0,0,0,山西省
96,6,12,6,84,0,20200206,0,0,0,0,山西省
104,8,15,3,89,5,20200207,0,0,0,0,山西省
115,11,21,6,94,5,20200208,0,0,0,0,山西省
119,4,25,4,94,0,20200209,0,0,0,0,山西省
122,3,26,1,96,2,20200210,0,0,0,0,山西省
124,2,30,4,94,-2,20200211,0,0,0,0,山西省
126,2,33,3,93,-1,20200212,0,0,0,0,山西省
126,0,36,3,90,-3,20200213,0,0,0,0,山西省
127,1,38,2,89,-1,20200214,0,0,0,0,山西省
128,1,46,8,82,-7,20200215,0,0,0,0,山西省
129,1,50,4,79,-3,20200216,0,0,0,0,山西省
130,1,53,3,77,-2,20200217,0,0,0,0,山西省
131,1,61,8,70,-7,20200218,0,0,0,0,山西省
131,0,68,7,63,-7,20200219,0,0,0,0,山西省
132,1,76,8,56,-7,20200220,0,0,0,0,山西省
132,0,78,2,54,-2,20200221,0,0,0,0,山西省
132,0,81,3,51,-3,20200222,0,0,0,0,山西省
132,0,88,7,44,-7,20200223,0,0,0,0,山西省
133,1,94,6,39,-5,20200224,0,0,0,0,山西省
133,0,98,4,35,-4,20200225,0,0,0,0,山西省
133,0,104,6,29,-6,20200226,0,0,0,0,山西省
133,0,107,3,26,-3,20200227,0,0,0,0,山西省
133,0,112,5,21,-5,20200228,0,0,0,0,山西省
133,0,114,2,19,-2,20200229,0,0,0,0,山西省
133,0,116,2,17,-2,20200301,0,0,0,0,山西省
133,0,119,3,14,-3,20200302,0,0,0,0,山西省
133,0,124,5,9,-5,20200303,0,0,0,0,山西省
133,0,124,0,9,0,20200304,0,0,0,0,山西省
133,0,126,2,7,-2,20200305,0,0,0,0,山西省
133,0,126,0,7,0,20200306,0,0,0,0,山西省
133,0,126,0,7,0,20200307,0,0,0,0,山西省
133,0,126,0,7,0,20200308,0,0,0,0,山西省
133,0,127,1,6,-1,20200309,0,0,0,0,山西省
133,0,131,4,2,-4,20200310,0,0,0,0,山西省
133,0,131,0,2,0,20200311,0,0,0,0,山西省
133,0,132,1,1,-1,20200312,0,0,0,0,山西省
133,0,133,1,0,-1,20200313,0,0,0,0,山西省
133,0,133,0,0,0,20200314,0,0,0,0,山西省
133,0,133,0,0,0,20200315,0,0,0,0,山西省
133,0,133,0,0,0,20200316,0,0,0,0,山西省
133,0,133,0,0,0,20200317,0,0,0,0,山西省
133,0,133,0,0,0,20200318,0,0,0,0,山西省
133,0,133,0,0,0,20200319,0,0,0,0,山西省
133,0,133,0,0,0,20200320,0,0,0,0,山西省
133,0,133,0,0,0,20200321,0,0,0,0,山西省
133,0,133,0,0,0,20200322,0,0,0,0,山西省
134,1,133,0,1,1,20200323,0,0,0,0,山西省
134,0,133,0,1,0,20200324,0,0,0,0,山西省
135,1,133,0,2,1,20200325,0,0,0,0,山西省
135,0,133,0,2,0,20200326,0,0,0,0,山西省
135,0,133,0,2,0,20200327,0,0,0,0,山西省
136,1,133,0,3,1,20200328,0,0,1,1,山西省
136,0,133,0,3,0,20200329,0,0,1,0,山西省
136,0,133,0,3,0,20200330,0,0,1,0,山西省
137,1,133,0,4,1,20200331,0,0,4,3,山西省
137,0,133,0,4,0,20200401,0,0,4,0,山西省
137,0,133,0,4,0,20200402,0,0,0,-4,山西省
137,0,133,0,4,0,20200403,0,0,0,0,山西省
138,1,133,0,5,1,20200404,0,0,5,5,山西省
138,0,133,0,5,0,20200405,0,0,5,0,山西省
138,0,133,0,5,0,20200406,0,0,5,0,山西省
163,25,134,1,29,24,20200407,0,0,0,-5,山西省
166,3,134,0,32,3,20200408,0,0,0,0,山西省
168,2,134,0,34,2,20200409,0,0,5,5,山西省
172,4,135,1,37,3,20200410,0,0,5,0,山西省
172,0,135,0,37,0,20200411,0,0,5,0,山西省
173,1,135,0,38,1,20200412,0,0,5,0,山西省
173,0,135,0,38,0,20200413,0,0,5,0,山西省
186,13,135,0,51,13,20200414,0,0,18,13,山西省
194,8,135,0,59,8,20200415,0,0,18,0,山西省
197,3,135,0,62,3,20200416,0,0,18,0,山西省
197,0,135,0,62,0,20200417,0,0,18,0,山西省
197,0,135,0,62,0,20200418,0,0,18,0,山西省
197,0,135,0,62,0,20200419,0,0,18,0,山西省
197,0,140,5,57,-5,20200420,0,0,18,0,山西省
197,0,140,0,57,0,20200421,0,0,18,0,山西省
197,0,142,2,55,-2,20200422,0,0,18,0,山西省
197,0,142,0,55,0,20200423,0,0,18,0,山西省
197,0,149,7,48,-7,20200424,0,0,18,0,山西省
197,0,154,5,43,-5,20200425,0,0,18,0,山西省
197,0,157,3,40,-3,20200426,0,0,18,0,山西省
197,0,160,3,37,-3,20200427,0,0,18,0,山西省
197,0,160,0,37,0,20200428,0,0,18,0,山西省
197,0,164,4,33,-4,20200429,0,0,18,0,山西省
197,0,172,8,25,-8,20200430,0,0,18,0,山西省
197,0,176,4,21,-4,20200501,0,0,18,0,山西省
198,1,176,0,22,1,20200502,0,0,18,0,山西省
198,0,180,4,18,-4,20200503,0,0,64,46,山西省
198,0,190,10,8,-10,20200504,0,0,64,0,山西省
198,0,193,3,5,-3,20200505,0,0,64,0,山西省
198,0,194,1,4,-1,20200506,0,0,64,0,山西省
198,0,195,1,3,-1,20200507,0,0,64,0,山西省
198,0,196,1,2,-1,20200508,0,0,64,0,山西省
198,0,197,1,1,-1,20200509,0,0,64,0,山西省
198,0,197,0,1,0,20200510,0,0,64,0,山西省
198,0,197,0,1,0,20200511,0,0,64,0,山西省
198,0,198,1,0,-1,20200512,0,0,64,0,山西省
198,0,198,0,0,0,20200513,0,0,64,0,山西省
198,0,198,0,0,0,20200514,0,0,64,0,山西省
198,0,198,0,0,0,20200515,0,0,64,0,山西省
198,0,198,0,0,0,20200516,0,0,64,0,山西省
198,0,198,0,0,0,20200517,0,0,64,0,山西省
198,0,198,0,0,0,20200518,0,0,64,0,山西省
198,0,198,0,0,0,20200519,0,0,64,0,山西省
198,0,198,0,0,0,20200520,0,0,64,0,山西省
198,0,198,0,0,0,20200521,0,0,64,0,山西省
198,0,198,0,0,0,20200522,0,0,64,0,山西省
198,0,198,0,0,0,20200523,0,0,64,0,山西省
198,0,198,0,0,0,20200524,0,0,64,0,山西省
198,0,198,0,0,0,20200525,0,0,64,0,山西省
198,0,198,0,0,0,20200526,0,0,64,0,山西省
198,0,198,0,0,0,20200527,0,0,64,0,山西省
198,0,198,0,0,0,20200528,0,0,64,0,山西省
198,0,198,0,0,0,20200529,0,0,64,0,山西省
198,0,198,0,0,0,20200530,0,0,64,0,山西省
198,0,198,0,0,0,20200531,0,0,64,0,山西省
198,0,198,0,0,0,20200601,0,0,64,0,山西省
198,0,198,0,0,0,20200602,0,0,64,0,山西省
198,0,198,0,0,0,20200603,0,0,64,0,山西省
198,0,198,0,0,0,20200604,0,0,64,0,山西省
198,0,198,0,0,0,20200605,0,0,64,0,山西省
198,0,198,0,0,0,20200606,0,0,64,0,山西省
198,0,198,0,0,0,20200607,0,0,64,0,山西省
198,0,198,0,0,0,20200608,0,0,64,0,山西省
198,0,198,0,0,0,20200609,0,0,64,0,山西省
198,0,198,0,0,0,20200610,0,0,64,0,山西省
198,0,198,0,0,0,20200611,0,0,64,0,山西省
198,0,198,0,0,0,20200612,0,0,64,0,山西省
198,0,198,0,0,0,20200613,0,0,64,0,山西省
198,0,198,0,0,0,20200614,0,0,64,0,山西省
198,0,198,0,0,0,20200615,0,0,64,0,山西省
198,0,198,0,0,0,20200616,0,0,64,0,山西省
198,0,198,0,0,0,20200617,0,0,64,0,山西省
198,0,198,0,0,0,20200618,0,0,64,0,山西省
198,0,198,0,0,0,20200619,0,0,64,0,山西省
198,0,198,0,0,0,20200620,0,0,64,0,山西省
198,0,198,0,0,0,20200621,0,0,64,0,山西省
198,0,198,0,0,0,20200622,0,0,64,0,山西省
198,0,198,0,0,0,20200623,0,0,64,0,山西省
198,0,198,0,0,0,20200624,0,0,64,0,山西省
198,0,198,0,0,0,20200625,0,0,64,0,山西省
198,0,198,0,0,0,20200626,0,0,64,0,山西省
198,0,198,0,0,0,20200627,0,0,64,0,山西省
198,0,198,0,0,0,20200628,0,0,64,0,山西省
198,0,198,0,0,0,20200629,0,0,64,0,山西省
198,0,198,0,0,0,20200630,0,0,64,0,山西省
198,0,198,0,0,0,20200701,0,0,64,0,山西省
198,0,198,0,0,0,20200702,0,0,64,0,山西省
198,0,198,0,0,0,20200703,0,0,64,0,山西省
198,0,198,0,0,0,20200704,0,0,64,0,山西省
198,0,198,0,0,0,20200705,0,0,64,0,山西省
198,0,198,0,0,0,20200706,0,0,64,0,山西省
199,1,198,0,1,1,20200707,0,0,64,0,山西省
199,0,198,0,1,0,20200708,0,0,64,0,山西省
