﻿confirmedCount,confirmedIncr,curedCount,curedIncr,currentConfirmedCount,currentConfirmedIncr,dateId,deadCount,deadIncr,suspectedCount,suspectedCountIncr,provinceName
1,1,0,0,1,1,20200122,0,0,0,0,江苏省
9,8,0,0,9,8,20200123,0,0,0,0,江苏省
18,9,1,1,17,8,20200124,0,0,0,0,江苏省
31,13,1,0,30,13,20200125,0,0,0,0,江苏省
47,16,1,0,46,16,20200126,0,0,0,0,江苏省
70,23,1,0,69,23,20200127,0,0,0,0,江苏省
99,29,1,0,98,29,20200128,0,0,0,0,江苏省
129,30,1,0,128,30,20200129,0,0,0,0,江苏省
168,39,2,1,166,38,20200130,0,0,0,0,江苏省
202,34,5,3,197,31,20200131,0,0,0,0,江苏省
236,34,6,1,230,33,20200201,0,0,0,0,江苏省
271,35,7,1,264,34,20200202,0,0,0,0,江苏省
308,37,8,1,300,36,20200203,0,0,0,0,江苏省
341,33,13,5,328,28,20200204,0,0,0,0,江苏省
373,32,26,13,347,19,20200205,0,0,0,0,江苏省
408,35,38,12,370,23,20200206,0,0,0,0,江苏省
439,31,43,5,396,26,20200207,0,0,0,0,江苏省
468,29,51,8,417,21,20200208,0,0,0,0,江苏省
492,24,72,21,420,3,20200209,0,0,0,0,江苏省
515,23,84,12,431,11,20200210,0,0,0,0,江苏省
543,28,94,10,449,18,20200211,0,0,0,0,江苏省
570,27,131,37,439,-10,20200212,0,0,0,0,江苏省
593,23,137,6,456,17,20200213,0,0,0,0,江苏省
604,11,160,23,444,-12,20200214,0,0,0,0,江苏省
617,13,190,30,427,-17,20200215,0,0,0,0,江苏省
626,9,226,36,400,-27,20200216,0,0,0,0,江苏省
629,3,263,37,366,-34,20200217,0,0,0,0,江苏省
631,2,296,33,335,-31,20200218,0,0,0,0,江苏省
631,0,325,29,306,-29,20200219,0,0,0,0,江苏省
631,0,352,27,279,-27,20200220,0,0,0,0,江苏省
631,0,387,35,244,-35,20200221,0,0,0,0,江苏省
631,0,411,24,220,-24,20200222,0,0,0,0,江苏省
631,0,427,16,204,-16,20200223,0,0,0,0,江苏省
631,0,458,31,173,-31,20200224,0,0,0,0,江苏省
631,0,463,5,168,-5,20200225,0,0,0,0,江苏省
631,0,494,31,137,-31,20200226,0,0,0,0,江苏省
631,0,506,12,125,-12,20200227,0,0,0,0,江苏省
631,0,519,13,112,-13,20200228,0,0,0,0,江苏省
631,0,529,10,102,-10,20200229,0,0,0,0,江苏省
631,0,536,7,95,-7,20200301,0,0,0,0,江苏省
631,0,555,19,76,-19,20200302,0,0,0,0,江苏省
631,0,565,10,66,-10,20200303,0,0,0,0,江苏省
631,0,580,15,51,-15,20200304,0,0,0,0,江苏省
631,0,588,8,43,-8,20200305,0,0,0,0,江苏省
631,0,601,13,30,-13,20200306,0,0,0,0,江苏省
631,0,610,9,21,-9,20200307,0,0,0,0,江苏省
631,0,618,8,13,-8,20200308,0,0,0,0,江苏省
631,0,622,4,9,-4,20200309,0,0,0,0,江苏省
631,0,627,5,4,-5,20200310,0,0,0,0,江苏省
631,0,628,1,3,-1,20200311,0,0,0,0,江苏省
631,0,630,2,1,-2,20200312,0,0,0,0,江苏省
631,0,630,0,1,0,20200313,0,0,0,0,江苏省
631,0,631,1,0,-1,20200314,0,0,0,0,江苏省
631,0,631,0,0,0,20200315,0,0,0,0,江苏省
631,0,631,0,0,0,20200316,0,0,0,0,江苏省
631,0,631,0,0,0,20200317,0,0,0,0,江苏省
631,0,631,0,0,0,20200318,0,0,0,0,江苏省
631,0,631,0,0,0,20200319,0,0,0,0,江苏省
631,0,631,0,0,0,20200320,0,0,0,0,江苏省
633,2,631,0,2,2,20200321,0,0,0,0,江苏省
633,0,631,0,2,0,20200322,0,0,0,0,江苏省
636,3,631,0,5,3,20200323,0,0,0,0,江苏省
638,2,631,0,7,2,20200324,0,0,0,0,江苏省
640,2,631,0,9,2,20200325,0,0,0,0,江苏省
641,1,631,0,10,1,20200326,0,0,0,0,江苏省
641,0,631,0,10,0,20200327,0,0,0,0,江苏省
644,3,631,0,13,3,20200328,0,0,3,3,江苏省
645,1,631,0,14,1,20200329,0,0,3,0,江苏省
646,1,631,0,15,1,20200330,0,0,3,0,江苏省
646,0,631,0,15,0,20200331,0,0,3,0,江苏省
647,1,631,0,16,1,20200401,0,0,3,0,江苏省
651,4,632,1,19,3,20200402,0,0,0,-3,江苏省
651,0,632,0,19,0,20200403,0,0,0,0,江苏省
651,0,633,1,18,-1,20200404,0,0,3,3,江苏省
651,0,633,0,18,0,20200405,0,0,3,0,江苏省
651,0,633,0,18,0,20200406,0,0,3,0,江苏省
651,0,633,0,18,0,20200407,0,0,0,-3,江苏省
651,0,633,0,18,0,20200408,0,0,0,0,江苏省
651,0,634,1,17,-1,20200409,0,0,3,3,江苏省
652,1,636,2,16,-1,20200410,0,0,3,0,江苏省
653,1,638,2,15,-1,20200411,0,0,3,0,江苏省
653,0,638,0,15,0,20200412,0,0,3,0,江苏省
653,0,641,3,12,-3,20200413,0,0,3,0,江苏省
653,0,642,1,11,-1,20200414,0,0,3,0,江苏省
653,0,642,0,11,0,20200415,0,0,3,0,江苏省
653,0,643,1,10,-1,20200416,0,0,3,0,江苏省
653,0,643,0,10,0,20200417,0,0,3,0,江苏省
653,0,643,0,10,0,20200418,0,0,3,0,江苏省
653,0,643,0,10,0,20200419,0,0,3,0,江苏省
653,0,644,1,9,-1,20200420,0,0,3,0,江苏省
653,0,645,1,8,-1,20200421,0,0,3,0,江苏省
653,0,645,0,8,0,20200422,0,0,3,0,江苏省
653,0,646,1,7,-1,20200423,0,0,3,0,江苏省
653,0,646,0,7,0,20200424,0,0,3,0,江苏省
653,0,646,0,7,0,20200425,0,0,3,0,江苏省
653,0,646,0,7,0,20200426,0,0,3,0,江苏省
653,0,646,0,7,0,20200427,0,0,3,0,江苏省
653,0,647,1,6,-1,20200428,0,0,3,0,江苏省
653,0,648,1,5,-1,20200429,0,0,3,0,江苏省
653,0,650,2,3,-2,20200430,0,0,3,0,江苏省
653,0,650,0,3,0,20200501,0,0,3,0,江苏省
653,0,650,0,3,0,20200502,0,0,3,0,江苏省
653,0,650,0,3,0,20200503,0,0,3,0,江苏省
653,0,650,0,3,0,20200504,0,0,3,0,江苏省
653,0,650,0,3,0,20200505,0,0,3,0,江苏省
653,0,651,1,2,-1,20200506,0,0,3,0,江苏省
653,0,652,1,1,-1,20200507,0,0,3,0,江苏省
653,0,652,0,1,0,20200508,0,0,3,0,江苏省
653,0,652,0,1,0,20200509,0,0,3,0,江苏省
653,0,653,1,0,-1,20200510,0,0,3,0,江苏省
653,0,653,0,0,0,20200511,0,0,3,0,江苏省
653,0,653,0,0,0,20200512,0,0,3,0,江苏省
653,0,653,0,0,0,20200513,0,0,3,0,江苏省
653,0,653,0,0,0,20200514,0,0,3,0,江苏省
653,0,653,0,0,0,20200515,0,0,3,0,江苏省
653,0,653,0,0,0,20200516,0,0,3,0,江苏省
653,0,653,0,0,0,20200517,0,0,3,0,江苏省
653,0,653,0,0,0,20200518,0,0,3,0,江苏省
653,0,653,0,0,0,20200519,0,0,3,0,江苏省
653,0,653,0,0,0,20200520,0,0,3,0,江苏省
653,0,653,0,0,0,20200521,0,0,3,0,江苏省
653,0,653,0,0,0,20200522,0,0,3,0,江苏省
653,0,653,0,0,0,20200523,0,0,3,0,江苏省
653,0,653,0,0,0,20200524,0,0,3,0,江苏省
653,0,653,0,0,0,20200525,0,0,3,0,江苏省
653,0,653,0,0,0,20200526,0,0,3,0,江苏省
653,0,653,0,0,0,20200527,0,0,3,0,江苏省
653,0,653,0,0,0,20200528,0,0,3,0,江苏省
653,0,653,0,0,0,20200529,0,0,3,0,江苏省
653,0,653,0,0,0,20200530,0,0,3,0,江苏省
653,0,653,0,0,0,20200531,0,0,3,0,江苏省
653,0,653,0,0,0,20200601,0,0,3,0,江苏省
653,0,653,0,0,0,20200602,0,0,3,0,江苏省
653,0,653,0,0,0,20200603,0,0,3,0,江苏省
653,0,653,0,0,0,20200604,0,0,3,0,江苏省
653,0,653,0,0,0,20200605,0,0,3,0,江苏省
653,0,653,0,0,0,20200606,0,0,3,0,江苏省
653,0,653,0,0,0,20200607,0,0,3,0,江苏省
653,0,653,0,0,0,20200608,0,0,3,0,江苏省
653,0,653,0,0,0,20200609,0,0,3,0,江苏省
653,0,653,0,0,0,20200610,0,0,3,0,江苏省
653,0,653,0,0,0,20200611,0,0,3,0,江苏省
653,0,653,0,0,0,20200612,0,0,3,0,江苏省
653,0,653,0,0,0,20200613,0,0,3,0,江苏省
653,0,653,0,0,0,20200614,0,0,3,0,江苏省
653,0,653,0,0,0,20200615,0,0,3,0,江苏省
653,0,653,0,0,0,20200616,0,0,3,0,江苏省
653,0,653,0,0,0,20200617,0,0,3,0,江苏省
653,0,653,0,0,0,20200618,0,0,3,0,江苏省
653,0,653,0,0,0,20200619,0,0,3,0,江苏省
653,0,653,0,0,0,20200620,0,0,3,0,江苏省
653,0,653,0,0,0,20200621,0,0,3,0,江苏省
654,1,653,0,1,1,20200622,0,0,3,0,江苏省
654,0,653,0,1,0,20200623,0,0,3,0,江苏省
654,0,653,0,1,0,20200624,0,0,3,0,江苏省
654,0,653,0,1,0,20200625,0,0,3,0,江苏省
654,0,653,0,1,0,20200626,0,0,3,0,江苏省
654,0,653,0,1,0,20200627,0,0,3,0,江苏省
654,0,653,0,1,0,20200628,0,0,3,0,江苏省
654,0,653,0,1,0,20200629,0,0,3,0,江苏省
654,0,654,1,0,-1,20200630,0,0,3,0,江苏省
654,0,653,-1,1,1,20200701,0,0,3,0,江苏省
654,0,653,0,1,0,20200702,0,0,3,0,江苏省
654,0,653,0,1,0,20200703,0,0,3,0,江苏省
654,0,653,0,1,0,20200704,0,0,3,0,江苏省
654,0,653,0,1,0,20200705,0,0,3,0,江苏省
654,0,653,0,1,0,20200706,0,0,3,0,江苏省
654,0,654,1,0,-1,20200707,0,0,3,0,江苏省
654,0,654,0,0,0,20200708,0,0,3,0,江苏省
