﻿confirmedCount,confirmedIncr,curedCount,curedIncr,currentConfirmedCount,currentConfirmedIncr,dateId,deadCount,deadIncr,suspectedCount,suspectedCountIncr,provinceName
4,4,0,0,4,4,20200122,0,0,0,0,海南省
8,4,0,0,8,4,20200123,0,0,0,0,海南省
17,9,0,0,17,9,20200124,0,0,0,0,海南省
19,2,0,0,19,2,20200125,0,0,0,0,海南省
22,3,0,0,22,3,20200126,0,0,0,0,海南省
33,11,0,0,32,10,20200127,1,1,0,0,海南省
43,10,0,0,42,10,20200128,1,0,0,0,海南省
46,3,1,1,44,2,20200129,1,0,0,0,海南省
49,3,1,0,47,3,20200130,1,0,0,0,海南省
57,8,1,0,55,8,20200131,1,0,0,0,海南省
63,6,1,0,61,6,20200201,1,0,0,0,海南省
70,7,4,3,65,4,20200202,1,0,0,0,海南省
79,9,4,0,74,9,20200203,1,0,0,0,海南省
89,10,4,0,84,10,20200204,1,0,0,0,海南省
100,11,5,1,94,10,20200205,1,0,0,0,海南省
111,11,8,3,101,7,20200206,2,1,0,0,海南省
122,11,11,3,109,8,20200207,2,0,0,0,海南省
128,6,15,4,111,2,20200208,2,0,0,0,海南省
136,8,19,4,114,3,20200209,3,1,0,0,海南省
142,6,19,0,120,6,20200210,3,0,0,0,海南省
145,3,20,1,122,2,20200211,3,0,0,0,海南省
157,12,27,7,126,4,20200212,4,1,0,0,海南省
157,0,30,3,123,-3,20200213,4,0,0,0,海南省
162,5,38,8,120,-3,20200214,4,0,0,0,海南省
162,0,39,1,119,-1,20200215,4,0,0,0,海南省
162,0,52,13,106,-13,20200216,4,0,0,0,海南省
163,1,59,7,100,-6,20200217,4,0,0,0,海南省
163,0,79,20,80,-20,20200218,4,0,0,0,海南省
168,5,84,5,80,0,20200219,4,0,0,0,海南省
168,0,89,5,75,-5,20200220,4,0,0,0,海南省
168,0,96,7,68,-7,20200221,4,0,0,0,海南省
168,0,104,8,60,-8,20200222,4,0,0,0,海南省
168,0,106,2,57,-3,20200223,5,1,0,0,海南省
168,0,116,10,47,-10,20200224,5,0,0,0,海南省
168,0,124,8,39,-8,20200225,5,0,0,0,海南省
168,0,129,5,34,-5,20200226,5,0,0,0,海南省
168,0,132,3,31,-3,20200227,5,0,0,0,海南省
168,0,136,4,27,-4,20200228,5,0,0,0,海南省
168,0,148,12,15,-12,20200229,5,0,0,0,海南省
168,0,151,3,12,-3,20200301,5,0,0,0,海南省
168,0,151,0,12,0,20200302,5,0,0,0,海南省
168,0,155,4,8,-4,20200303,5,0,0,0,海南省
168,0,158,3,5,-3,20200304,5,0,0,0,海南省
168,0,158,0,4,-1,20200305,6,1,0,0,海南省
168,0,158,0,4,0,20200306,6,0,0,0,海南省
168,0,158,0,4,0,20200307,6,0,0,0,海南省
168,0,159,1,3,-1,20200308,6,0,0,0,海南省
168,0,159,0,3,0,20200309,6,0,0,0,海南省
168,0,159,0,3,0,20200310,6,0,0,0,海南省
168,0,159,0,3,0,20200311,6,0,0,0,海南省
168,0,160,1,2,-1,20200312,6,0,0,0,海南省
168,0,160,0,2,0,20200313,6,0,0,0,海南省
168,0,160,0,2,0,20200314,6,0,0,0,海南省
168,0,160,0,2,0,20200315,6,0,0,0,海南省
168,0,161,1,1,-1,20200316,6,0,0,0,海南省
168,0,161,0,1,0,20200317,6,0,0,0,海南省
168,0,161,0,1,0,20200318,6,0,0,0,海南省
168,0,161,0,1,0,20200319,6,0,0,0,海南省
168,0,161,0,1,0,20200320,6,0,0,0,海南省
168,0,161,0,1,0,20200321,6,0,0,0,海南省
168,0,161,0,1,0,20200322,6,0,0,0,海南省
168,0,161,0,1,0,20200323,6,0,0,0,海南省
168,0,162,1,0,-1,20200324,6,0,0,0,海南省
168,0,162,0,0,0,20200325,6,0,0,0,海南省
168,0,162,0,0,0,20200326,6,0,0,0,海南省
168,0,162,0,0,0,20200327,6,0,0,0,海南省
168,0,162,0,0,0,20200328,6,0,0,0,海南省
168,0,162,0,0,0,20200329,6,0,0,0,海南省
168,0,162,0,0,0,20200330,6,0,0,0,海南省
168,0,162,0,0,0,20200331,6,0,0,0,海南省
168,0,162,0,0,0,20200401,6,0,0,0,海南省
168,0,162,0,0,0,20200402,6,0,0,0,海南省
168,0,162,0,0,0,20200403,6,0,0,0,海南省
168,0,162,0,0,0,20200404,6,0,0,0,海南省
168,0,162,0,0,0,20200405,6,0,0,0,海南省
168,0,162,0,0,0,20200406,6,0,0,0,海南省
168,0,162,0,0,0,20200407,6,0,0,0,海南省
168,0,162,0,0,0,20200408,6,0,0,0,海南省
168,0,162,0,0,0,20200409,6,0,0,0,海南省
168,0,162,0,0,0,20200410,6,0,0,0,海南省
168,0,162,0,0,0,20200411,6,0,0,0,海南省
168,0,162,0,0,0,20200412,6,0,0,0,海南省
168,0,162,0,0,0,20200413,6,0,0,0,海南省
168,0,162,0,0,0,20200414,6,0,0,0,海南省
168,0,162,0,0,0,20200415,6,0,0,0,海南省
168,0,162,0,0,0,20200416,6,0,0,0,海南省
168,0,162,0,0,0,20200417,6,0,0,0,海南省
168,0,162,0,0,0,20200418,6,0,0,0,海南省
168,0,162,0,0,0,20200419,6,0,0,0,海南省
168,0,162,0,0,0,20200420,6,0,0,0,海南省
168,0,162,0,0,0,20200421,6,0,0,0,海南省
168,0,162,0,0,0,20200422,6,0,0,0,海南省
168,0,162,0,0,0,20200423,6,0,0,0,海南省
168,0,162,0,0,0,20200424,6,0,0,0,海南省
168,0,162,0,0,0,20200425,6,0,0,0,海南省
168,0,162,0,0,0,20200426,6,0,0,0,海南省
168,0,162,0,0,0,20200427,6,0,0,0,海南省
168,0,162,0,0,0,20200428,6,0,0,0,海南省
168,0,162,0,0,0,20200429,6,0,0,0,海南省
168,0,162,0,0,0,20200430,6,0,0,0,海南省
168,0,162,0,0,0,20200501,6,0,0,0,海南省
168,0,162,0,0,0,20200502,6,0,0,0,海南省
168,0,162,0,0,0,20200503,6,0,0,0,海南省
168,0,162,0,0,0,20200504,6,0,0,0,海南省
168,0,162,0,0,0,20200505,6,0,0,0,海南省
168,0,162,0,0,0,20200506,6,0,0,0,海南省
168,0,162,0,0,0,20200507,6,0,0,0,海南省
168,0,162,0,0,0,20200508,6,0,0,0,海南省
168,0,162,0,0,0,20200509,6,0,0,0,海南省
168,0,162,0,0,0,20200510,6,0,0,0,海南省
168,0,162,0,0,0,20200511,6,0,0,0,海南省
168,0,162,0,0,0,20200512,6,0,0,0,海南省
168,0,162,0,0,0,20200513,6,0,0,0,海南省
168,0,162,0,0,0,20200514,6,0,0,0,海南省
169,1,162,0,1,1,20200515,6,0,0,0,海南省
169,0,162,0,1,0,20200516,6,0,0,0,海南省
169,0,162,0,1,0,20200517,6,0,0,0,海南省
169,0,162,0,1,0,20200518,6,0,0,0,海南省
169,0,162,0,1,0,20200519,6,0,0,0,海南省
169,0,162,0,1,0,20200520,6,0,0,0,海南省
169,0,162,0,1,0,20200521,6,0,0,0,海南省
169,0,162,0,1,0,20200522,6,0,0,0,海南省
169,0,162,0,1,0,20200523,6,0,0,0,海南省
169,0,162,0,1,0,20200524,6,0,0,0,海南省
169,0,162,0,1,0,20200525,6,0,0,0,海南省
169,0,162,0,1,0,20200526,6,0,0,0,海南省
169,0,162,0,1,0,20200527,6,0,0,0,海南省
169,0,162,0,1,0,20200528,6,0,0,0,海南省
169,0,163,1,0,-1,20200529,6,0,0,0,海南省
169,0,163,0,0,0,20200530,6,0,0,0,海南省
169,0,163,0,0,0,20200531,6,0,0,0,海南省
169,0,162,-1,1,1,20200601,6,0,0,0,海南省
169,0,162,0,1,0,20200602,6,0,0,0,海南省
169,0,162,0,1,0,20200603,6,0,0,0,海南省
169,0,162,0,1,0,20200604,6,0,0,0,海南省
169,0,162,0,1,0,20200605,6,0,0,0,海南省
170,1,162,0,2,1,20200606,6,0,0,0,海南省
170,0,162,0,2,0,20200607,6,0,0,0,海南省
170,0,162,0,2,0,20200608,6,0,0,0,海南省
169,-1,162,0,1,-1,20200609,6,0,0,0,海南省
169,0,162,0,1,0,20200610,6,0,0,0,海南省
169,0,162,0,1,0,20200611,6,0,0,0,海南省
171,2,162,0,3,2,20200612,6,0,0,0,海南省
171,0,162,0,3,0,20200613,6,0,0,0,海南省
171,0,163,1,2,-1,20200614,6,0,0,0,海南省
171,0,163,0,2,0,20200615,6,0,0,0,海南省
171,0,163,0,2,0,20200616,6,0,0,0,海南省
171,0,163,0,2,0,20200617,6,0,0,0,海南省
171,0,163,0,2,0,20200618,6,0,0,0,海南省
171,0,163,0,2,0,20200619,6,0,0,0,海南省
171,0,163,0,2,0,20200620,6,0,0,0,海南省
171,0,163,0,2,0,20200621,6,0,0,0,海南省
171,0,163,0,2,0,20200622,6,0,0,0,海南省
171,0,163,0,2,0,20200623,6,0,0,0,海南省
171,0,163,0,2,0,20200624,6,0,0,0,海南省
171,0,165,2,0,-2,20200625,6,0,0,0,海南省
171,0,165,0,0,0,20200626,6,0,0,0,海南省
171,0,165,0,0,0,20200627,6,0,0,0,海南省
171,0,165,0,0,0,20200628,6,0,0,0,海南省
171,0,165,0,0,0,20200629,6,0,0,0,海南省
171,0,165,0,0,0,20200630,6,0,0,0,海南省
171,0,165,0,0,0,20200701,6,0,0,0,海南省
171,0,165,0,0,0,20200702,6,0,0,0,海南省
171,0,165,0,0,0,20200703,6,0,0,0,海南省
171,0,165,0,0,0,20200704,6,0,0,0,海南省
171,0,165,0,0,0,20200705,6,0,0,0,海南省
171,0,165,0,0,0,20200706,6,0,0,0,海南省
171,0,165,0,0,0,20200707,6,0,0,0,海南省
171,0,165,0,0,0,20200708,6,0,0,0,海南省
