﻿confirmedCount,confirmedIncr,curedCount,curedIncr,currentConfirmedCount,currentConfirmedIncr,dateId,deadCount,deadIncr,suspectedCount,suspectedCountIncr,provinceName
270,270,25,25,239,239,20200120,6,6,0,0,湖北省
375,105,28,3,338,99,20200121,9,3,0,0,湖北省
444,69,28,0,399,61,20200122,17,8,0,0,湖北省
549,105,31,3,494,95,20200123,24,7,0,0,湖北省
729,180,32,1,658,164,20200124,39,15,0,0,湖北省
1052,323,42,10,958,300,20200125,52,13,0,0,湖北省
1423,371,44,2,1303,345,20200126,76,24,0,0,湖北省
2714,1291,47,3,2567,1264,20200127,100,24,0,0,湖北省
3554,840,80,33,3349,782,20200128,125,25,0,0,湖北省
4586,1032,90,10,4334,985,20200129,162,37,0,0,湖北省
5806,1220,116,26,5486,1152,20200130,204,42,0,0,湖北省
7153,1347,166,50,6738,1252,20200131,249,45,0,0,湖北省
9074,1921,215,49,8565,1827,20200201,294,45,0,0,湖北省
11177,2103,295,80,10532,1967,20200202,350,56,0,0,湖北省
13522,2345,396,101,12712,2180,20200203,414,64,0,0,湖北省
16678,3156,520,124,15679,2967,20200204,479,65,0,0,湖北省
19665,2987,633,113,18483,2804,20200205,549,70,0,0,湖北省
22112,2447,817,184,20677,2194,20200206,618,69,0,0,湖北省
24953,2841,1115,298,23139,2462,20200207,699,81,0,0,湖北省
27100,2147,1439,324,24881,1742,20200208,780,81,0,0,湖北省
29631,2531,1795,356,26965,2084,20200209,871,91,0,0,湖北省
31728,2097,2222,427,28532,1567,20200210,974,103,0,0,湖北省
33366,1638,2639,417,29659,1127,20200211,1068,94,0,0,湖北省
48206,14840,3441,802,43455,13796,20200212,1310,242,0,0,湖北省
51986,3780,4131,690,46429,2974,20200213,1426,116,0,0,湖北省
54406,2420,4774,643,48175,1746,20200214,1457,31,0,0,湖北省
56249,1843,5623,849,49030,855,20200215,1596,139,0,0,湖北省
58182,1933,6639,1016,49847,817,20200216,1696,100,0,0,湖北省
59989,1807,7862,1223,50338,491,20200217,1789,93,0,0,湖北省
61682,1693,9128,1266,50633,295,20200218,1921,132,0,0,湖北省
62031,349,10337,1209,49665,-968,20200219,2029,108,0,0,湖北省
62662,631,11788,1451,48730,-935,20200220,2144,115,0,0,湖北省
63454,792,13557,1769,47647,-1083,20200221,2250,106,0,0,湖北省
64084,630,15299,1742,46439,-1208,20200222,2346,96,0,0,湖北省
64287,203,16738,1439,45054,-1385,20200223,2495,149,0,0,湖北省
64786,499,18854,2116,43369,-1685,20200224,2563,68,0,0,湖北省
65187,401,20912,2058,41660,-1709,20200225,2615,52,0,0,湖北省
65596,409,23200,2288,39755,-1905,20200226,2641,26,0,0,湖北省
65914,318,26403,3203,36829,-2926,20200227,2682,41,0,0,湖北省
66337,423,28895,2492,34715,-2114,20200228,2727,45,0,0,湖北省
66907,570,31187,2292,32959,-1756,20200229,2761,34,0,0,湖北省
67103,196,33757,2570,30543,-2416,20200301,2803,42,0,0,湖北省
67217,114,36167,2410,28216,-2327,20200302,2834,31,0,0,湖北省
67332,115,38556,2389,25905,-2311,20200303,2871,37,0,0,湖北省
67466,134,40479,1923,24085,-1820,20200304,2902,31,0,0,湖北省
67592,126,41966,1487,22695,-1390,20200305,2931,29,0,0,湖北省
67666,74,43468,1502,21239,-1456,20200306,2959,28,0,0,湖北省
67707,41,45011,1543,19710,-1529,20200307,2986,27,0,0,湖北省
67743,36,46433,1422,18303,-1407,20200308,3007,21,0,0,湖北省
67760,17,47585,1152,17151,-1152,20200309,3024,17,0,0,湖北省
67773,13,49056,1471,15671,-1480,20200310,3046,22,0,0,湖北省
67781,8,50298,1242,14427,-1244,20200311,3056,10,0,0,湖北省
67786,5,51553,1255,13171,-1256,20200312,3062,6,0,0,湖北省
67790,4,52943,1390,11772,-1399,20200313,3075,13,0,0,湖北省
67794,4,54278,1335,10431,-1341,20200314,3085,10,0,0,湖北省
67798,4,55094,816,9605,-826,20200315,3099,14,0,0,湖北省
67799,1,55987,893,8701,-904,20200316,3111,12,0,0,湖北省
67800,1,56883,896,7795,-906,20200317,3122,11,0,0,湖北省
67800,0,57678,795,6992,-803,20200318,3130,8,0,0,湖北省
67800,0,58381,703,6287,-705,20200319,3132,2,0,0,湖北省
67800,0,58942,561,5719,-568,20200320,3139,7,0,0,湖北省
67800,0,59432,490,5224,-495,20200321,3144,5,0,0,湖北省
67800,0,59879,447,4768,-456,20200322,3153,9,0,0,湖北省
67801,1,60323,444,4318,-450,20200323,3160,7,0,0,湖北省
67801,0,60810,487,3828,-490,20200324,3163,3,0,0,湖北省
67801,0,61201,391,3431,-397,20200325,3169,6,0,0,湖北省
67801,0,61731,530,2896,-535,20200326,3174,5,0,0,湖北省
67801,0,62098,367,2526,-370,20200327,3177,3,0,0,湖北省
67801,0,62565,467,2054,-472,20200328,3182,5,0,0,湖北省
67801,0,62882,317,1733,-321,20200329,3186,4,0,0,湖北省
67801,0,63153,271,1461,-272,20200330,3187,1,0,0,湖北省
67802,1,63326,173,1283,-178,20200331,3193,6,0,0,湖北省
67802,0,63471,145,1132,-151,20200401,3199,6,0,0,湖北省
67802,0,63612,141,987,-145,20200402,3203,4,0,0,湖北省
67803,1,63762,150,834,-153,20200403,3207,4,0,0,湖北省
67803,0,63945,183,648,-186,20200404,3210,3,0,0,湖北省
67803,0,64014,69,577,-71,20200405,3212,2,0,0,湖北省
67803,0,64073,59,518,-59,20200406,3212,0,0,0,湖北省
67803,0,64142,69,448,-70,20200407,3213,1,0,0,湖北省
67803,0,64187,45,401,-47,20200408,3215,2,0,0,湖北省
67803,0,64236,49,351,-50,20200409,3216,1,0,0,湖北省
67803,0,64264,28,320,-31,20200410,3219,3,0,0,湖北省
67803,0,64281,17,303,-17,20200411,3219,0,0,0,湖北省
67803,0,64338,57,244,-59,20200412,3221,2,0,0,湖北省
67803,0,64363,25,219,-25,20200413,3221,0,0,0,湖北省
67803,0,64402,39,179,-40,20200414,3222,1,0,0,湖北省
67803,0,64435,33,146,-33,20200415,3222,0,0,0,湖北省
68128,325,63487,-948,129,-17,20200416,4512,1290,0,0,湖北省
68128,0,63494,7,122,-7,20200417,4512,0,0,0,湖北省
68128,0,63507,13,109,-13,20200418,4512,0,0,0,湖北省
68128,0,63511,4,105,-4,20200419,4512,0,0,0,湖北省
68128,0,63514,3,102,-3,20200420,4512,0,0,0,湖北省
68128,0,63519,5,97,-5,20200421,4512,0,0,0,湖北省
68128,0,63547,28,69,-28,20200422,4512,0,0,0,湖北省
68128,0,63569,22,47,-22,20200423,4512,0,0,0,湖北省
68128,0,63593,24,23,-24,20200424,4512,0,0,0,湖北省
68128,0,63604,11,12,-11,20200425,4512,0,0,0,湖北省
68128,0,63616,12,0,-12,20200426,4512,0,0,0,湖北省
68128,0,63616,0,0,0,20200427,4512,0,0,0,湖北省
68128,0,63616,0,0,0,20200428,4512,0,0,0,湖北省
68128,0,63616,0,0,0,20200429,4512,0,0,0,湖北省
68128,0,63616,0,0,0,20200430,4512,0,0,0,湖北省
68128,0,63616,0,0,0,20200501,4512,0,0,0,湖北省
68128,0,63616,0,0,0,20200502,4512,0,0,0,湖北省
68128,0,63616,0,0,0,20200503,4512,0,0,0,湖北省
68128,0,63616,0,0,0,20200504,4512,0,0,0,湖北省
68128,0,63616,0,0,0,20200505,4512,0,0,0,湖北省
68128,0,63616,0,0,0,20200506,4512,0,0,0,湖北省
68128,0,63616,0,0,0,20200507,4512,0,0,0,湖北省
68128,0,63616,0,0,0,20200508,4512,0,0,0,湖北省
68129,1,63616,0,1,1,20200509,4512,0,0,0,湖北省
68134,5,63616,0,6,5,20200510,4512,0,0,0,湖北省
68134,0,63616,0,6,0,20200511,4512,0,0,0,湖北省
68134,0,63616,0,6,0,20200512,4512,0,0,0,湖北省
68134,0,63616,0,6,0,20200513,4512,0,0,0,湖北省
68134,0,63616,0,6,0,20200514,4512,0,0,0,湖北省
68134,0,63616,0,6,0,20200515,4512,0,0,0,湖北省
68134,0,63616,0,6,0,20200516,4512,0,0,0,湖北省
68134,0,63616,0,6,0,20200517,4512,0,0,0,湖北省
68135,1,63616,0,7,1,20200518,4512,0,0,0,湖北省
68135,0,63616,0,7,0,20200519,4512,0,0,0,湖北省
68135,0,63616,0,7,0,20200520,4512,0,0,0,湖北省
68135,0,63616,0,7,0,20200521,4512,0,0,0,湖北省
68135,0,63616,0,7,0,20200522,4512,0,0,0,湖北省
68135,0,63616,0,7,0,20200523,4512,0,0,0,湖北省
68135,0,63617,1,6,-1,20200524,4512,0,0,0,湖北省
68135,0,63617,0,6,0,20200525,4512,0,0,0,湖北省
68135,0,63618,1,5,-1,20200526,4512,0,0,0,湖北省
68135,0,63618,0,5,0,20200527,4512,0,0,0,湖北省
68135,0,63618,0,5,0,20200528,4512,0,0,0,湖北省
68135,0,63619,1,4,-1,20200529,4512,0,0,0,湖北省
68135,0,63619,0,4,0,20200530,4512,0,0,0,湖北省
68135,0,63620,1,3,-1,20200531,4512,0,0,0,湖北省
68135,0,63620,0,3,0,20200601,4512,0,0,0,湖北省
68135,0,63620,0,3,0,20200602,4512,0,0,0,湖北省
68135,0,63620,0,3,0,20200603,4512,0,0,0,湖北省
68135,0,63623,3,0,-3,20200604,4512,0,0,0,湖北省
68135,0,63623,0,0,0,20200605,4512,0,0,0,湖北省
68135,0,63623,0,0,0,20200606,4512,0,0,0,湖北省
68135,0,63623,0,0,0,20200607,4512,0,0,0,湖北省
68135,0,63623,0,0,0,20200608,4512,0,0,0,湖北省
68135,0,63623,0,0,0,20200609,4512,0,0,0,湖北省
68135,0,63623,0,0,0,20200610,4512,0,0,0,湖北省
68135,0,63623,0,0,0,20200611,4512,0,0,0,湖北省
68135,0,63623,0,0,0,20200612,4512,0,0,0,湖北省
68135,0,63623,0,0,0,20200613,4512,0,0,0,湖北省
68135,0,63623,0,0,0,20200614,4512,0,0,0,湖北省
68135,0,63623,0,0,0,20200615,4512,0,0,0,湖北省
68135,0,63623,0,0,0,20200616,4512,0,0,0,湖北省
68135,0,63623,0,0,0,20200617,4512,0,0,0,湖北省
68135,0,63623,0,0,0,20200618,4512,0,0,0,湖北省
68135,0,63623,0,0,0,20200619,4512,0,0,0,湖北省
68135,0,63623,0,0,0,20200620,4512,0,0,0,湖北省
68135,0,63623,0,0,0,20200621,4512,0,0,0,湖北省
68135,0,63623,0,0,0,20200622,4512,0,0,0,湖北省
68135,0,63623,0,0,0,20200623,4512,0,0,0,湖北省
68135,0,63623,0,0,0,20200624,4512,0,0,0,湖北省
68135,0,63623,0,0,0,20200625,4512,0,0,0,湖北省
68135,0,63623,0,0,0,20200626,4512,0,0,0,湖北省
68135,0,63623,0,0,0,20200627,4512,0,0,0,湖北省
68135,0,63623,0,0,0,20200628,4512,0,0,0,湖北省
68135,0,63623,0,0,0,20200629,4512,0,0,0,湖北省
68135,0,63623,0,0,0,20200630,4512,0,0,0,湖北省
68135,0,63623,0,0,0,20200701,4512,0,0,0,湖北省
68135,0,63623,0,0,0,20200702,4512,0,0,0,湖北省
68135,0,63623,0,0,0,20200703,4512,0,0,0,湖北省
68135,0,63623,0,0,0,20200704,4512,0,0,0,湖北省
68135,0,63623,0,0,0,20200705,4512,0,0,0,湖北省
68135,0,63623,0,0,0,20200706,4512,0,0,0,湖北省
68135,0,63623,0,0,0,20200707,4512,0,0,0,湖北省
68135,0,63623,0,0,0,20200708,4512,0,0,0,湖北省
