﻿confirmedCount,confirmedIncr,curedCount,curedIncr,currentConfirmedCount,currentConfirmedIncr,dateId,deadCount,deadIncr,suspectedCount,suspectedCountIncr,provinceName
2,2,0,0,2,2,20200123,0,0,0,0,甘肃省
4,2,0,0,4,2,20200124,0,0,0,0,甘肃省
7,3,0,0,7,3,20200125,0,0,0,0,甘肃省
14,7,0,0,14,7,20200126,0,0,0,0,甘肃省
19,5,0,0,19,5,20200127,0,0,0,0,甘肃省
24,5,0,0,24,5,20200128,0,0,0,0,甘肃省
26,2,0,0,26,2,20200129,0,0,0,0,甘肃省
29,3,0,0,29,3,20200130,0,0,0,0,甘肃省
35,6,0,0,35,6,20200131,0,0,0,0,甘肃省
40,5,0,0,40,5,20200201,0,0,0,0,甘肃省
51,11,3,3,48,8,20200202,0,0,0,0,甘肃省
55,4,3,0,52,4,20200203,0,0,0,0,甘肃省
57,2,4,1,53,1,20200204,0,0,0,0,甘肃省
62,5,6,2,56,3,20200205,0,0,0,0,甘肃省
67,5,9,3,58,2,20200206,0,0,0,0,甘肃省
71,4,9,0,61,3,20200207,1,1,0,0,甘肃省
79,8,12,3,66,5,20200208,1,0,0,0,甘肃省
83,4,16,4,65,-1,20200209,2,1,0,0,甘肃省
86,3,21,5,63,-2,20200210,2,0,0,0,甘肃省
86,0,24,3,60,-3,20200211,2,0,0,0,甘肃省
87,1,31,7,54,-6,20200212,2,0,0,0,甘肃省
90,3,39,8,49,-5,20200213,2,0,0,0,甘肃省
90,0,44,5,44,-5,20200214,2,0,0,0,甘肃省
90,0,49,5,39,-5,20200215,2,0,0,0,甘肃省
90,0,54,5,34,-5,20200216,2,0,0,0,甘肃省
91,1,58,4,31,-3,20200217,2,0,0,0,甘肃省
91,0,62,4,27,-4,20200218,2,0,0,0,甘肃省
91,0,65,3,24,-3,20200219,2,0,0,0,甘肃省
91,0,71,6,18,-6,20200220,2,0,0,0,甘肃省
91,0,76,5,13,-5,20200221,2,0,0,0,甘肃省
91,0,76,0,13,0,20200222,2,0,0,0,甘肃省
91,0,78,2,11,-2,20200223,2,0,0,0,甘肃省
91,0,80,2,9,-2,20200224,2,0,0,0,甘肃省
91,0,80,0,9,0,20200225,2,0,0,0,甘肃省
91,0,81,1,8,-1,20200226,2,0,0,0,甘肃省
91,0,82,1,7,-1,20200227,2,0,0,0,甘肃省
91,0,82,0,7,0,20200228,2,0,0,0,甘肃省
91,0,82,0,7,0,20200229,2,0,0,0,甘肃省
91,0,84,2,5,-2,20200301,2,0,0,0,甘肃省
91,0,85,1,4,-1,20200302,2,0,0,0,甘肃省
91,0,86,1,3,-1,20200303,2,0,0,0,甘肃省
91,0,87,1,2,-1,20200304,2,0,0,0,甘肃省
102,11,87,0,13,11,20200305,2,0,0,0,甘肃省
119,17,87,0,30,17,20200306,2,0,0,0,甘肃省
120,1,87,0,31,1,20200307,2,0,0,0,甘肃省
124,4,87,0,35,4,20200308,2,0,0,0,甘肃省
124,0,88,1,34,-1,20200309,2,0,0,0,甘肃省
125,1,88,0,35,1,20200310,2,0,0,0,甘肃省
127,2,88,0,37,2,20200311,2,0,0,0,甘肃省
127,0,88,0,37,0,20200312,2,0,0,0,甘肃省
129,2,89,1,38,1,20200313,2,0,0,0,甘肃省
132,3,91,2,39,1,20200314,2,0,0,0,甘肃省
133,1,91,0,40,1,20200315,2,0,0,0,甘肃省
133,0,91,0,40,0,20200316,2,0,0,0,甘肃省
133,0,91,0,40,0,20200317,2,0,0,0,甘肃省
133,0,91,0,40,0,20200318,2,0,0,0,甘肃省
134,1,98,7,34,-6,20200319,2,0,0,0,甘肃省
134,0,113,15,19,-15,20200320,2,0,0,0,甘肃省
134,0,113,0,19,0,20200321,2,0,0,0,甘肃省
136,2,114,1,20,1,20200322,2,0,0,0,甘肃省
136,0,118,4,16,-4,20200323,2,0,0,0,甘肃省
136,0,119,1,15,-1,20200324,2,0,0,0,甘肃省
136,0,121,2,13,-2,20200325,2,0,0,0,甘肃省
136,0,123,2,11,-2,20200326,2,0,0,0,甘肃省
136,0,125,2,9,-2,20200327,2,0,0,0,甘肃省
136,0,125,0,9,0,20200328,2,0,0,0,甘肃省
137,1,125,0,10,1,20200329,2,0,0,0,甘肃省
138,1,125,0,11,1,20200330,2,0,0,0,甘肃省
138,0,125,0,11,0,20200331,2,0,0,0,甘肃省
138,0,127,2,9,-2,20200401,2,0,0,0,甘肃省
138,0,127,0,9,0,20200402,2,0,0,0,甘肃省
138,0,131,4,5,-4,20200403,2,0,0,0,甘肃省
138,0,131,0,5,0,20200404,2,0,0,0,甘肃省
139,1,132,1,5,0,20200405,2,0,0,0,甘肃省
139,0,132,0,5,0,20200406,2,0,0,0,甘肃省
139,0,133,1,4,-1,20200407,2,0,0,0,甘肃省
139,0,135,2,2,-2,20200408,2,0,0,0,甘肃省
139,0,135,0,2,0,20200409,2,0,0,0,甘肃省
139,0,135,0,2,0,20200410,2,0,0,0,甘肃省
139,0,135,0,2,0,20200411,2,0,0,0,甘肃省
139,0,135,0,2,0,20200412,2,0,0,0,甘肃省
139,0,135,0,2,0,20200413,2,0,0,0,甘肃省
139,0,136,1,1,-1,20200414,2,0,0,0,甘肃省
139,0,136,0,1,0,20200415,2,0,0,0,甘肃省
139,0,137,1,0,-1,20200416,2,0,0,0,甘肃省
139,0,137,0,0,0,20200417,2,0,0,0,甘肃省
139,0,137,0,0,0,20200418,2,0,0,0,甘肃省
139,0,137,0,0,0,20200419,2,0,0,0,甘肃省
139,0,137,0,0,0,20200420,2,0,0,0,甘肃省
139,0,137,0,0,0,20200421,2,0,0,0,甘肃省
139,0,137,0,0,0,20200422,2,0,0,0,甘肃省
139,0,137,0,0,0,20200423,2,0,0,0,甘肃省
139,0,137,0,0,0,20200424,2,0,0,0,甘肃省
139,0,137,0,0,0,20200425,2,0,0,0,甘肃省
139,0,137,0,0,0,20200426,2,0,0,0,甘肃省
139,0,137,0,0,0,20200427,2,0,0,0,甘肃省
139,0,137,0,0,0,20200428,2,0,0,0,甘肃省
139,0,137,0,0,0,20200429,2,0,0,0,甘肃省
139,0,137,0,0,0,20200430,2,0,0,0,甘肃省
139,0,137,0,0,0,20200501,2,0,0,0,甘肃省
139,0,137,0,0,0,20200502,2,0,0,0,甘肃省
139,0,137,0,0,0,20200503,2,0,0,0,甘肃省
139,0,137,0,0,0,20200504,2,0,0,0,甘肃省
139,0,137,0,0,0,20200505,2,0,0,0,甘肃省
139,0,137,0,0,0,20200506,2,0,0,0,甘肃省
139,0,137,0,0,0,20200507,2,0,0,0,甘肃省
139,0,137,0,0,0,20200508,2,0,0,0,甘肃省
139,0,137,0,0,0,20200509,2,0,0,0,甘肃省
139,0,137,0,0,0,20200510,2,0,0,0,甘肃省
139,0,137,0,0,0,20200511,2,0,0,0,甘肃省
139,0,137,0,0,0,20200512,2,0,0,0,甘肃省
139,0,137,0,0,0,20200513,2,0,0,0,甘肃省
139,0,137,0,0,0,20200514,2,0,0,0,甘肃省
139,0,137,0,0,0,20200515,2,0,0,0,甘肃省
139,0,137,0,0,0,20200516,2,0,0,0,甘肃省
139,0,137,0,0,0,20200517,2,0,0,0,甘肃省
139,0,137,0,0,0,20200518,2,0,0,0,甘肃省
139,0,137,0,0,0,20200519,2,0,0,0,甘肃省
139,0,137,0,0,0,20200520,2,0,0,0,甘肃省
139,0,137,0,0,0,20200521,2,0,0,0,甘肃省
139,0,137,0,0,0,20200522,2,0,0,0,甘肃省
139,0,137,0,0,0,20200523,2,0,0,0,甘肃省
139,0,137,0,0,0,20200524,2,0,0,0,甘肃省
139,0,137,0,0,0,20200525,2,0,0,0,甘肃省
139,0,137,0,0,0,20200526,2,0,0,0,甘肃省
139,0,137,0,0,0,20200527,2,0,0,0,甘肃省
139,0,137,0,0,0,20200528,2,0,0,0,甘肃省
139,0,137,0,0,0,20200529,2,0,0,0,甘肃省
139,0,137,0,0,0,20200530,2,0,0,0,甘肃省
139,0,137,0,0,0,20200531,2,0,0,0,甘肃省
139,0,137,0,0,0,20200601,2,0,0,0,甘肃省
139,0,137,0,0,0,20200602,2,0,0,0,甘肃省
139,0,137,0,0,0,20200603,2,0,0,0,甘肃省
139,0,137,0,0,0,20200604,2,0,0,0,甘肃省
139,0,137,0,0,0,20200605,2,0,0,0,甘肃省
139,0,137,0,0,0,20200606,2,0,0,0,甘肃省
139,0,137,0,0,0,20200607,2,0,0,0,甘肃省
139,0,137,0,0,0,20200608,2,0,0,0,甘肃省
139,0,137,0,0,0,20200609,2,0,0,0,甘肃省
139,0,137,0,0,0,20200610,2,0,0,0,甘肃省
139,0,137,0,0,0,20200611,2,0,0,0,甘肃省
139,0,137,0,0,0,20200612,2,0,0,0,甘肃省
139,0,137,0,0,0,20200613,2,0,0,0,甘肃省
139,0,137,0,0,0,20200614,2,0,0,0,甘肃省
139,0,137,0,0,0,20200615,2,0,0,0,甘肃省
149,10,137,0,10,10,20200616,2,0,0,0,甘肃省
150,1,137,0,11,1,20200617,2,0,0,0,甘肃省
151,1,137,0,12,1,20200618,2,0,0,0,甘肃省
151,0,137,0,12,0,20200619,2,0,0,0,甘肃省
151,0,137,0,12,0,20200620,2,0,0,0,甘肃省
151,0,137,0,12,0,20200621,2,0,0,0,甘肃省
158,7,137,0,19,7,20200622,2,0,0,0,甘肃省
158,0,138,1,18,-1,20200623,2,0,0,0,甘肃省
161,3,138,0,21,3,20200624,2,0,0,0,甘肃省
161,0,139,1,20,-1,20200625,2,0,0,0,甘肃省
162,1,139,0,21,1,20200626,2,0,0,0,甘肃省
163,1,140,1,21,0,20200627,2,0,0,0,甘肃省
163,0,140,0,21,0,20200628,2,0,0,0,甘肃省
164,1,143,3,19,-2,20200629,2,0,0,0,甘肃省
164,0,146,3,16,-3,20200630,2,0,0,0,甘肃省
164,0,149,3,13,-3,20200701,2,0,0,0,甘肃省
164,0,153,4,9,-4,20200702,2,0,0,0,甘肃省
164,0,154,1,8,-1,20200703,2,0,0,0,甘肃省
167,3,154,0,11,3,20200704,2,0,0,0,甘肃省
167,0,154,0,11,0,20200705,2,0,0,0,甘肃省
167,0,156,2,9,-2,20200706,2,0,0,0,甘肃省
167,0,159,3,6,-3,20200707,2,0,0,0,甘肃省
167,0,162,3,3,-3,20200708,2,0,0,0,甘肃省
