﻿confirmedCount,confirmedIncr,curedCount,curedIncr,currentConfirmedCount,currentConfirmedIncr,dateId,deadCount,deadIncr,suspectedCount,suspectedCountIncr,provinceName
1,1,0,0,1,1,20200122,0,0,0,0,福建省
3,2,0,0,3,2,20200123,0,0,0,0,福建省
18,15,0,0,18,15,20200124,0,0,0,0,福建省
29,11,0,0,29,11,20200125,0,0,0,0,福建省
56,27,0,0,56,27,20200126,0,0,0,0,福建省
59,3,0,0,59,3,20200127,0,0,0,0,福建省
82,23,0,0,82,23,20200128,0,0,0,0,福建省
101,19,0,0,101,19,20200129,0,0,0,0,福建省
120,19,0,0,120,19,20200130,0,0,0,0,福建省
144,24,0,0,144,24,20200131,0,0,0,0,福建省
159,15,0,0,159,15,20200201,0,0,0,0,福建省
179,20,0,0,179,20,20200202,0,0,0,0,福建省
194,15,1,1,193,14,20200203,0,0,0,0,福建省
205,11,7,6,198,5,20200204,0,0,0,0,福建省
215,10,11,4,204,6,20200205,0,0,0,0,福建省
224,9,15,4,209,5,20200206,0,0,0,0,福建省
239,15,20,5,219,10,20200207,0,0,0,0,福建省
250,11,24,4,226,7,20200208,0,0,0,0,福建省
261,11,35,11,226,0,20200209,0,0,0,0,福建省
267,6,39,4,228,2,20200210,0,0,0,0,福建省
272,5,46,7,226,-2,20200211,0,0,0,0,福建省
279,7,54,8,225,-1,20200212,0,0,0,0,福建省
281,2,59,5,222,-3,20200213,0,0,0,0,福建省
285,4,66,7,219,-3,20200214,0,0,0,0,福建省
287,2,77,11,210,-9,20200215,0,0,0,0,福建省
290,3,84,7,206,-4,20200216,0,0,0,0,福建省
292,2,91,7,201,-5,20200217,0,0,0,0,福建省
293,1,96,5,197,-4,20200218,0,0,0,0,福建省
293,0,112,16,180,-17,20200219,1,1,0,0,福建省
293,0,134,22,158,-22,20200220,1,0,0,0,福建省
293,0,150,16,142,-16,20200221,1,0,0,0,福建省
293,0,165,15,127,-15,20200222,1,0,0,0,福建省
293,0,174,9,118,-9,20200223,1,0,0,0,福建省
294,1,188,14,105,-13,20200224,1,0,0,0,福建省
294,0,205,17,88,-17,20200225,1,0,0,0,福建省
296,2,225,20,70,-18,20200226,1,0,0,0,福建省
296,0,232,7,63,-7,20200227,1,0,0,0,福建省
296,0,241,9,54,-9,20200228,1,0,0,0,福建省
296,0,243,2,52,-2,20200229,1,0,0,0,福建省
296,0,247,4,48,-4,20200301,1,0,0,0,福建省
296,0,255,8,40,-8,20200302,1,0,0,0,福建省
296,0,261,6,34,-6,20200303,1,0,0,0,福建省
296,0,270,9,25,-9,20200304,1,0,0,0,福建省
296,0,278,8,17,-8,20200305,1,0,0,0,福建省
296,0,284,6,11,-6,20200306,1,0,0,0,福建省
296,0,295,11,0,-11,20200307,1,0,0,0,福建省
296,0,295,0,0,0,20200308,1,0,0,0,福建省
296,0,295,0,0,0,20200309,1,0,0,0,福建省
296,0,295,0,0,0,20200310,1,0,0,0,福建省
296,0,295,0,0,0,20200311,1,0,0,0,福建省
296,0,295,0,0,0,20200312,1,0,0,0,福建省
296,0,295,0,0,0,20200313,1,0,0,0,福建省
296,0,295,0,0,0,20200314,1,0,0,0,福建省
296,0,295,0,0,0,20200315,1,0,0,0,福建省
296,0,295,0,0,0,20200316,1,0,0,0,福建省
296,0,295,0,0,0,20200317,1,0,0,0,福建省
296,0,295,0,0,0,20200318,1,0,0,0,福建省
299,3,295,0,3,3,20200319,1,0,0,0,福建省
303,4,295,0,7,4,20200320,1,0,0,0,福建省
307,4,295,0,11,4,20200321,1,0,0,0,福建省
313,6,295,0,17,6,20200322,1,0,0,0,福建省
318,5,295,0,22,5,20200323,1,0,0,0,福建省
322,4,295,0,26,4,20200324,1,0,0,0,福建省
328,6,295,0,32,6,20200325,1,0,0,0,福建省
331,3,295,0,35,3,20200326,1,0,0,0,福建省
337,6,295,0,41,6,20200327,1,0,0,0,福建省
338,1,295,0,42,1,20200328,1,0,0,0,福建省
340,2,295,0,44,2,20200329,1,0,0,0,福建省
343,3,295,0,47,3,20200330,1,0,3,3,福建省
345,2,297,2,47,0,20200331,1,0,3,0,福建省
345,0,299,2,45,-2,20200401,1,0,3,0,福建省
349,4,300,1,48,3,20200402,1,0,0,-3,福建省
350,1,301,1,48,0,20200403,1,0,0,0,福建省
350,0,303,2,46,-2,20200404,1,0,3,3,福建省
350,0,305,2,44,-2,20200405,1,0,3,0,福建省
351,1,305,0,45,1,20200406,1,0,3,0,福建省
351,0,307,2,43,-2,20200407,1,0,0,-3,福建省
351,0,308,1,42,-1,20200408,1,0,0,0,福建省
351,0,311,3,39,-3,20200409,1,0,3,3,福建省
351,0,317,6,33,-6,20200410,1,0,3,0,福建省
352,1,321,4,30,-3,20200411,1,0,3,0,福建省
352,0,325,4,26,-4,20200412,1,0,3,0,福建省
353,1,329,4,23,-3,20200413,1,0,3,0,福建省
353,0,331,2,21,-2,20200414,1,0,3,0,福建省
353,0,333,2,19,-2,20200415,1,0,3,0,福建省
354,1,334,1,19,0,20200416,1,0,3,0,福建省
355,1,336,2,18,-1,20200417,1,0,3,0,福建省
355,0,339,3,15,-3,20200418,1,0,3,0,福建省
355,0,339,0,15,0,20200419,1,0,3,0,福建省
355,0,341,2,13,-2,20200420,1,0,3,0,福建省
355,0,342,1,12,-1,20200421,1,0,3,0,福建省
355,0,342,0,12,0,20200422,1,0,3,0,福建省
355,0,346,4,8,-4,20200423,1,0,3,0,福建省
355,0,349,3,5,-3,20200424,1,0,3,0,福建省
355,0,349,0,5,0,20200425,1,0,3,0,福建省
355,0,349,0,5,0,20200426,1,0,3,0,福建省
355,0,349,0,5,0,20200427,1,0,3,0,福建省
355,0,352,3,2,-3,20200428,1,0,3,0,福建省
355,0,353,1,1,-1,20200429,1,0,3,0,福建省
356,1,353,0,2,1,20200430,1,0,3,0,福建省
356,0,353,0,2,0,20200501,1,0,3,0,福建省
356,0,353,0,2,0,20200502,1,0,3,0,福建省
356,0,353,0,2,0,20200503,1,0,3,0,福建省
356,0,353,0,2,0,20200504,1,0,3,0,福建省
356,0,353,0,2,0,20200505,1,0,3,0,福建省
356,0,354,1,1,-1,20200506,1,0,3,0,福建省
356,0,354,0,1,0,20200507,1,0,3,0,福建省
356,0,354,0,1,0,20200508,1,0,3,0,福建省
356,0,354,0,1,0,20200509,1,0,3,0,福建省
356,0,354,0,1,0,20200510,1,0,3,0,福建省
356,0,354,0,1,0,20200511,1,0,3,0,福建省
356,0,354,0,1,0,20200512,1,0,3,0,福建省
356,0,354,0,1,0,20200513,1,0,3,0,福建省
356,0,355,1,0,-1,20200514,1,0,3,0,福建省
356,0,355,0,0,0,20200515,1,0,3,0,福建省
356,0,355,0,0,0,20200516,1,0,3,0,福建省
356,0,355,0,0,0,20200517,1,0,3,0,福建省
356,0,355,0,0,0,20200518,1,0,3,0,福建省
356,0,355,0,0,0,20200519,1,0,3,0,福建省
356,0,355,0,0,0,20200520,1,0,3,0,福建省
356,0,355,0,0,0,20200521,1,0,3,0,福建省
356,0,355,0,0,0,20200522,1,0,3,0,福建省
356,0,355,0,0,0,20200523,1,0,3,0,福建省
356,0,355,0,0,0,20200524,1,0,3,0,福建省
357,1,355,0,1,1,20200525,1,0,3,0,福建省
357,0,355,0,1,0,20200526,1,0,3,0,福建省
358,1,355,0,2,1,20200527,1,0,3,0,福建省
358,0,355,0,2,0,20200528,1,0,3,0,福建省
358,0,355,0,2,0,20200529,1,0,3,0,福建省
358,0,355,0,2,0,20200530,1,0,3,0,福建省
358,0,355,0,2,0,20200531,1,0,3,0,福建省
358,0,356,1,1,-1,20200601,1,0,3,0,福建省
358,0,356,0,1,0,20200602,1,0,3,0,福建省
358,0,356,0,1,0,20200603,1,0,3,0,福建省
358,0,356,0,1,0,20200604,1,0,3,0,福建省
358,0,356,0,1,0,20200605,1,0,3,0,福建省
359,1,356,0,2,1,20200606,1,0,3,0,福建省
359,0,356,0,2,0,20200607,1,0,3,0,福建省
359,0,356,0,2,0,20200608,1,0,3,0,福建省
359,0,356,0,2,0,20200609,1,0,3,0,福建省
360,1,356,0,3,1,20200610,1,0,3,0,福建省
361,1,356,0,4,1,20200611,1,0,3,0,福建省
361,0,356,0,4,0,20200612,1,0,3,0,福建省
361,0,356,0,4,0,20200613,1,0,3,0,福建省
362,1,356,0,5,1,20200614,1,0,3,0,福建省
362,0,356,0,5,0,20200615,1,0,3,0,福建省
362,0,356,0,5,0,20200616,1,0,3,0,福建省
362,0,356,0,5,0,20200617,1,0,3,0,福建省
362,0,357,1,4,-1,20200618,1,0,3,0,福建省
362,0,357,0,4,0,20200619,1,0,3,0,福建省
363,1,357,0,5,1,20200620,1,0,3,0,福建省
363,0,357,0,5,0,20200621,1,0,3,0,福建省
363,0,357,0,5,0,20200622,1,0,3,0,福建省
363,0,357,0,5,0,20200623,1,0,3,0,福建省
363,0,357,0,5,0,20200624,1,0,3,0,福建省
363,0,357,0,5,0,20200625,1,0,3,0,福建省
363,0,357,0,5,0,20200626,1,0,3,0,福建省
363,0,357,0,5,0,20200627,1,0,3,0,福建省
363,0,357,0,5,0,20200628,1,0,3,0,福建省
363,0,357,0,5,0,20200629,1,0,3,0,福建省
363,0,359,2,3,-2,20200630,1,0,3,0,福建省
363,0,359,0,3,0,20200701,1,0,3,0,福建省
363,0,359,0,3,0,20200702,1,0,3,0,福建省
363,0,360,1,2,-1,20200703,1,0,3,0,福建省
363,0,360,0,2,0,20200704,1,0,3,0,福建省
363,0,360,0,2,0,20200705,1,0,3,0,福建省
363,0,360,0,2,0,20200706,1,0,3,0,福建省
363,0,360,0,2,0,20200707,1,0,3,0,福建省
363,0,360,0,2,0,20200708,1,0,3,0,福建省
