﻿confirmedCount,confirmedIncr,curedCount,curedIncr,currentConfirmedCount,currentConfirmedIncr,dateId,deadCount,deadIncr,suspectedCount,suspectedCountIncr,provinceName
2,2,0,0,2,2,20200122,0,0,0,0,辽宁省
3,1,0,0,3,1,20200123,0,0,0,0,辽宁省
12,9,0,0,12,9,20200124,0,0,0,0,辽宁省
19,7,0,0,19,7,20200125,0,0,0,0,辽宁省
22,3,0,0,22,3,20200126,0,0,0,0,辽宁省
27,5,0,0,27,5,20200127,0,0,0,0,辽宁省
36,9,0,0,36,9,20200128,0,0,0,0,辽宁省
39,3,1,1,38,2,20200129,0,0,0,0,辽宁省
45,6,1,0,44,6,20200130,0,0,0,0,辽宁省
60,15,1,0,59,15,20200131,0,0,0,0,辽宁省
64,4,1,0,63,4,20200201,0,0,0,0,辽宁省
70,6,1,0,69,6,20200202,0,0,0,0,辽宁省
77,7,1,0,76,7,20200203,0,0,0,0,辽宁省
81,4,2,1,79,3,20200204,0,0,0,0,辽宁省
89,8,4,2,85,6,20200205,0,0,0,0,辽宁省
94,5,5,1,89,4,20200206,0,0,0,0,辽宁省
99,5,7,2,92,3,20200207,0,0,0,0,辽宁省
106,7,12,5,94,2,20200208,0,0,0,0,辽宁省
108,2,12,0,96,2,20200209,0,0,0,0,辽宁省
108,0,17,5,91,-5,20200210,0,0,0,0,辽宁省
111,3,18,1,93,2,20200211,0,0,0,0,辽宁省
116,5,20,2,95,2,20200212,1,1,0,0,辽宁省
117,1,22,2,94,-1,20200213,1,0,0,0,辽宁省
119,2,29,7,89,-5,20200214,1,0,0,0,辽宁省
120,1,32,3,87,-2,20200215,1,0,0,0,辽宁省
121,1,41,9,79,-8,20200216,1,0,0,0,辽宁省
121,0,43,2,77,-2,20200217,1,0,0,0,辽宁省
121,0,55,12,65,-12,20200218,1,0,0,0,辽宁省
121,0,58,3,62,-3,20200219,1,0,0,0,辽宁省
121,0,61,3,59,-3,20200220,1,0,0,0,辽宁省
121,0,66,5,54,-5,20200221,1,0,0,0,辽宁省
121,0,68,2,52,-2,20200222,1,0,0,0,辽宁省
121,0,73,5,47,-5,20200223,1,0,0,0,辽宁省
121,0,83,10,37,-10,20200224,1,0,0,0,辽宁省
121,0,88,5,32,-5,20200225,1,0,0,0,辽宁省
121,0,92,4,28,-4,20200226,1,0,0,0,辽宁省
121,0,93,1,27,-1,20200227,1,0,0,0,辽宁省
121,0,95,2,25,-2,20200228,1,0,0,0,辽宁省
122,1,101,6,20,-5,20200229,1,0,0,0,辽宁省
122,0,103,2,18,-2,20200301,1,0,0,0,辽宁省
125,3,103,0,21,3,20200302,1,0,0,0,辽宁省
125,0,106,3,18,-3,20200303,1,0,0,0,辽宁省
125,0,106,0,18,0,20200304,1,0,0,0,辽宁省
125,0,106,0,18,0,20200305,1,0,0,0,辽宁省
125,0,106,0,18,0,20200306,1,0,0,0,辽宁省
125,0,108,2,16,-2,20200307,1,0,0,0,辽宁省
125,0,109,1,15,-1,20200308,1,0,0,0,辽宁省
125,0,110,1,14,-1,20200309,1,0,0,0,辽宁省
125,0,111,1,13,-1,20200310,1,0,0,0,辽宁省
125,0,111,0,13,0,20200311,1,0,0,0,辽宁省
125,0,112,1,12,-1,20200312,1,0,0,0,辽宁省
125,0,113,1,11,-1,20200313,1,0,0,0,辽宁省
125,0,113,0,11,0,20200314,1,0,0,0,辽宁省
125,0,114,1,10,-1,20200315,1,0,0,0,辽宁省
125,0,119,5,5,-5,20200316,1,0,0,0,辽宁省
125,0,122,3,2,-3,20200317,1,0,0,0,辽宁省
125,0,122,0,2,0,20200318,1,0,0,0,辽宁省
126,1,122,0,2,0,20200319,2,1,0,0,辽宁省
126,0,122,0,2,0,20200320,2,0,0,0,辽宁省
126,0,122,0,2,0,20200321,2,0,0,0,辽宁省
127,1,124,2,1,-1,20200322,2,0,0,0,辽宁省
127,0,124,0,1,0,20200323,2,0,0,0,辽宁省
127,0,124,0,1,0,20200324,2,0,0,0,辽宁省
127,0,124,0,1,0,20200325,2,0,0,0,辽宁省
128,1,124,0,2,1,20200326,2,0,0,0,辽宁省
131,3,124,0,5,3,20200327,2,0,0,0,辽宁省
134,3,124,0,8,3,20200328,2,0,0,0,辽宁省
136,2,124,0,10,2,20200329,2,0,0,0,辽宁省
139,3,124,0,13,3,20200330,2,0,0,0,辽宁省
140,1,124,0,14,1,20200331,2,0,0,0,辽宁省
140,0,124,0,14,0,20200401,2,0,0,0,辽宁省
141,1,124,0,15,1,20200402,2,0,0,0,辽宁省
141,0,125,1,14,-1,20200403,2,0,0,0,辽宁省
142,1,126,1,14,0,20200404,2,0,0,0,辽宁省
142,0,128,2,12,-2,20200405,2,0,0,0,辽宁省
144,2,130,2,12,0,20200406,2,0,0,0,辽宁省
144,0,131,1,11,-1,20200407,2,0,0,0,辽宁省
144,0,131,0,11,0,20200408,2,0,0,0,辽宁省
144,0,132,1,10,-1,20200409,2,0,0,0,辽宁省
145,1,133,1,10,0,20200410,2,0,0,0,辽宁省
145,0,136,3,7,-3,20200411,2,0,0,0,辽宁省
145,0,136,0,7,0,20200412,2,0,0,0,辽宁省
145,0,138,2,5,-2,20200413,2,0,0,0,辽宁省
145,0,138,0,5,0,20200414,2,0,0,0,辽宁省
145,0,138,0,5,0,20200415,2,0,0,0,辽宁省
146,1,140,2,4,-1,20200416,2,0,0,0,辽宁省
146,0,142,2,2,-2,20200417,2,0,0,0,辽宁省
146,0,142,0,2,0,20200418,2,0,0,0,辽宁省
146,0,143,1,1,-1,20200419,2,0,0,0,辽宁省
146,0,143,0,1,0,20200420,2,0,0,0,辽宁省
146,0,143,0,1,0,20200421,2,0,0,0,辽宁省
146,0,143,0,1,0,20200422,2,0,0,0,辽宁省
146,0,143,0,1,0,20200423,2,0,0,0,辽宁省
146,0,143,0,1,0,20200424,2,0,0,0,辽宁省
146,0,143,0,1,0,20200425,2,0,0,0,辽宁省
146,0,143,0,1,0,20200426,2,0,0,0,辽宁省
146,0,143,0,1,0,20200427,2,0,0,0,辽宁省
146,0,143,0,1,0,20200428,2,0,0,0,辽宁省
146,0,143,0,1,0,20200429,2,0,0,0,辽宁省
146,0,143,0,1,0,20200430,2,0,0,0,辽宁省
146,0,144,1,0,-1,20200501,2,0,0,0,辽宁省
146,0,144,0,0,0,20200502,2,0,0,0,辽宁省
146,0,144,0,0,0,20200503,2,0,0,0,辽宁省
146,0,144,0,0,0,20200504,2,0,0,0,辽宁省
146,0,144,0,0,0,20200505,2,0,0,0,辽宁省
146,0,144,0,0,0,20200506,2,0,0,0,辽宁省
146,0,144,0,0,0,20200507,2,0,0,0,辽宁省
146,0,144,0,0,0,20200508,2,0,0,0,辽宁省
146,0,144,0,0,0,20200509,2,0,0,0,辽宁省
147,1,144,0,1,1,20200510,2,0,0,0,辽宁省
147,0,144,0,1,0,20200511,2,0,0,0,辽宁省
147,0,144,0,1,0,20200512,2,0,0,0,辽宁省
149,2,144,0,3,2,20200513,2,0,0,0,辽宁省
149,0,144,0,3,0,20200514,2,0,0,0,辽宁省
149,0,144,0,3,0,20200515,2,0,0,0,辽宁省
149,0,144,0,3,0,20200516,2,0,0,0,辽宁省
149,0,144,0,3,0,20200517,2,0,0,0,辽宁省
149,0,144,0,3,0,20200518,2,0,0,0,辽宁省
149,0,144,0,3,0,20200519,2,0,0,0,辽宁省
149,0,144,0,3,0,20200520,2,0,0,0,辽宁省
149,0,144,0,3,0,20200521,2,0,0,0,辽宁省
149,0,144,0,3,0,20200522,2,0,0,0,辽宁省
149,0,144,0,3,0,20200523,2,0,0,0,辽宁省
149,0,145,1,2,-1,20200524,2,0,0,0,辽宁省
149,0,147,2,0,-2,20200525,2,0,0,0,辽宁省
149,0,147,0,0,0,20200526,2,0,0,0,辽宁省
149,0,147,0,0,0,20200527,2,0,0,0,辽宁省
149,0,147,0,0,0,20200528,2,0,0,0,辽宁省
149,0,147,0,0,0,20200529,2,0,0,0,辽宁省
149,0,147,0,0,0,20200530,2,0,0,0,辽宁省
149,0,147,0,0,0,20200531,2,0,0,0,辽宁省
149,0,147,0,0,0,20200601,2,0,0,0,辽宁省
149,0,147,0,0,0,20200602,2,0,0,0,辽宁省
149,0,147,0,0,0,20200603,2,0,0,0,辽宁省
149,0,147,0,0,0,20200604,2,0,0,0,辽宁省
149,0,147,0,0,0,20200605,2,0,0,0,辽宁省
149,0,147,0,0,0,20200606,2,0,0,0,辽宁省
149,0,147,0,0,0,20200607,2,0,0,0,辽宁省
149,0,147,0,0,0,20200608,2,0,0,0,辽宁省
149,0,147,0,0,0,20200609,2,0,0,0,辽宁省
149,0,147,0,0,0,20200610,2,0,0,0,辽宁省
149,0,147,0,0,0,20200611,2,0,0,0,辽宁省
149,0,147,0,0,0,20200612,2,0,0,0,辽宁省
151,2,147,0,2,2,20200613,2,0,0,0,辽宁省
151,0,147,0,2,0,20200614,2,0,0,0,辽宁省
152,1,147,0,3,1,20200615,2,0,0,0,辽宁省
152,0,147,0,3,0,20200616,2,0,0,0,辽宁省
152,0,147,0,3,0,20200617,2,0,0,0,辽宁省
153,1,147,0,4,1,20200618,2,0,0,0,辽宁省
153,0,147,0,4,0,20200619,2,0,0,0,辽宁省
153,0,147,0,4,0,20200620,2,0,0,0,辽宁省
154,1,147,0,5,1,20200621,2,0,0,0,辽宁省
154,0,147,0,5,0,20200622,2,0,0,0,辽宁省
154,0,147,0,5,0,20200623,2,0,0,0,辽宁省
154,0,147,0,5,0,20200624,2,0,0,0,辽宁省
154,0,147,0,5,0,20200625,2,0,0,0,辽宁省
154,0,147,0,5,0,20200626,2,0,0,0,辽宁省
154,0,147,0,5,0,20200627,2,0,0,0,辽宁省
155,1,147,0,6,1,20200628,2,0,0,0,辽宁省
155,0,147,0,6,0,20200629,2,0,0,0,辽宁省
155,0,148,1,5,-1,20200630,2,0,0,0,辽宁省
155,0,148,0,5,0,20200701,2,0,0,0,辽宁省
156,1,148,0,6,1,20200702,2,0,0,0,辽宁省
156,0,149,1,5,-1,20200703,2,0,0,0,辽宁省
156,0,150,1,4,-1,20200704,2,0,0,0,辽宁省
157,1,150,0,5,1,20200705,2,0,0,0,辽宁省
159,2,150,0,7,2,20200706,2,0,0,0,辽宁省
159,0,150,0,7,0,20200707,2,0,0,0,辽宁省
162,3,150,0,10,3,20200708,2,0,0,0,辽宁省
