﻿confirmedCount,confirmedIncr,curedCount,curedIncr,currentConfirmedCount,currentConfirmedIncr,dateId,deadCount,deadIncr,suspectedCount,suspectedCountIncr,provinceName
5,5,0,0,5,5,20200121,0,0,0,0,重庆市
9,4,0,0,9,4,20200122,0,0,0,0,重庆市
27,18,0,0,27,18,20200123,0,0,0,0,重庆市
57,30,0,0,57,30,20200124,0,0,0,0,重庆市
75,18,0,0,75,18,20200125,0,0,0,0,重庆市
110,35,0,0,110,35,20200126,0,0,0,0,重庆市
132,22,0,0,132,22,20200127,0,0,0,0,重庆市
147,15,0,0,147,15,20200128,0,0,0,0,重庆市
165,18,1,1,164,17,20200129,0,0,0,0,重庆市
206,41,1,0,205,41,20200130,0,0,0,0,重庆市
238,32,1,0,236,31,20200131,1,1,0,0,重庆市
262,24,3,2,258,22,20200201,1,0,0,0,重庆市
300,38,7,4,291,33,20200202,2,1,0,0,重庆市
337,37,9,2,326,35,20200203,2,0,0,0,重庆市
366,29,14,5,350,24,20200204,2,0,0,0,重庆市
389,23,15,1,372,22,20200205,2,0,0,0,重庆市
411,22,24,9,385,13,20200206,2,0,0,0,重庆市
426,15,31,7,393,8,20200207,2,0,0,0,重庆市
446,20,39,8,405,12,20200208,2,0,0,0,重庆市
468,22,51,12,415,10,20200209,2,0,0,0,重庆市
486,18,66,15,418,3,20200210,2,0,0,0,重庆市
505,19,79,13,423,5,20200211,3,1,0,0,重庆市
518,13,102,23,413,-10,20200212,3,0,0,0,重庆市
529,11,128,26,397,-16,20200213,4,1,0,0,重庆市
537,8,152,24,380,-17,20200214,5,1,0,0,重庆市
544,7,184,32,355,-25,20200215,5,0,0,0,重庆市
551,7,207,23,339,-16,20200216,5,0,0,0,重庆市
553,2,225,18,323,-16,20200217,5,0,0,0,重庆市
555,2,254,29,296,-27,20200218,5,0,0,0,重庆市
560,5,274,20,281,-15,20200219,5,0,0,0,重庆市
567,7,299,25,262,-19,20200220,6,1,0,0,重庆市
572,5,316,17,250,-12,20200221,6,0,0,0,重庆市
573,1,328,12,239,-11,20200222,6,0,0,0,重庆市
575,2,335,7,234,-5,20200223,6,0,0,0,重庆市
576,1,349,14,221,-13,20200224,6,0,0,0,重庆市
576,0,372,23,198,-23,20200225,6,0,0,0,重庆市
576,0,384,12,186,-12,20200226,6,0,0,0,重庆市
576,0,401,17,169,-17,20200227,6,0,0,0,重庆市
576,0,422,21,148,-21,20200228,6,0,0,0,重庆市
576,0,438,16,132,-16,20200229,6,0,0,0,重庆市
576,0,450,12,120,-12,20200301,6,0,0,0,重庆市
576,0,469,19,101,-19,20200302,6,0,0,0,重庆市
576,0,490,21,80,-21,20200303,6,0,0,0,重庆市
576,0,502,12,68,-12,20200304,6,0,0,0,重庆市
576,0,512,10,58,-10,20200305,6,0,0,0,重庆市
576,0,520,8,50,-8,20200306,6,0,0,0,重庆市
576,0,526,6,44,-6,20200307,6,0,0,0,重庆市
576,0,527,1,43,-1,20200308,6,0,0,0,重庆市
576,0,542,15,28,-15,20200309,6,0,0,0,重庆市
576,0,547,5,23,-5,20200310,6,0,0,0,重庆市
576,0,554,7,16,-7,20200311,6,0,0,0,重庆市
576,0,564,10,6,-10,20200312,6,0,0,0,重庆市
576,0,566,2,4,-2,20200313,6,0,0,0,重庆市
576,0,569,3,1,-3,20200314,6,0,0,0,重庆市
576,0,570,1,0,-1,20200315,6,0,0,0,重庆市
576,0,570,0,0,0,20200316,6,0,0,0,重庆市
576,0,570,0,0,0,20200317,6,0,0,0,重庆市
576,0,570,0,0,0,20200318,6,0,0,0,重庆市
576,0,570,0,0,0,20200319,6,0,0,0,重庆市
576,0,570,0,0,0,20200320,6,0,0,0,重庆市
576,0,570,0,0,0,20200321,6,0,0,0,重庆市
577,1,570,0,1,1,20200322,6,0,1,1,重庆市
578,1,570,0,2,1,20200323,6,0,1,0,重庆市
578,0,570,0,2,0,20200324,6,0,1,0,重庆市
578,0,570,0,2,0,20200325,6,0,1,0,重庆市
578,0,570,0,2,0,20200326,6,0,1,0,重庆市
578,0,570,0,2,0,20200327,6,0,1,0,重庆市
579,1,570,0,3,1,20200328,6,0,1,0,重庆市
579,0,570,0,3,0,20200329,6,0,1,0,重庆市
579,0,570,0,3,0,20200330,6,0,1,0,重庆市
579,0,570,0,3,0,20200331,6,0,1,0,重庆市
579,0,570,0,3,0,20200401,6,0,1,0,重庆市
579,0,570,0,3,0,20200402,6,0,0,-1,重庆市
579,0,570,0,3,0,20200403,6,0,0,0,重庆市
579,0,570,0,3,0,20200404,6,0,1,1,重庆市
579,0,570,0,3,0,20200405,6,0,1,0,重庆市
579,0,570,0,3,0,20200406,6,0,1,0,重庆市
579,0,570,0,3,0,20200407,6,0,0,-1,重庆市
579,0,570,0,3,0,20200408,6,0,0,0,重庆市
579,0,570,0,3,0,20200409,6,0,1,1,重庆市
579,0,570,0,3,0,20200410,6,0,1,0,重庆市
579,0,570,0,3,0,20200411,6,0,1,0,重庆市
579,0,570,0,3,0,20200412,6,0,1,0,重庆市
579,0,570,0,3,0,20200413,6,0,1,0,重庆市
579,0,570,0,3,0,20200414,6,0,1,0,重庆市
579,0,570,0,3,0,20200415,6,0,1,0,重庆市
579,0,570,0,3,0,20200416,6,0,1,0,重庆市
579,0,570,0,3,0,20200417,6,0,1,0,重庆市
579,0,570,0,3,0,20200418,6,0,1,0,重庆市
579,0,570,0,3,0,20200419,6,0,1,0,重庆市
579,0,570,0,3,0,20200420,6,0,1,0,重庆市
579,0,570,0,3,0,20200421,6,0,1,0,重庆市
579,0,570,0,3,0,20200422,6,0,1,0,重庆市
579,0,573,3,0,-3,20200423,6,0,1,0,重庆市
579,0,573,0,0,0,20200424,6,0,1,0,重庆市
579,0,573,0,0,0,20200425,6,0,1,0,重庆市
579,0,573,0,0,0,20200426,6,0,1,0,重庆市
579,0,573,0,0,0,20200427,6,0,1,0,重庆市
579,0,573,0,0,0,20200428,6,0,1,0,重庆市
579,0,573,0,0,0,20200429,6,0,1,0,重庆市
579,0,573,0,0,0,20200430,6,0,1,0,重庆市
579,0,573,0,0,0,20200501,6,0,1,0,重庆市
579,0,573,0,0,0,20200502,6,0,1,0,重庆市
579,0,573,0,0,0,20200503,6,0,1,0,重庆市
579,0,573,0,0,0,20200504,6,0,1,0,重庆市
579,0,573,0,0,0,20200505,6,0,1,0,重庆市
579,0,573,0,0,0,20200506,6,0,1,0,重庆市
579,0,573,0,0,0,20200507,6,0,1,0,重庆市
579,0,573,0,0,0,20200508,6,0,1,0,重庆市
579,0,573,0,0,0,20200509,6,0,1,0,重庆市
579,0,573,0,0,0,20200510,6,0,1,0,重庆市
579,0,573,0,0,0,20200511,6,0,1,0,重庆市
579,0,573,0,0,0,20200512,6,0,1,0,重庆市
579,0,573,0,0,0,20200513,6,0,1,0,重庆市
579,0,573,0,0,0,20200514,6,0,1,0,重庆市
579,0,573,0,0,0,20200515,6,0,1,0,重庆市
579,0,573,0,0,0,20200516,6,0,1,0,重庆市
579,0,573,0,0,0,20200517,6,0,1,0,重庆市
579,0,573,0,0,0,20200518,6,0,1,0,重庆市
579,0,573,0,0,0,20200519,6,0,1,0,重庆市
579,0,573,0,0,0,20200520,6,0,1,0,重庆市
579,0,573,0,0,0,20200521,6,0,1,0,重庆市
579,0,573,0,0,0,20200522,6,0,1,0,重庆市
579,0,573,0,0,0,20200523,6,0,1,0,重庆市
579,0,573,0,0,0,20200524,6,0,1,0,重庆市
579,0,573,0,0,0,20200525,6,0,1,0,重庆市
579,0,573,0,0,0,20200526,6,0,1,0,重庆市
579,0,573,0,0,0,20200527,6,0,1,0,重庆市
579,0,573,0,0,0,20200528,6,0,1,0,重庆市
579,0,573,0,0,0,20200529,6,0,1,0,重庆市
579,0,573,0,0,0,20200530,6,0,1,0,重庆市
579,0,573,0,0,0,20200531,6,0,1,0,重庆市
579,0,573,0,0,0,20200601,6,0,1,0,重庆市
579,0,573,0,0,0,20200602,6,0,1,0,重庆市
579,0,573,0,0,0,20200603,6,0,1,0,重庆市
579,0,573,0,0,0,20200604,6,0,1,0,重庆市
579,0,573,0,0,0,20200605,6,0,1,0,重庆市
579,0,573,0,0,0,20200606,6,0,1,0,重庆市
579,0,573,0,0,0,20200607,6,0,1,0,重庆市
579,0,573,0,0,0,20200608,6,0,1,0,重庆市
579,0,573,0,0,0,20200609,6,0,1,0,重庆市
579,0,573,0,0,0,20200610,6,0,1,0,重庆市
579,0,573,0,0,0,20200611,6,0,1,0,重庆市
579,0,573,0,0,0,20200612,6,0,1,0,重庆市
580,1,573,0,1,1,20200613,6,0,1,0,重庆市
582,2,573,0,3,2,20200614,6,0,1,0,重庆市
582,0,573,0,3,0,20200615,6,0,1,0,重庆市
582,0,573,0,3,0,20200616,6,0,1,0,重庆市
582,0,573,0,3,0,20200617,6,0,1,0,重庆市
582,0,573,0,3,0,20200618,6,0,1,0,重庆市
582,0,573,0,3,0,20200619,6,0,1,0,重庆市
582,0,573,0,3,0,20200620,6,0,1,0,重庆市
582,0,573,0,3,0,20200621,6,0,1,0,重庆市
582,0,573,0,3,0,20200622,6,0,1,0,重庆市
582,0,573,0,3,0,20200623,6,0,1,0,重庆市
582,0,573,0,3,0,20200624,6,0,1,0,重庆市
582,0,573,0,3,0,20200625,6,0,1,0,重庆市
582,0,573,0,3,0,20200626,6,0,1,0,重庆市
582,0,573,0,3,0,20200627,6,0,1,0,重庆市
582,0,573,0,3,0,20200628,6,0,1,0,重庆市
582,0,573,0,3,0,20200629,6,0,1,0,重庆市
582,0,573,0,3,0,20200630,6,0,1,0,重庆市
582,0,573,0,3,0,20200701,6,0,1,0,重庆市
582,0,574,1,2,-1,20200702,6,0,1,0,重庆市
582,0,574,0,2,0,20200703,6,0,1,0,重庆市
582,0,574,0,2,0,20200704,6,0,1,0,重庆市
582,0,574,0,2,0,20200705,6,0,1,0,重庆市
582,0,574,0,2,0,20200706,6,0,1,0,重庆市
582,0,574,0,2,0,20200707,6,0,1,0,重庆市
582,0,575,1,1,-1,20200708,6,0,1,0,重庆市
