﻿confirmedCount,confirmedIncr,curedCount,curedIncr,currentConfirmedCount,currentConfirmedIncr,dateId,deadCount,deadIncr,suspectedCount,suspectedCountIncr,provinceName
3,3,0,0,3,3,20200123,0,0,0,0,陕西省
5,2,0,0,5,2,20200124,0,0,0,0,陕西省
22,17,0,0,22,17,20200125,0,0,0,0,陕西省
35,13,0,0,35,13,20200126,0,0,0,0,陕西省
46,11,0,0,46,11,20200127,0,0,0,0,陕西省
56,10,0,0,56,10,20200128,0,0,0,0,陕西省
63,7,0,0,63,7,20200129,0,0,0,0,陕西省
87,24,0,0,87,24,20200130,0,0,0,0,陕西省
101,14,0,0,101,14,20200131,0,0,0,0,陕西省
116,15,0,0,116,15,20200201,0,0,0,0,陕西省
128,12,0,0,128,12,20200202,0,0,0,0,陕西省
142,14,0,0,142,14,20200203,0,0,0,0,陕西省
165,23,1,1,164,22,20200204,0,0,0,0,陕西省
173,8,2,1,171,7,20200205,0,0,0,0,陕西省
184,11,6,4,178,7,20200206,0,0,0,0,陕西省
195,11,11,5,184,6,20200207,0,0,0,0,陕西省
208,13,17,6,191,7,20200208,0,0,0,0,陕西省
213,5,20,3,193,2,20200209,0,0,0,0,陕西省
219,6,26,6,193,0,20200210,0,0,0,0,陕西省
225,6,31,5,194,1,20200211,0,0,0,0,陕西省
225,0,36,5,189,-5,20200212,0,0,0,0,陕西省
229,4,42,6,187,-2,20200213,0,0,0,0,陕西省
230,1,49,7,181,-6,20200214,0,0,0,0,陕西省
232,2,53,4,179,-2,20200215,0,0,0,0,陕西省
236,4,64,11,172,-7,20200216,0,0,0,0,陕西省
240,4,74,10,166,-6,20200217,0,0,0,0,陕西省
240,0,79,5,161,-5,20200218,0,0,0,0,陕西省
242,2,89,10,153,-8,20200219,0,0,0,0,陕西省
245,3,105,16,139,-14,20200220,1,1,0,0,陕西省
245,0,140,35,104,-35,20200221,1,0,0,0,陕西省
245,0,153,13,91,-13,20200222,1,0,0,0,陕西省
245,0,162,9,82,-9,20200223,1,0,0,0,陕西省
245,0,175,13,69,-13,20200224,1,0,0,0,陕西省
245,0,186,11,58,-11,20200225,1,0,0,0,陕西省
245,0,194,8,50,-8,20200226,1,0,0,0,陕西省
245,0,197,3,47,-3,20200227,1,0,0,0,陕西省
245,0,200,3,44,-3,20200228,1,0,0,0,陕西省
245,0,207,7,37,-7,20200229,1,0,0,0,陕西省
245,0,209,2,35,-2,20200301,1,0,0,0,陕西省
245,0,216,7,28,-7,20200302,1,0,0,0,陕西省
245,0,218,2,26,-2,20200303,1,0,0,0,陕西省
245,0,222,4,22,-4,20200304,1,0,0,0,陕西省
245,0,224,2,20,-2,20200305,1,0,0,0,陕西省
245,0,226,2,18,-2,20200306,1,0,0,0,陕西省
245,0,226,0,18,0,20200307,1,0,0,0,陕西省
245,0,227,1,17,-1,20200308,1,0,0,0,陕西省
245,0,227,0,17,0,20200309,1,0,0,0,陕西省
245,0,227,0,17,0,20200310,1,0,0,0,陕西省
245,0,232,5,11,-6,20200311,2,1,0,0,陕西省
245,0,232,0,11,0,20200312,2,0,0,0,陕西省
245,0,232,0,11,0,20200313,2,0,0,0,陕西省
245,0,232,0,11,0,20200314,2,0,0,0,陕西省
245,0,232,0,11,0,20200315,2,0,0,0,陕西省
246,1,233,1,10,-1,20200316,3,1,0,0,陕西省
246,0,236,3,7,-3,20200317,3,0,0,0,陕西省
246,0,237,1,6,-1,20200318,3,0,0,0,陕西省
247,1,237,0,7,1,20200319,3,0,0,0,陕西省
248,1,239,2,6,-1,20200320,3,0,0,0,陕西省
248,0,239,0,6,0,20200321,3,0,0,0,陕西省
248,0,239,0,6,0,20200322,3,0,0,0,陕西省
249,1,240,1,6,0,20200323,3,0,0,0,陕西省
250,1,240,0,7,1,20200324,3,0,1,1,陕西省
253,3,242,2,8,1,20200325,3,0,1,0,陕西省
253,0,242,0,8,0,20200326,3,0,1,0,陕西省
253,0,242,0,8,0,20200327,3,0,1,0,陕西省
253,0,242,0,8,0,20200328,3,0,1,0,陕西省
253,0,242,0,8,0,20200329,3,0,1,0,陕西省
253,0,242,0,8,0,20200330,3,0,1,0,陕西省
255,2,242,0,10,2,20200331,3,0,1,0,陕西省
255,0,242,0,10,0,20200401,3,0,1,0,陕西省
255,0,244,2,8,-2,20200402,3,0,0,-1,陕西省
256,1,245,1,8,0,20200403,3,0,0,0,陕西省
256,0,245,0,8,0,20200404,3,0,1,1,陕西省
256,0,246,1,7,-1,20200405,3,0,1,0,陕西省
256,0,246,0,7,0,20200406,3,0,1,0,陕西省
256,0,246,0,7,0,20200407,3,0,0,-1,陕西省
256,0,246,0,7,0,20200408,3,0,0,0,陕西省
256,0,246,0,7,0,20200409,3,0,1,1,陕西省
256,0,248,2,5,-2,20200410,3,0,1,0,陕西省
256,0,248,0,5,0,20200411,3,0,1,0,陕西省
256,0,248,0,5,0,20200412,3,0,1,0,陕西省
256,0,248,0,5,0,20200413,3,0,1,0,陕西省
256,0,251,3,2,-3,20200414,3,0,1,0,陕西省
256,0,251,0,2,0,20200415,3,0,1,0,陕西省
256,0,252,1,1,-1,20200416,3,0,1,0,陕西省
256,0,252,0,1,0,20200417,3,0,1,0,陕西省
256,0,252,0,1,0,20200418,3,0,1,0,陕西省
256,0,252,0,1,0,20200419,3,0,1,0,陕西省
256,0,253,1,0,-1,20200420,3,0,1,0,陕西省
277,21,253,0,21,21,20200421,3,0,1,0,陕西省
279,2,253,0,23,2,20200422,3,0,1,0,陕西省
279,0,253,0,23,0,20200423,3,0,1,0,陕西省
286,7,253,0,30,7,20200424,3,0,1,0,陕西省
286,0,253,0,30,0,20200425,3,0,1,0,陕西省
286,0,253,0,30,0,20200426,3,0,1,0,陕西省
286,0,253,0,30,0,20200427,3,0,1,0,陕西省
306,20,253,0,50,20,20200428,3,0,1,0,陕西省
306,0,253,0,50,0,20200429,3,0,1,0,陕西省
306,0,254,1,49,-1,20200430,3,0,1,0,陕西省
306,0,254,0,49,0,20200501,3,0,1,0,陕西省
306,0,260,6,43,-6,20200502,3,0,1,0,陕西省
306,0,263,3,40,-3,20200503,3,0,1,0,陕西省
306,0,263,0,40,0,20200504,3,0,1,0,陕西省
308,2,264,1,41,1,20200505,3,0,1,0,陕西省
308,0,266,2,39,-2,20200506,3,0,1,0,陕西省
308,0,268,2,37,-2,20200507,3,0,1,0,陕西省
308,0,292,24,13,-24,20200508,3,0,1,0,陕西省
308,0,293,1,12,-1,20200509,3,0,1,0,陕西省
308,0,294,1,11,-1,20200510,3,0,1,0,陕西省
308,0,296,2,9,-2,20200511,3,0,1,0,陕西省
308,0,297,1,8,-1,20200512,3,0,1,0,陕西省
308,0,297,0,8,0,20200513,3,0,1,0,陕西省
308,0,300,3,5,-3,20200514,3,0,1,0,陕西省
308,0,301,1,4,-1,20200515,3,0,1,0,陕西省
308,0,301,0,4,0,20200516,3,0,1,0,陕西省
308,0,301,0,4,0,20200517,3,0,1,0,陕西省
308,0,303,2,2,-2,20200518,3,0,1,0,陕西省
308,0,303,0,2,0,20200519,3,0,1,0,陕西省
308,0,303,0,2,0,20200520,3,0,1,0,陕西省
308,0,303,0,2,0,20200521,3,0,1,0,陕西省
308,0,304,1,1,-1,20200522,3,0,1,0,陕西省
308,0,305,1,0,-1,20200523,3,0,1,0,陕西省
308,0,305,0,0,0,20200524,3,0,1,0,陕西省
308,0,305,0,0,0,20200525,3,0,1,0,陕西省
308,0,305,0,0,0,20200526,3,0,1,0,陕西省
308,0,305,0,0,0,20200527,3,0,1,0,陕西省
308,0,305,0,0,0,20200528,3,0,1,0,陕西省
308,0,305,0,0,0,20200529,3,0,1,0,陕西省
308,0,305,0,0,0,20200530,3,0,1,0,陕西省
308,0,305,0,0,0,20200531,3,0,1,0,陕西省
309,1,305,0,1,1,20200601,3,0,1,0,陕西省
309,0,305,0,1,0,20200602,3,0,1,0,陕西省
309,0,305,0,1,0,20200603,3,0,1,0,陕西省
309,0,305,0,1,0,20200604,3,0,1,0,陕西省
309,0,305,0,1,0,20200605,3,0,1,0,陕西省
311,2,305,0,3,2,20200606,3,0,1,0,陕西省
311,0,305,0,3,0,20200607,3,0,1,0,陕西省
311,0,305,0,3,0,20200608,3,0,1,0,陕西省
311,0,305,0,3,0,20200609,3,0,1,0,陕西省
311,0,306,1,2,-1,20200610,3,0,1,0,陕西省
311,0,306,0,2,0,20200611,3,0,1,0,陕西省
311,0,306,0,2,0,20200612,3,0,1,0,陕西省
311,0,306,0,2,0,20200613,3,0,1,0,陕西省
313,2,306,0,4,2,20200614,3,0,1,0,陕西省
313,0,306,0,4,0,20200615,3,0,1,0,陕西省
313,0,306,0,4,0,20200616,3,0,1,0,陕西省
314,1,306,0,5,1,20200617,3,0,1,0,陕西省
314,0,306,0,5,0,20200618,3,0,1,0,陕西省
314,0,306,0,5,0,20200619,3,0,1,0,陕西省
314,0,306,0,5,0,20200620,3,0,1,0,陕西省
317,3,306,0,8,3,20200621,3,0,1,0,陕西省
317,0,307,1,7,-1,20200622,3,0,1,0,陕西省
318,1,307,0,8,1,20200623,3,0,1,0,陕西省
319,1,307,0,9,1,20200624,3,0,1,0,陕西省
319,0,307,0,9,0,20200625,3,0,1,0,陕西省
319,0,307,0,9,0,20200626,3,0,1,0,陕西省
320,1,307,0,10,1,20200627,3,0,1,0,陕西省
320,0,307,0,10,0,20200628,3,0,1,0,陕西省
320,0,308,1,9,-1,20200629,3,0,1,0,陕西省
320,0,308,0,9,0,20200630,3,0,1,0,陕西省
320,0,310,2,7,-2,20200701,3,0,1,0,陕西省
320,0,310,0,7,0,20200702,3,0,1,0,陕西省
320,0,310,0,7,0,20200703,3,0,1,0,陕西省
320,0,311,1,6,-1,20200704,3,0,1,0,陕西省
321,1,313,2,5,-1,20200705,3,0,1,0,陕西省
321,0,313,0,5,0,20200706,3,0,1,0,陕西省
321,0,313,0,5,0,20200707,3,0,1,0,陕西省
321,0,314,1,4,-1,20200708,3,0,1,0,陕西省
